Car -1.0 -1 -1.4 421 450 633 585 1.82 1.95 4.72 -4.46 0.77 19.46 -1.62 1.00
Car -1.0 -1 -0.99 62 471 350 632 1.72 1.91 4.55 -7.58 1.0 15.87 -1.43 1.00
Car -1.0 -1 -1.32 231 450 655 728 1.62 1.87 4.43 -2.58 0.82 9.65 -1.58 1.00
Car -1.0 -1 1.22 1044 101 1600 785 2.27 2.13 5.46 2.87 0.03 6.93 1.61 1.00
Car -1.0 -1 -1.11 0 481 410 726 1.66 1.85 4.35 -5.23 1.03 10.82 -1.56 1.00
Car -1.0 -1 0.92 874 444 1017 545 1.69 1.57 3.8 2.98 1.41 32.76 1.01 1.00
Car -1.0 -1 -0.94 0 482 202 731 1.61 1.88 4.57 -7.3 1.02 10.55 -1.54 1.00
Car -1.0 -1 0.77 1126 438 1739 786 1.54 1.75 4.46 4.7 1.69 10.97 1.17 1.00
Car -1.0 -1 1.01 974 452 1214 618 1.52 1.52 4.19 3.89 1.59 19.02 1.21 1.00
Car -1.0 -1 2.42 99 442 511 672 1.54 1.69 4.09 -5.64 1.57 14.3 2.04 1.00
Car -1.0 -1 -2.04 525 434 864 739 1.53 1.64 3.65 -1.14 1.53 10.7 -2.15 1.00
