Car -1.0 -1 -0.18 539 472 770 550 1.58 1.9 4.52 -3.45 0.42 27.21 -0.3 1.00
Car -1.0 -1 -0.38 460 464 721 574 1.42 1.54 4.04 -4.69 1.2 26.01 -0.56 1.00
Car -1.0 -1 0.42 103 457 526 598 1.58 1.89 4.39 -5.93 0.44 15.43 0.05 1.00
Car -1.0 -1 -3.45 1344 457 1600 596 1.58 1.87 4.4 9.08 0.43 15.71 -2.93 1.00
Car -1.0 -1 -3.52 1530 449 1600 670 1.64 1.87 4.42 8.71 0.55 10.96 -2.85 1.00
Car -1.0 -1 3.97 0 374 64 862 1.68 1.91 4.56 -6.08 0.46 5.43 3.13 1.00
Car -1.0 -1 0.52 0 428 387 644 1.56 1.88 4.49 -6.06 0.34 10.28 -0.01 1.00
Car -1.0 -1 3.79 0 444 219 733 1.55 1.83 4.31 -6.3 0.54 7.86 3.12 1.00
Car -1.0 -1 -2.71 1387 464 1757 610 1.53 1.62 3.78 12.3 1.43 20.84 -2.18 1.00
Car -1.0 -1 2.05 1085 471 1210 564 1.46 1.71 4.1 8.41 1.32 32.52 2.31 1.00
