Car -1.0 -1 -1.36 830 448 921 533 1.5 1.65 4.48 1.46 1.26 36.8 -1.32 1.00
Car -1.0 -1 -0.82 1059 463 1223 566 1.35 1.43 3.91 6.7 1.55 27.12 -0.58 1.00
Car -1.0 -1 -2.4 521 460 653 547 1.6 1.66 4.02 -7.03 1.7 37.42 -2.58 1.00
Car -1.0 -1 1.87 712 441 791 507 1.51 1.72 4.03 -2.64 0.87 45.41 1.81 1.00
Car -1.0 -1 -2.43 1563 394 1600 900 1.51 1.85 4.47 5.03 0.73 4.86 -1.62 1.00
Car -1.0 -1 -1.77 779 455 884 550 1.44 1.61 4.24 0.13 1.44 30.64 -1.76 1.00
Car -1.0 -1 2.45 79 479 333 620 1.52 1.61 3.59 -10.83 2.1 22.47 2.0 1.00
Car -1.0 -1 -0.69 1134 437 1411 603 1.44 1.6 3.93 6.06 1.3 17.61 -0.36 1.00
Car -1.0 -1 0.46 1289 452 1742 694 1.47 1.55 3.46 6.79 1.63 12.89 0.94 1.00
Car -1.0 -1 2.28 209 464 445 606 1.61 1.64 4.3 -9.28 1.92 23.93 1.91 1.00
