Car -1.0 -1 2.2 0 487 156 715 1.83 1.95 4.64 -8.89 1.19 12.49 1.58 1.00
Car -1.0 -1 2.35 1024 451 1181 551 1.45 1.44 4.27 6.42 1.37 29.84 2.56 1.00
Car -1.0 -1 -2.45 1598 357 1600 900 1.53 1.84 4.47 5.19 0.67 4.8 -1.63 1.00
Car -1.0 -1 1.89 686 442 778 523 1.53 1.7 3.92 -2.86 1.1 38.62 1.81 1.00
Car -1.0 -1 0.02 1128 452 1369 596 1.39 1.47 3.8 6.83 1.45 20.67 0.34 1.00
Car -1.0 -1 -0.86 281 478 464 586 1.51 1.61 4.23 -10.41 2.09 29.08 -1.2 1.00
Car -1.0 -1 2.73 9 465 349 642 1.55 1.55 3.81 -9.25 1.87 18.49 2.27 1.00
Car -1.0 -1 -2.48 1246 420 1760 691 1.52 1.57 4.05 6.06 1.37 11.89 -2.01 1.00
Car -1.0 -1 0.83 470 453 617 563 1.71 1.64 3.87 -6.84 1.72 30.88 0.61 1.00
Car -1.0 -1 -1.77 772 460 889 564 1.42 1.66 4.13 0.1 1.56 27.89 -1.77 1.00
