Car -1.0 -1 -1.26 113 467 448 637 1.89 1.98 4.72 -6.83 1.05 16.39 -1.66 1.00
Car -1.0 -1 -1.21 0 492 337 636 1.64 1.88 4.47 -8.5 1.2 16.57 -1.68 1.00
Car -1.0 -1 2.25 0 473 123 777 1.96 1.98 4.9 -8.34 1.14 10.64 1.58 1.00
Car -1.0 -1 0.97 1388 397 1600 791 1.73 1.91 4.62 5.57 0.67 7.89 1.58 1.00
Car -1.0 -1 2.22 534 482 641 546 1.37 1.65 3.83 -8.37 2.19 44.55 2.03 1.00
Car -1.0 -1 -1.34 828 463 900 533 1.46 1.56 3.69 1.29 1.63 42.65 -1.31 1.00
Car -1.0 -1 0.93 1102 427 1303 569 1.68 1.56 3.83 6.84 1.26 23.26 1.22 1.00
Car -1.0 -1 1.03 646 473 748 551 1.49 1.69 3.79 -3.95 2.0 39.07 0.93 1.00
Car -1.0 -1 2.36 0 436 574 779 1.59 1.64 4.14 -4.02 1.65 10.44 2.0 1.00
Car -1.0 -1 0.76 1195 433 1543 625 1.48 1.58 3.96 6.62 1.33 15.83 1.15 1.00
