Car -1.0 -1 -1.94 1055 473 1178 566 1.61 1.9 4.5 5.65 0.52 24.31 -1.71 1.00
Car -1.0 -1 0.51 0 470 378 601 1.56 1.88 4.36 -8.12 0.55 16.24 0.05 1.00
Car -1.0 -1 0.37 301 467 544 551 1.64 1.93 4.47 -8.05 0.37 26.23 0.07 1.00
Car -1.0 -1 -2.17 0 424 13 820 1.62 1.9 4.39 -6.94 0.57 6.46 -2.99 1.00
Car -1.0 -1 -2.41 0 433 253 638 1.64 1.89 4.37 -7.66 0.39 11.39 -3.0 1.00
Car -1.0 -1 0.73 0 439 104 698 1.59 1.88 4.46 -7.76 0.5 8.86 0.01 1.00
Car -1.0 -1 -3.48 1350 491 1600 684 1.56 1.85 4.37 7.43 0.82 11.67 -2.91 1.00
Car -1.0 -1 -2.72 1006 479 1280 579 1.47 1.64 3.96 7.49 1.58 29.23 -2.47 1.00
Car -1.0 -1 -3.59 1542 471 1600 738 1.59 1.85 4.39 7.7 0.71 8.98 -2.89 1.00
Car -1.0 -1 1.26 838 479 926 553 1.41 1.68 3.81 1.99 1.42 39.68 1.31 1.00
Car -1.0 -1 -0.42 105 440 414 577 1.53 1.61 3.79 -9.74 1.01 22.2 -0.84 1.00
Car -1.0 -1 0.46 1363 479 1814 674 1.48 1.65 3.59 9.73 1.71 16.07 1.01 1.00
Car -1.0 -1 -2.73 1114 465 1552 615 1.51 1.56 3.88 7.94 1.45 19.8 -2.35 1.00
