Car -1.00 -1 0.15 829 463 1036 537 1.69 1.95 4.57 2.77 0.22 30.48 0.25 0.52
Car -1.00 -1 -3.17 806 461 994 531 1.66 1.94 4.52 2.03 0.12 31.66 -3.10 0.29
Car -1.00 -1 -0.02 812 463 992 530 1.65 1.94 4.47 2.17 0.14 32.90 0.04 0.27
Car -1.00 -1 1.62 841 461 943 529 1.65 1.92 4.51 1.90 0.14 33.16 1.68 0.24
Car -1.00 -1 -1.53 820 464 896 521 1.68 1.92 4.56 1.23 0.07 39.67 -1.50 0.23
Car -1.00 -1 0.48 836 462 1027 533 1.68 1.95 4.57 2.95 0.20 32.01 0.58 0.21
Car -1.00 -1 1.43 890 464 972 534 1.67 1.93 4.54 2.89 0.23 32.79 1.52 0.20
Car -1.00 -1 1.62 804 462 877 519 1.73 1.96 4.65 0.73 0.02 40.89 1.64 0.19
Car -1.00 -1 2.63 1364 469 1600 569 1.65 1.94 4.49 12.27 0.48 22.19 3.13 0.18
Car -1.00 -1 -1.77 1032 459 1128 520 1.71 1.95 4.56 7.90 -0.02 38.40 -1.57 0.17
Car -1.00 -1 2.88 1003 463 1162 520 1.66 1.94 4.47 7.99 0.01 38.31 3.08 0.17
Car -1.00 -1 -1.31 405 442 573 545 1.64 1.89 4.41 -5.68 0.07 22.54 -1.56 0.17
Car -1.00 -1 1.09 1398 468 1600 576 1.65 1.93 4.47 12.06 0.51 21.82 1.60 0.16
Car -1.00 -1 -1.58 809 462 878 521 1.67 1.92 4.58 0.77 0.05 38.35 -1.56 0.16
Car -1.00 -1 0.16 817 469 1025 542 1.58 1.89 4.37 2.36 0.34 28.96 0.24 0.15
Car -1.00 -1 -1.64 812 462 891 530 1.68 1.96 4.60 0.98 0.16 33.73 -1.61 0.15
