Car -1.00 -1 -1.67 927 475 1032 548 1.65 1.88 4.50 3.91 0.50 31.02 -1.55 0.66
Car -1.00 -1 -0.26 1080 478 1256 538 1.64 1.93 4.48 9.95 0.47 36.09 0.01 0.46
Car -1.00 -1 -0.45 1278 478 1470 543 1.73 1.95 4.54 15.61 0.53 35.59 -0.04 0.45
Car -1.00 -1 1.28 1100 480 1201 541 1.68 1.90 4.52 9.68 0.56 37.04 1.54 0.42
Car -1.00 -1 -0.42 1258 479 1438 539 1.70 1.95 4.52 15.76 0.52 37.70 -0.02 0.38
Car -1.00 -1 -2.42 1092 473 1213 536 1.68 1.96 4.57 9.71 0.41 36.32 -2.16 0.35
Car -1.00 -1 2.38 1182 476 1360 539 1.68 1.94 4.58 12.84 0.44 35.76 2.73 0.35
Car -1.00 -1 2.78 1131 476 1312 537 1.63 1.93 4.54 11.35 0.43 35.73 3.09 0.34
Car -1.00 -1 1.48 1263 477 1418 537 1.69 1.93 4.49 15.77 0.48 38.38 1.87 0.32
Car -1.00 -1 1.44 936 470 1051 551 1.71 1.92 4.72 3.96 0.44 29.07 1.58 0.32
Car -1.00 -1 1.43 952 469 1085 558 1.60 1.88 4.46 3.92 0.45 25.31 1.59 0.28
Car -1.00 -1 2.68 1242 479 1413 536 1.68 1.94 4.49 15.55 0.48 38.73 3.06 0.28
