Car -1.00 -1 1.66 590 485 724 575 1.60 1.87 4.48 -3.23 1.19 24.72 1.53 0.72
Car -1.00 -1 -3.65 1392 484 1600 564 1.56 1.90 4.43 14.45 1.13 26.11 -3.14 0.60
Car -1.00 -1 -3.76 1597 479 1600 588 1.58 1.88 4.34 14.77 0.99 19.51 -3.11 0.60
Car -1.00 -1 -3.75 1539 479 1600 580 1.58 1.88 4.37 14.72 1.00 21.04 -3.14 0.59
Car -1.00 -1 -3.63 1370 471 1600 555 1.74 1.96 4.58 14.56 0.95 27.24 -3.14 0.57
Car -1.00 -1 2.46 1458 487 1600 575 1.56 1.89 4.39 14.69 1.17 23.79 3.01 0.54
Car -1.00 -1 2.53 1496 485 1600 577 1.56 1.87 4.32 14.72 1.10 22.50 3.11 0.51
Car -1.00 -1 2.59 1426 484 1600 568 1.57 1.89 4.37 14.66 1.13 25.08 3.12 0.50
Car -1.00 -1 2.65 1343 466 1600 555 1.89 2.05 4.87 14.60 0.94 28.44 3.12 0.50
Car -1.00 -1 -0.51 1277 479 1475 543 1.64 1.93 4.47 14.69 1.13 33.73 -0.10 0.49
