Car -1.00 -1 2.59 1369 481 1600 606 1.57 1.86 4.37 9.98 0.99 17.03 3.12 0.78
Car -1.00 -1 2.67 1291 469 1600 581 1.64 1.93 4.47 9.98 0.88 19.87 3.14 0.72
Car -1.00 -1 2.75 1202 463 1464 549 1.62 1.90 4.43 10.01 0.74 25.04 3.13 0.70
Car -1.00 -1 2.71 1257 477 1563 575 1.61 1.92 4.41 10.09 0.98 21.91 3.14 0.67
Car -1.00 -1 -3.51 1240 469 1520 559 1.57 1.88 4.35 10.20 0.83 23.31 -3.10 0.65
Car -1.00 -1 2.52 1488 486 1600 634 1.55 1.86 4.31 10.30 1.02 14.45 3.13 0.64
Car -1.00 -1 1.15 1297 472 1526 575 1.65 1.90 4.47 10.23 0.98 22.34 1.58 0.60
Car -1.00 -1 -3.48 1166 472 1377 544 1.64 1.92 4.43 10.76 0.95 30.54 -3.14 0.48
Car -1.00 -1 -3.35 1192 469 1442 552 1.66 1.94 4.49 10.26 0.87 26.36 -2.98 0.45
Car -1.00 -1 -3.37 1177 473 1415 552 1.65 1.93 4.49 10.28 0.95 27.60 -3.01 0.42
Car -1.00 -1 -3.49 1178 474 1396 547 1.61 1.90 4.36 10.73 0.97 29.42 -3.14 0.41
Car -1.00 -1 -2.00 1220 470 1372 553 1.67 1.92 4.49 10.14 0.95 27.46 -1.65 0.40
Car -1.00 -1 2.64 1340 471 1600 577 1.62 1.94 4.50 11.10 0.90 20.58 3.14 0.38
