Car -1.00 -1 -0.46 720 420 1057 542 1.63 1.90 4.55 1.50 0.57 18.48 -0.37 0.70
Car -1.00 -1 -0.23 901 433 1155 524 1.63 1.91 4.47 4.45 0.74 23.86 -0.04 0.41
Car -1.00 -1 -0.10 796 421 1088 531 1.67 1.93 4.44 2.41 0.60 20.41 0.02 0.38
Car -1.00 -1 1.32 987 431 1126 527 1.64 1.89 4.45 5.03 0.73 24.08 1.52 0.38
Car -1.00 -1 0.04 829 430 1117 536 1.68 1.91 4.43 3.08 0.73 21.31 0.19 0.37
Car -1.00 -1 1.27 883 432 1009 543 1.64 1.88 4.40 2.76 0.76 21.21 1.40 0.37
Car -1.00 -1 2.97 858 433 1114 528 1.65 1.91 4.42 3.56 0.75 23.22 3.12 0.36
Car -1.00 -1 -0.62 980 432 1182 506 1.71 1.94 4.60 7.26 0.72 31.14 -0.39 0.35
Car -1.00 -1 0.09 1147 442 1288 492 1.68 1.94 4.52 14.97 0.99 43.91 0.41 0.34
Car -1.00 -1 -1.94 1158 438 1248 489 1.68 1.91 4.51 14.56 0.87 44.42 -1.62 0.34
Car -1.00 -1 -2.26 900 436 1084 536 1.67 1.92 4.47 3.92 0.82 23.49 -2.09 0.33
Car -1.00 -1 -1.74 911 433 1050 537 1.67 1.91 4.46 3.36 0.78 22.65 -1.60 0.32
Car -1.00 -1 1.32 1023 426 1142 506 1.82 1.98 4.71 7.30 0.67 31.63 1.54 0.31
