Car -1.00 -1 0.79 0 395 103 794 1.55 1.85 4.38 -5.91 0.63 5.93 0.00 0.85
Car -1.00 -1 3.60 0 372 394 578 1.69 1.90 4.53 -6.17 0.31 11.56 3.11 0.82
Car -1.00 -1 -2.44 0 377 212 690 1.64 1.89 4.34 -6.11 0.52 7.68 -3.11 0.80
Car -1.00 -1 3.72 0 355 284 634 1.68 1.91 4.55 -6.15 0.35 8.77 3.11 0.80
Car -1.00 -1 -2.70 0 395 445 563 1.66 1.88 4.31 -6.11 0.42 13.68 -3.12 0.76
Car -1.00 -1 0.29 203 418 533 530 1.61 1.89 4.46 -6.38 0.53 19.62 -0.02 0.66
Car -1.00 -1 -2.85 246 411 550 521 1.68 1.88 4.37 -6.23 0.45 20.62 -3.14 0.64
Car -1.00 -1 3.41 275 418 562 520 1.68 1.92 4.44 -6.35 0.52 22.14 3.13 0.60
Car -1.00 -1 -2.89 373 414 614 502 1.66 1.90 4.39 -5.75 0.39 25.20 -3.12 0.60
Car -1.00 -1 2.42 0 362 231 607 1.74 1.96 4.69 -6.34 0.35 11.53 1.91 0.60
Car -1.00 -1 -2.85 339 412 599 508 1.72 1.93 4.48 -5.92 0.41 23.97 -3.09 0.52
Car -1.00 -1 -2.74 24 408 472 559 1.61 1.88 4.38 -6.08 0.51 14.67 -3.13 0.46
