Car -1.00 -1 -3.41 1284 469 1571 563 1.63 1.92 4.46 11.18 0.47 23.28 -2.96 0.71
Car -1.00 -1 -0.15 1013 472 1291 568 1.60 1.90 4.41 5.92 0.51 22.62 0.11 0.61
Car -1.00 -1 -3.45 1266 465 1542 556 1.65 1.94 4.48 11.27 0.37 24.45 -3.01 0.58
Car -1.00 -1 1.94 41 403 542 720 1.81 1.93 4.66 -3.53 0.45 9.63 1.59 0.57
Car -1.00 -1 -3.53 1240 469 1497 553 1.63 1.91 4.44 11.28 0.41 26.07 -3.12 0.55
Car -1.00 -1 -0.14 1004 471 1265 562 1.63 1.90 4.39 5.96 0.47 23.99 0.10 0.55
Car -1.00 -1 -0.23 992 471 1240 558 1.63 1.92 4.49 5.91 0.46 25.35 -0.00 0.50
Car -1.00 -1 -3.13 1095 473 1372 569 1.60 1.90 4.49 7.49 0.53 22.79 -2.82 0.45
Car -1.00 -1 1.19 1257 466 1439 554 1.68 1.92 4.49 11.01 0.39 26.61 1.58 0.45
Car -1.00 -1 1.34 1029 465 1169 555 1.67 1.91 4.45 5.63 0.38 25.75 1.56 0.44
Car -1.00 -1 -0.57 1554 472 1600 538 1.67 1.94 4.50 22.38 0.36 33.58 0.02 0.41
