Car -1.00 -1 -2.58 0 469 269 609 1.63 1.88 4.36 -9.69 0.87 15.89 -3.13 0.85
Car -1.00 -1 3.75 0 479 148 642 1.58 1.88 4.44 -10.00 0.96 13.41 3.11 0.83
Car -1.00 -1 -2.65 0 473 347 598 1.68 1.91 4.41 -9.57 0.96 18.24 -3.13 0.82
Car -1.00 -1 3.85 0 486 41 696 1.59 1.87 4.43 -9.51 0.99 10.69 3.12 0.82
Car -1.00 -1 -2.54 0 477 209 631 1.60 1.88 4.35 -9.72 0.94 14.34 -3.13 0.81
Car -1.00 -1 -2.70 102 482 405 579 1.57 1.88 4.36 -9.81 1.05 21.71 -3.13 0.76
Car -1.00 -1 -2.73 173 481 443 572 1.64 1.89 4.35 -9.78 1.08 23.90 -3.12 0.70
Car -1.00 -1 3.57 61 479 386 585 1.63 1.92 4.40 -9.81 1.02 20.65 3.13 0.69
Car -1.00 -1 3.46 262 486 501 566 1.62 1.90 4.44 -9.48 1.22 26.95 3.13 0.59
Car -1.00 -1 2.13 130 479 337 586 1.63 1.89 4.47 -10.02 1.08 21.57 1.69 0.57
Car -1.00 -1 2.21 0 478 94 670 1.68 1.91 4.57 -10.13 1.04 13.36 1.57 0.47
Car -1.00 -1 -1.26 203 475 418 574 1.69 1.93 4.52 -9.64 1.07 23.85 -1.65 0.43
Car -1.00 -1 -2.82 299 462 542 551 1.87 2.03 4.74 -8.91 0.83 27.80 -3.13 0.42
Car -1.00 -1 3.49 216 472 475 559 1.67 1.94 4.51 -9.74 0.95 25.63 3.13 0.39
