Car -1.00 -1 -0.38 1284 482 1437 532 1.67 1.95 4.52 18.95 0.54 44.23 0.03 0.39
Car -1.00 -1 -1.83 1298 483 1424 535 1.71 1.94 4.55 18.92 0.63 44.23 -1.43 0.33
Car -1.00 -1 -3.56 1364 497 1574 564 1.63 1.93 4.42 16.67 1.00 32.47 -3.09 0.27
Car -1.00 -1 1.47 1374 495 1576 563 1.62 1.90 4.42 16.71 0.93 32.38 1.95 0.22
Car -1.00 -1 0.60 20 458 215 520 1.70 1.95 4.48 -19.95 -0.05 36.33 0.10 0.22
Car -1.00 -1 2.02 22 455 184 517 1.69 1.94 4.50 -20.57 -0.10 36.77 1.51 0.22
Car -1.00 -1 -2.02 1276 483 1376 535 1.74 1.95 4.62 17.96 0.64 44.89 -1.64 0.20
Car -1.00 -1 2.53 13 446 112 509 1.67 1.94 4.50 -21.82 -0.34 36.82 1.99 0.20
Car -1.00 -1 0.38 51 469 246 530 1.65 1.94 4.52 -18.76 0.22 35.69 -0.10 0.20
Car -1.00 -1 2.47 1282 486 1430 536 1.62 1.91 4.44 18.34 0.66 43.26 2.87 0.20
