Car -1.00 -1 -3.06 1066 462 1209 512 1.67 1.95 4.52 11.28 -0.11 44.51 -2.81 0.20
Car -1.00 -1 2.87 1081 461 1229 511 1.63 1.93 4.45 11.32 -0.16 42.48 3.13 0.17
Car -1.00 -1 -1.90 1103 463 1182 513 1.65 1.94 4.54 11.42 -0.09 44.64 -1.65 0.17
Car -1.00 -1 -1.47 483 450 576 501 1.72 1.94 4.45 -10.52 -0.54 46.77 -1.69 0.16
Car -1.00 -1 1.65 560 463 641 510 1.67 1.92 4.52 -8.16 -0.14 48.21 1.48 0.16
Car -1.00 -1 -0.49 1498 424 1600 492 1.77 1.98 4.59 21.99 -0.91 35.61 0.06 0.15
Car -1.00 -1 1.27 1063 463 1137 513 1.68 1.93 4.53 10.06 -0.07 45.20 1.49 0.14
Car -1.00 -1 0.34 461 448 592 497 1.69 1.95 4.49 -10.62 -0.69 46.71 0.12 0.14
Car -1.00 -1 1.71 512 456 594 505 1.70 1.92 4.48 -9.91 -0.38 48.02 1.51 0.13
Car -1.00 -1 -0.50 1120 463 1268 515 1.65 1.95 4.52 12.38 -0.07 41.74 -0.21 0.13
Car -1.00 -1 -1.76 1024 466 1102 515 1.67 1.93 4.52 8.92 -0.00 46.11 -1.57 0.13
