Car -1.00 -1 -0.78 1346 343 1600 900 1.56 1.84 4.34 4.38 0.57 4.08 0.04 0.82
Car -1.00 -1 0.58 0 382 223 632 1.72 1.92 4.53 -7.10 0.48 9.86 -0.04 0.73
Car -1.00 -1 3.84 0 385 95 663 1.73 1.90 4.40 -7.64 0.55 8.97 3.14 0.67
Car -1.00 -1 0.52 0 385 309 562 1.65 1.89 4.39 -7.47 0.35 13.00 0.00 0.67
Car -1.00 -1 -0.58 1121 308 1600 693 1.70 1.93 4.56 4.30 0.29 6.66 -0.01 0.65
Car -1.00 -1 2.78 950 387 1600 619 1.59 1.88 4.36 3.55 0.46 9.75 3.13 0.64
Car -1.00 -1 -0.64 1193 309 1600 801 1.76 1.93 4.44 4.33 0.44 5.54 0.02 0.63
Car -1.00 -1 0.39 60 398 430 519 1.62 1.91 4.48 -7.65 0.29 18.15 -0.01 0.63
Car -1.00 -1 0.46 0 383 390 545 1.75 1.92 4.53 -7.24 0.29 14.87 0.00 0.62
Car -1.00 -1 -1.94 1070 361 1550 642 1.65 1.87 4.44 3.60 0.39 9.69 -1.58 0.61
Car -1.00 -1 0.53 0 387 198 600 1.66 1.91 4.44 -7.81 0.44 11.05 -0.09 0.57
