Car -1.00 -1 -0.76 1338 350 1600 900 1.56 1.84 4.34 4.35 0.59 4.09 0.05 0.82
Car -1.00 -1 0.53 0 377 295 554 1.64 1.89 4.38 -7.59 0.27 12.90 -0.00 0.73
Car -1.00 -1 0.56 0 377 184 622 1.64 1.89 4.48 -7.29 0.41 9.67 -0.09 0.70
Car -1.00 -1 0.48 0 386 350 541 1.66 1.90 4.44 -7.65 0.29 14.73 -0.00 0.68
Car -1.00 -1 -0.58 1119 315 1600 698 1.70 1.93 4.55 4.29 0.32 6.69 -0.01 0.67
Car -1.00 -1 -0.36 954 381 1600 611 1.58 1.88 4.40 3.62 0.42 9.80 -0.01 0.67
Car -1.00 -1 0.40 61 394 430 516 1.63 1.91 4.47 -7.66 0.24 18.19 0.00 0.66
Car -1.00 -1 3.87 0 369 62 661 1.70 1.91 4.44 -7.61 0.46 8.42 3.14 0.65
Car -1.00 -1 2.13 0 37 455 900 1.82 1.93 4.68 -2.70 0.50 3.72 1.51 0.64
Car -1.00 -1 -0.64 1189 315 1600 808 1.77 1.93 4.46 4.31 0.46 5.56 0.02 0.64
Car -1.00 -1 0.62 0 381 212 587 1.65 1.90 4.41 -7.76 0.39 11.25 0.02 0.63
Car -1.00 -1 1.54 1016 367 1600 648 1.60 1.87 4.39 3.67 0.42 9.55 1.91 0.61
