Car -1.00 -1 -1.65 909 481 1066 584 1.55 1.84 4.45 2.77 0.67 21.48 -1.52 0.79
Car -1.00 -1 2.86 1072 455 1237 513 1.67 1.94 4.49 10.21 -0.20 38.44 3.12 0.28
Car -1.00 -1 -0.24 1082 452 1242 508 1.67 1.93 4.47 10.83 -0.34 39.87 0.02 0.26
Car -1.00 -1 1.31 1058 451 1136 504 1.74 1.94 4.58 9.83 -0.45 44.66 1.52 0.24
Car -1.00 -1 1.36 1035 469 1138 533 1.67 1.92 4.55 7.48 0.28 35.49 1.57 0.23
Car -1.00 -1 -1.73 915 473 1043 576 1.70 1.93 4.64 2.88 0.59 23.36 -1.61 0.22
Car -1.00 -1 -3.14 1015 450 1160 502 1.73 1.96 4.55 9.48 -0.52 44.41 -2.93 0.22
Car -1.00 -1 -3.40 1087 446 1244 502 1.71 1.95 4.51 11.21 -0.55 40.84 -3.13 0.20
Car -1.00 -1 2.79 1071 458 1240 519 1.70 1.95 4.52 9.90 -0.07 37.28 3.04 0.20
Car -1.00 -1 -2.64 1013 468 1167 530 1.67 1.96 4.54 7.85 0.24 36.11 -2.42 0.19
Car -1.00 -1 2.92 1010 464 1173 521 1.66 1.96 4.57 8.35 0.05 38.71 3.13 0.19
Car -1.00 -1 2.92 1001 470 1167 528 1.66 1.96 4.53 7.89 0.23 37.64 3.13 0.18
Car -1.00 -1 -0.22 1050 448 1198 501 1.70 1.95 4.50 10.29 -0.55 42.55 0.02 0.18
