Car -1.00 -1 -0.77 1333 349 1600 900 1.56 1.84 4.34 4.33 0.59 4.08 0.05 0.83
Car -1.00 -1 0.58 0 385 223 632 1.70 1.91 4.53 -7.09 0.50 9.85 -0.05 0.75
Car -1.00 -1 0.53 0 380 297 556 1.64 1.88 4.36 -7.57 0.29 12.92 0.00 0.71
Car -1.00 -1 0.62 0 371 210 593 1.69 1.91 4.44 -7.56 0.35 10.71 0.01 0.69
Car -1.00 -1 -0.57 1117 311 1600 695 1.70 1.93 4.56 4.29 0.30 6.69 -0.00 0.67
Car -1.00 -1 -0.38 956 383 1600 612 1.57 1.88 4.40 3.62 0.42 9.81 -0.03 0.67
Car -1.00 -1 0.47 0 387 352 542 1.65 1.90 4.42 -7.61 0.30 14.70 -0.01 0.65
Car -1.00 -1 -1.97 1086 359 1553 635 1.63 1.86 4.40 3.69 0.37 9.72 -1.61 0.64
Car -1.00 -1 -2.41 0 396 87 666 1.71 1.90 4.43 -7.76 0.61 9.04 -3.12 0.63
Car -1.00 -1 -0.63 1183 312 1600 797 1.77 1.93 4.46 4.31 0.45 5.63 0.02 0.63
Car -1.00 -1 0.63 0 386 279 577 1.64 1.91 4.43 -7.40 0.40 11.95 0.07 0.60
