Car -1.00 -1 2.89 935 448 1068 500 1.74 1.98 4.54 6.48 -0.61 44.69 3.04 0.27
Car -1.00 -1 2.95 920 446 1060 500 1.75 1.97 4.55 5.83 -0.62 43.00 3.09 0.25
Car -1.00 -1 1.41 974 446 1047 500 1.78 1.97 4.59 6.87 -0.61 45.27 1.56 0.23
Car -1.00 -1 1.73 918 447 1026 504 1.75 1.97 4.55 5.14 -0.50 42.56 1.85 0.21
Car -1.00 -1 1.38 948 470 1046 547 1.65 1.90 4.48 4.13 0.42 29.57 1.51 0.21
Car -1.00 -1 -3.29 939 446 1086 501 1.73 1.97 4.58 6.47 -0.58 42.21 -3.14 0.21
Car -1.00 -1 -0.16 960 446 1100 498 1.73 1.96 4.49 7.33 -0.66 43.72 0.01 0.21
Car -1.00 -1 1.46 941 451 1019 506 1.81 2.02 4.76 5.69 -0.40 44.63 1.59 0.19
Car -1.00 -1 -1.66 902 466 1008 543 1.65 1.91 4.44 3.11 0.32 29.28 -1.56 0.19
Car -1.00 -1 -0.14 978 444 1116 495 1.69 1.96 4.52 8.15 -0.77 45.03 0.04 0.18
Car -1.00 -1 1.48 916 452 991 508 1.77 1.98 4.70 4.68 -0.35 43.80 1.59 0.18
