Car -1.00 -1 -1.70 747 476 826 529 1.72 1.94 4.58 -0.95 0.40 43.74 -1.72 0.21
Car -1.00 -1 1.23 1173 453 1279 513 1.73 1.94 4.55 12.69 -0.21 39.50 1.54 0.19
Car -1.00 -1 -3.29 1145 457 1310 515 1.70 1.95 4.46 12.71 -0.15 39.21 -2.97 0.17
Car -1.00 -1 -3.08 911 480 1061 536 1.80 2.00 4.66 5.75 0.58 43.14 -2.95 0.15
Car -1.00 -1 1.54 775 477 836 528 1.69 1.95 4.52 -0.34 0.41 45.06 1.53 0.14
Car -1.00 -1 1.42 957 482 1033 538 1.79 1.98 4.64 5.97 0.64 42.78 1.56 0.14
Car -1.00 -1 -1.39 547 455 637 515 1.72 1.95 4.50 -6.78 -0.15 38.75 -1.57 0.14
Car -1.00 -1 -1.64 930 479 1014 537 1.78 1.97 4.58 5.05 0.56 41.72 -1.52 0.13
Car -1.00 -1 1.59 794 471 856 525 1.76 1.95 4.59 0.25 0.26 43.81 1.60 0.13
Car -1.00 -1 -0.08 828 466 968 522 1.87 2.03 4.77 2.79 0.10 44.28 -0.01 0.13
Car -1.00 -1 -1.89 963 483 1029 538 1.68 1.91 4.43 5.87 0.63 40.98 -1.75 0.13
