Car -1.00 -1 3.84 0 464 18 652 1.58 1.87 4.40 -10.35 0.81 11.70 3.11 0.80
Car -1.00 -1 3.66 0 469 268 593 1.61 1.89 4.46 -10.47 0.86 17.52 3.12 0.80
Car -1.00 -1 3.72 0 458 193 609 1.65 1.91 4.38 -10.28 0.76 15.02 3.12 0.76
Car -1.00 -1 3.55 0 469 331 578 1.62 1.89 4.43 -10.55 0.87 20.10 3.07 0.74
Car -1.00 -1 2.11 15 459 280 579 1.71 1.94 4.60 -10.71 0.82 20.22 1.62 0.65
Car -1.00 -1 3.53 104 471 394 566 1.64 1.90 4.46 -10.53 0.91 23.09 3.10 0.64
Car -1.00 -1 2.13 0 454 224 598 1.72 1.96 4.71 -10.52 0.80 17.52 1.59 0.62
Car -1.00 -1 3.60 46 469 358 571 1.63 1.88 4.34 -10.48 0.86 21.28 3.14 0.62
Car -1.00 -1 3.65 0 460 304 582 1.67 1.94 4.56 -10.48 0.77 18.66 3.13 0.60
Car -1.00 -1 3.76 0 452 83 639 1.71 1.98 4.67 -10.44 0.77 12.70 3.07 0.43
Car -1.00 -1 -3.67 1480 469 1600 531 1.84 2.02 4.81 23.43 0.97 39.26 -3.13 0.42
