Car -1.00 -1 1.61 707 471 803 552 1.65 1.88 4.50 -1.28 0.46 28.31 1.56 0.45
Car -1.00 -1 1.76 702 475 828 570 1.59 1.88 4.45 -1.05 0.56 23.54 1.71 0.38
Car -1.00 -1 -1.47 718 473 816 555 1.57 1.86 4.56 -1.09 0.48 26.68 -1.51 0.34
Car -1.00 -1 -1.49 690 469 781 548 1.71 1.93 4.57 -1.82 0.41 29.96 -1.55 0.26
Car -1.00 -1 0.41 276 454 513 536 1.66 1.93 4.48 -8.95 0.09 27.20 0.09 0.26
Car -1.00 -1 1.57 287 451 497 535 1.64 1.93 4.47 -8.92 0.07 27.07 1.25 0.20
Car -1.00 -1 -2.92 489 458 641 512 1.64 1.95 4.48 -8.00 -0.18 40.62 -3.11 0.19
Car -1.00 -1 -0.87 0 339 216 723 1.72 1.93 4.60 -5.73 0.22 8.04 -1.49 0.19
Car -1.00 -1 -1.03 0 313 421 851 1.76 1.96 4.70 -3.72 0.34 6.53 -1.55 0.19
Car -1.00 -1 -1.61 493 458 610 512 1.64 1.93 4.45 -8.41 -0.17 40.68 -1.82 0.18
