Car -1.00 -1 0.36 216 442 530 550 1.69 1.96 4.57 -7.32 0.09 21.29 0.03 0.59
Car -1.00 -1 0.33 202 435 502 537 1.69 1.97 4.53 -8.05 -0.08 22.29 -0.01 0.32
Car -1.00 -1 0.36 237 441 519 538 1.70 1.96 4.55 -8.02 -0.02 23.51 0.03 0.31
Car -1.00 -1 -1.19 252 444 437 542 1.67 1.91 4.49 -8.75 0.07 23.91 -1.54 0.27
Car -1.00 -1 0.36 180 448 506 559 1.66 1.93 4.48 -7.44 0.20 20.27 0.01 0.25
Car -1.00 -1 3.45 165 427 450 523 1.71 1.97 4.60 -9.54 -0.29 23.98 3.07 0.24
Car -1.00 -1 1.74 472 452 590 519 1.68 1.92 4.53 -7.56 -0.11 33.97 1.52 0.22
Car -1.00 -1 -1.84 1115 466 1218 526 1.75 1.95 4.58 10.87 0.16 39.64 -1.57 0.21
Car -1.00 -1 0.44 235 443 499 533 1.67 1.96 4.55 -8.76 -0.04 25.04 0.10 0.21
Car -1.00 -1 0.23 422 453 611 520 1.67 1.95 4.48 -7.79 -0.10 33.23 0.00 0.18
Car -1.00 -1 1.62 157 427 415 526 1.70 1.95 4.56 -9.91 -0.21 24.10 1.23 0.18
Car -1.00 -1 -1.25 307 449 490 552 1.72 1.94 4.58 -7.68 0.20 23.80 -1.56 0.18
