Car -1.00 -1 0.77 0 373 97 689 1.67 1.90 4.44 -6.98 0.52 7.73 0.04 0.75
Car -1.00 -1 0.71 0 374 223 618 1.72 1.93 4.48 -7.16 0.43 10.05 0.09 0.71
Car -1.00 -1 -2.56 0 410 413 553 1.63 1.90 4.38 -7.02 0.52 15.63 -2.99 0.66
Car -1.00 -1 0.56 0 374 288 589 1.80 1.94 4.51 -7.28 0.38 11.73 0.00 0.65
Car -1.00 -1 1.21 1068 381 1358 561 1.66 1.88 4.50 4.45 0.32 13.97 1.52 0.65
Car -1.00 -1 -0.05 984 383 1440 552 1.65 1.89 4.45 4.62 0.32 13.89 0.27 0.64
Car -1.00 -1 2.20 82 383 331 540 1.70 1.92 4.55 -7.14 0.27 16.07 1.78 0.64
Car -1.00 -1 -1.66 794 407 914 514 1.67 1.87 4.41 1.14 0.38 22.15 -1.61 0.63
Car -1.00 -1 2.43 1117 393 1600 678 1.57 1.86 4.33 4.45 0.53 8.33 2.92 0.63
Car -1.00 -1 2.63 1072 398 1600 713 1.57 1.87 4.35 4.05 0.60 7.37 3.13 0.62
Car -1.00 -1 2.63 1066 391 1600 611 1.58 1.88 4.38 4.62 0.45 10.24 3.05 0.62
