Car -1.00 -1 -0.59 1465 436 1600 544 1.67 1.93 4.49 13.45 -0.00 20.91 -0.02 0.54
Car -1.00 -1 1.12 1385 448 1600 549 1.68 1.93 4.51 12.68 0.16 23.66 1.61 0.46
Car -1.00 -1 2.59 1352 451 1600 546 1.67 1.94 4.48 12.70 0.14 23.76 3.09 0.45
Car -1.00 -1 -1.99 1466 435 1600 548 1.67 1.93 4.51 13.17 0.04 21.12 -1.44 0.45
Car -1.00 -1 -0.66 1589 434 1600 552 1.60 1.91 4.43 14.04 0.03 18.41 -0.01 0.44
Car -1.00 -1 -0.54 1413 442 1600 546 1.71 1.93 4.52 13.13 0.06 22.10 -0.00 0.43
Car -1.00 -1 -0.42 1526 430 1600 542 1.64 1.90 4.37 13.78 -0.05 19.90 0.19 0.41
Car -1.00 -1 -3.44 1204 466 1426 541 1.70 1.96 4.53 11.88 0.30 30.34 -3.07 0.35
Car -1.00 -1 1.04 1336 456 1529 551 1.69 1.92 4.52 11.97 0.26 24.98 1.49 0.27
Car -1.00 -1 1.56 1373 445 1600 552 1.70 1.97 4.56 12.55 0.15 22.57 2.06 0.26
