Car -1.00 -1 2.49 1237 495 1600 727 1.54 1.85 4.42 5.70 0.82 9.71 3.02 0.89
Car -1.00 -1 2.66 1205 500 1600 674 1.53 1.84 4.36 6.24 0.87 12.31 3.13 0.82
Car -1.00 -1 0.29 14 504 619 708 1.57 1.89 4.51 -4.16 0.92 11.04 -0.07 0.80
Car -1.00 -1 3.76 0 531 68 866 1.52 1.85 4.37 -6.92 1.01 7.21 3.00 0.77
Car -1.00 -1 -3.51 1146 488 1594 635 1.58 1.88 4.38 6.28 0.78 14.72 -3.11 0.75
Car -1.00 -1 2.52 1238 500 1600 700 1.53 1.86 4.41 6.14 0.86 11.02 3.03 0.73
Car -1.00 -1 0.11 585 476 771 544 1.61 1.90 4.42 -3.37 0.46 31.53 0.01 0.73
Car -1.00 -1 0.06 592 475 774 541 1.66 1.93 4.53 -3.45 0.44 33.37 -0.04 0.64
Car -1.00 -1 -3.37 1021 479 1256 561 1.65 1.91 4.45 6.73 0.60 26.77 -3.13 0.57
Car -1.00 -1 1.31 1073 477 1265 586 1.60 1.89 4.48 5.63 0.63 20.83 1.57 0.57
Car -1.00 -1 -3.38 1024 475 1268 558 1.58 1.89 4.39 6.52 0.50 25.39 -3.12 0.57
