Car -1.00 -1 -1.70 828 494 952 600 1.58 1.85 4.43 1.25 0.87 21.17 -1.64 0.79
Car -1.00 -1 1.47 924 536 996 589 1.65 1.91 4.44 4.90 2.40 43.72 1.58 0.28
Car -1.00 -1 -0.20 641 525 796 579 1.63 1.93 4.58 -3.11 1.90 40.66 -0.27 0.26
Car -1.00 -1 1.69 778 512 935 615 1.60 1.94 4.57 0.57 1.17 22.19 1.72 0.25
Car -1.00 -1 -3.22 888 541 1024 592 1.65 1.92 4.44 4.76 2.56 43.56 -3.12 0.24
Car -1.00 -1 1.52 791 529 857 586 1.66 1.93 4.49 0.31 2.04 40.18 1.53 0.21
Car -1.00 -1 -1.24 697 513 861 609 1.56 1.88 4.49 -0.80 1.19 23.13 -1.28 0.21
Car -1.00 -1 1.43 833 509 952 611 1.64 1.93 4.59 1.42 1.16 22.99 1.50 0.21
Car -1.00 -1 -0.43 589 521 739 578 1.72 1.97 4.57 -4.96 1.83 41.07 -0.55 0.21
Car -1.00 -1 0.28 755 504 1056 613 1.64 1.95 4.53 1.46 1.05 20.84 0.35 0.20
Car -1.00 -1 1.76 594 519 669 576 1.76 1.97 4.58 -6.02 1.79 41.69 1.62 0.20
