Car -1.00 -1 0.25 396 484 573 546 1.65 1.93 4.47 -9.59 1.29 35.38 -0.02 0.67
Car -1.00 -1 -2.85 369 484 558 548 1.61 1.91 4.44 -9.55 1.25 33.24 -3.13 0.64
Car -1.00 -1 1.98 449 482 537 546 1.68 1.91 4.52 -9.36 1.28 35.48 1.72 0.55
Car -1.00 -1 -1.31 441 482 563 554 1.65 1.91 4.56 -7.98 1.24 31.28 -1.56 0.51
Car -1.00 -1 0.31 389 490 584 557 1.60 1.91 4.41 -8.46 1.34 31.49 0.05 0.51
Car -1.00 -1 0.28 375 488 570 556 1.67 1.93 4.49 -9.05 1.34 32.30 0.01 0.50
Car -1.00 -1 -1.36 484 477 584 538 1.72 1.94 4.55 -8.84 1.21 38.25 -1.58 0.38
Car -1.00 -1 3.36 442 481 605 538 1.65 1.91 4.45 -9.11 1.23 37.91 3.12 0.37
Car -1.00 -1 -2.81 349 489 552 557 1.58 1.90 4.41 -9.10 1.30 30.59 -3.10 0.36
Car -1.00 -1 -1.43 356 485 515 558 1.62 1.90 4.43 -9.40 1.29 30.52 -1.73 0.35
Car -1.00 -1 2.14 391 488 476 556 1.64 1.92 4.54 -10.16 1.39 32.65 1.83 0.30
