Car -1.00 -1 -2.69 37 474 384 587 1.63 1.89 4.42 -9.41 0.94 19.42 -3.14 0.78
Car -1.00 -1 0.60 0 482 190 638 1.61 1.91 4.52 -10.00 1.01 14.27 -0.02 0.77
Car -1.00 -1 -2.59 0 462 294 598 1.68 1.91 4.45 -9.75 0.81 16.72 -3.12 0.76
Car -1.00 -1 -2.40 0 464 26 674 1.67 1.90 4.42 -9.97 0.85 11.15 -3.13 0.74
Car -1.00 -1 -2.63 0 473 342 598 1.68 1.93 4.49 -9.66 0.95 18.18 -3.12 0.68
Car -1.00 -1 0.58 0 468 226 621 1.70 1.94 4.46 -10.04 0.90 15.28 0.00 0.66
Car -1.00 -1 3.80 0 463 114 657 1.73 1.93 4.47 -9.85 0.88 12.42 3.13 0.66
Car -1.00 -1 2.24 70 463 295 589 1.72 1.94 4.60 -9.88 0.89 19.64 1.77 0.60
Car -1.00 -1 3.55 90 446 434 566 1.87 2.01 4.83 -9.34 0.63 21.03 3.13 0.53
Car -1.00 -1 3.52 133 447 455 562 1.90 2.02 4.81 -9.27 0.64 22.12 3.12 0.51
Car -1.00 -1 -1.75 1006 485 1086 537 1.69 1.91 4.54 7.43 1.45 42.83 -1.57 0.34
