Car -1.00 -1 -2.85 1131 492 1437 621 1.60 1.88 4.55 6.65 0.85 17.81 -2.49 0.79
Car -1.00 -1 -1.67 911 494 995 554 1.59 1.87 4.43 3.82 0.92 36.10 -1.56 0.36
Car -1.00 -1 0.67 865 502 1019 564 1.68 1.95 4.49 3.66 1.15 36.35 0.77 0.25
Car -1.00 -1 1.41 1003 485 1093 544 1.75 1.94 4.63 7.25 0.72 40.05 1.59 0.23
Car -1.00 -1 -1.96 1345 506 1455 553 1.68 1.94 4.53 22.01 1.42 47.99 -1.53 0.21
Car -1.00 -1 -0.35 1340 508 1481 552 1.63 1.93 4.44 22.34 1.44 47.71 0.09 0.21
Car -1.00 -1 -1.64 885 501 968 564 1.70 1.95 4.58 3.14 1.16 36.88 -1.56 0.20
Car -1.00 -1 -3.63 1417 513 1585 565 1.61 1.93 4.40 22.04 1.53 40.87 -3.13 0.20
Car -1.00 -1 -3.12 837 505 999 565 1.69 1.94 4.47 2.96 1.27 37.24 -3.04 0.19
Car -1.00 -1 0.20 1174 487 1482 614 1.67 1.96 4.64 7.69 0.83 18.89 0.58 0.18
