Car -1.00 -1 -1.46 648 470 715 518 1.67 1.92 4.62 -4.82 0.13 45.76 -1.57 0.48
Car -1.00 -1 -1.42 646 471 711 522 1.65 1.90 4.58 -4.72 0.20 43.78 -1.53 0.34
Car -1.00 -1 -2.85 395 459 576 523 1.68 1.95 4.48 -9.00 0.01 34.73 -3.10 0.30
Car -1.00 -1 1.74 412 461 540 527 1.70 1.94 4.50 -9.18 0.10 34.56 1.48 0.29
Car -1.00 -1 -2.80 443 452 609 517 1.82 1.98 4.59 -8.51 -0.18 37.52 -3.03 0.26
Car -1.00 -1 1.81 490 450 590 519 1.91 2.03 4.84 -8.21 -0.15 38.08 1.60 0.26
Car -1.00 -1 -1.43 632 468 706 524 1.66 1.90 4.51 -4.59 0.17 40.05 -1.55 0.24
Car -1.00 -1 -0.40 527 457 682 517 1.72 1.94 4.48 -6.44 -0.11 38.42 -0.56 0.24
Car -1.00 -1 -1.35 642 466 705 521 1.70 1.94 4.56 -4.70 0.10 41.77 -1.47 0.22
Car -1.00 -1 -2.58 0 376 195 455 1.74 1.96 4.51 -17.83 -1.81 30.73 -3.11 0.21
Car -1.00 -1 1.70 568 460 659 518 1.65 1.92 4.46 -6.12 -0.04 38.71 1.54 0.21
Car -1.00 -1 3.37 416 458 593 521 1.74 1.99 4.61 -8.93 -0.03 36.55 3.13 0.19
