Car -1.00 -1 1.00 1410 482 1600 568 1.61 1.90 4.46 14.03 0.67 25.93 1.50 0.18
Car -1.00 -1 1.38 999 499 1097 566 1.69 1.92 4.51 6.23 1.08 34.53 1.56 0.14
Car -1.00 -1 0.44 987 496 1155 561 1.65 1.93 4.46 6.90 0.98 34.06 0.64 0.14
Car -1.00 -1 -0.31 1391 477 1600 563 1.62 1.92 4.48 14.11 0.58 25.35 0.20 0.13
Car -1.00 -1 1.02 1387 496 1570 578 1.65 1.90 4.47 14.33 0.96 27.73 1.50 0.13
Car -1.00 -1 0.05 700 475 853 533 1.66 1.93 4.43 -1.16 0.38 37.58 0.02 0.12
Car -1.00 -1 1.57 733 465 798 516 1.68 1.93 4.45 -1.70 0.01 43.86 1.53 0.12
Car -1.00 -1 1.53 746 461 816 515 1.70 1.93 4.54 -1.12 -0.08 42.64 1.50 0.12
Car -1.00 -1 1.36 967 502 1051 568 1.68 1.93 4.49 5.25 1.17 35.02 1.50 0.12
Car -1.00 -1 -1.63 808 463 870 518 1.66 1.91 4.41 0.78 -0.00 40.80 -1.61 0.12
Car -1.00 -1 -1.43 740 478 817 538 1.65 1.91 4.45 -1.18 0.50 37.28 -1.46 0.12
Car -1.00 -1 -1.64 843 463 906 519 1.67 1.91 4.45 1.84 0.03 40.77 -1.60 0.11
Car -1.00 -1 1.45 765 464 845 521 1.72 1.94 4.54 -0.29 0.07 40.10 1.45 0.11
