Car -1.00 -1 1.85 86 409 582 711 1.87 1.98 4.91 -3.46 0.46 10.34 1.53 0.71
Car -1.00 -1 -2.13 1483 405 1600 492 1.75 1.96 4.55 17.47 -0.90 29.09 -1.59 0.34
Car -1.00 -1 -1.35 457 438 587 521 1.85 2.01 4.86 -7.06 -0.23 30.89 -1.58 0.25
Car -1.00 -1 3.31 513 463 647 512 1.70 1.96 4.49 -8.55 -0.13 46.14 3.12 0.24
Car -1.00 -1 -1.76 1276 437 1512 528 1.64 1.93 4.52 11.39 -0.13 25.38 -1.34 0.24
Car -1.00 -1 1.02 1524 403 1600 490 1.77 1.95 4.52 18.59 -0.97 29.21 1.58 0.24
Car -1.00 -1 -3.51 1241 439 1507 526 1.64 1.93 4.49 11.11 -0.15 25.43 -3.10 0.24
Car -1.00 -1 -3.39 1458 416 1600 497 1.72 1.97 4.67 17.46 -0.75 29.20 -2.86 0.23
Car -1.00 -1 -2.18 411 442 629 524 1.83 2.00 4.75 -7.12 -0.15 30.70 -2.41 0.21
Car -1.00 -1 2.68 1251 440 1537 531 1.61 1.92 4.47 10.67 -0.09 23.66 3.10 0.20
Car -1.00 -1 -0.82 1316 435 1585 526 1.63 1.92 4.45 12.02 -0.18 24.36 -0.36 0.20
