Car -1.00 -1 -1.46 480 483 690 616 1.68 1.89 4.54 -3.34 1.14 18.28 -1.64 0.77
Car -1.00 -1 -1.57 802 493 915 587 1.56 1.87 4.52 0.49 1.29 23.31 -1.55 0.61
Car -1.00 -1 0.74 1442 255 1600 900 1.84 2.00 4.77 4.65 0.53 5.54 1.44 0.52
Car -1.00 -1 1.54 794 471 862 532 1.67 1.90 4.49 0.09 1.00 37.28 1.55 0.45
Car -1.00 -1 1.60 795 486 928 590 1.54 1.87 4.57 0.47 1.15 21.18 1.62 0.42
Car -1.00 -1 -0.50 1429 457 1587 510 1.75 1.98 4.56 24.48 0.51 45.15 -0.01 0.38
Car -1.00 -1 1.61 791 472 865 538 1.71 1.89 4.60 -0.03 1.04 35.19 1.60 0.35
Car -1.00 -1 -1.45 624 475 738 564 1.73 1.92 4.57 -3.00 1.09 26.71 -1.57 0.34
Car -1.00 -1 -0.31 1487 458 1600 512 1.70 1.97 4.55 24.70 0.52 41.70 0.22 0.33
Car -1.00 -1 -1.61 782 487 920 603 1.58 1.87 4.43 0.38 1.15 19.41 -1.59 0.30
Car -1.00 -1 -1.55 797 477 874 546 1.69 1.89 4.52 0.16 1.16 33.36 -1.54 0.29
Car -1.00 -1 1.01 1497 457 1600 515 1.74 1.96 4.56 24.62 0.59 41.92 1.55 0.28
