Car -1.00 -1 -2.08 1400 474 1509 523 1.70 1.93 4.49 23.34 0.28 46.51 -1.62 0.27
Car -1.00 -1 -2.45 1035 465 1180 535 1.66 1.93 4.50 7.52 0.25 32.39 -2.22 0.22
Car -1.00 -1 1.08 1459 473 1583 524 1.74 1.92 4.60 25.61 0.29 46.25 1.58 0.21
Car -1.00 -1 1.09 1426 472 1543 520 1.68 1.91 4.44 24.50 0.21 46.62 1.58 0.19
Car -1.00 -1 0.99 1520 473 1600 521 1.66 1.93 4.48 27.89 0.24 46.34 1.53 0.19
Car -1.00 -1 2.43 1433 483 1600 551 1.63 1.92 4.45 18.21 0.64 31.92 2.95 0.18
Car -1.00 -1 -0.55 1501 475 1600 522 1.66 1.93 4.47 27.71 0.27 46.15 -0.01 0.17
Car -1.00 -1 1.24 1435 480 1600 551 1.67 1.93 4.49 18.05 0.61 32.12 1.75 0.17
Car -1.00 -1 -0.75 1450 473 1600 521 1.67 1.94 4.54 25.81 0.21 46.18 -0.24 0.16
Car -1.00 -1 -1.96 1485 474 1600 523 1.68 1.94 4.52 26.60 0.27 45.85 -1.44 0.16
