Car -1.00 -1 -1.59 779 461 871 541 1.64 1.90 4.55 0.21 0.24 28.48 -1.58 0.67
Car -1.00 -1 1.73 540 445 687 550 1.70 1.90 4.55 -3.52 0.14 22.79 1.57 0.47
Car -1.00 -1 -2.11 483 444 735 543 1.70 1.94 4.53 -3.81 0.09 24.00 -2.27 0.40
Car -1.00 -1 -2.98 511 456 737 538 1.62 1.92 4.44 -3.92 0.14 26.40 -3.13 0.40
Car -1.00 -1 3.20 516 451 739 532 1.67 1.93 4.50 -4.06 0.01 27.70 3.06 0.35
Car -1.00 -1 1.76 569 440 681 527 1.75 1.95 4.59 -4.09 -0.12 27.78 1.61 0.33
Car -1.00 -1 3.29 490 455 733 543 1.66 1.94 4.50 -3.99 0.16 25.27 3.13 0.30
Car -1.00 -1 1.74 532 445 669 541 1.70 1.95 4.54 -4.10 0.07 24.78 1.58 0.30
Car -1.00 -1 1.61 659 463 756 530 1.63 1.91 4.57 -2.76 0.17 33.16 1.52 0.30
Car -1.00 -1 -1.57 780 457 883 546 1.66 1.92 4.60 0.25 0.23 25.98 -1.56 0.28
