Car -1.00 -1 2.65 1138 540 1600 716 1.56 1.87 4.40 5.67 1.30 12.84 3.07 0.87
Car -1.00 -1 0.25 178 543 643 710 1.65 1.91 4.53 -4.36 1.43 14.10 -0.05 0.76
Car -1.00 -1 -3.50 1116 530 1537 675 1.64 1.89 4.44 6.15 1.32 15.65 -3.13 0.76
Car -1.00 -1 0.13 598 541 772 605 1.59 1.91 4.46 -3.43 2.16 33.81 0.03 0.71
Car -1.00 -1 -3.45 1083 537 1438 662 1.63 1.90 4.38 6.19 1.48 18.00 -3.11 0.66
Car -1.00 -1 -3.42 1046 545 1327 643 1.60 1.91 4.45 6.50 1.79 22.57 -3.14 0.64
Car -1.00 -1 0.47 0 561 305 794 1.55 1.89 4.43 -6.73 1.39 10.25 -0.11 0.63
Car -1.00 -1 0.10 611 542 777 605 1.62 1.90 4.41 -3.33 2.24 35.08 0.00 0.63
Car -1.00 -1 -3.33 991 548 1198 620 1.56 1.89 4.42 6.46 2.15 29.76 -3.11 0.60
Car -1.00 -1 0.09 616 542 780 603 1.62 1.92 4.51 -3.33 2.30 36.38 0.00 0.57
