Car -1.00 -1 -0.21 637 517 808 576 1.64 1.94 4.60 -2.74 1.58 37.29 -0.29 0.37
Car -1.00 -1 -0.07 617 514 779 573 1.69 1.95 4.52 -3.54 1.53 38.22 -0.16 0.24
Car -1.00 -1 1.64 651 512 734 572 1.72 1.95 4.58 -3.71 1.49 38.71 1.55 0.23
Car -1.00 -1 -3.54 1360 536 1512 584 1.61 1.93 4.41 21.69 2.39 44.44 -3.09 0.20
Car -1.00 -1 -1.43 708 518 780 582 1.73 1.98 4.64 -2.19 1.67 37.50 -1.49 0.18
Car -1.00 -1 -1.55 769 533 831 589 1.66 1.92 4.48 -0.53 2.25 41.80 -1.57 0.18
Car -1.00 -1 -2.02 1359 537 1471 588 1.65 1.92 4.45 21.27 2.50 45.22 -1.58 0.18
Car -1.00 -1 -0.23 1385 537 1536 587 1.62 1.92 4.42 22.01 2.39 43.31 0.24 0.17
Car -1.00 -1 -0.45 735 533 883 588 1.65 1.92 4.45 -0.26 2.22 41.48 -0.45 0.17
Car -1.00 -1 -0.18 699 522 866 580 1.60 1.93 4.51 -0.95 1.70 36.81 -0.21 0.17
