Car -1.00 -1 -0.17 1093 484 1282 549 1.65 1.91 4.41 9.57 1.25 33.38 0.11 0.48
Car -1.00 -1 -1.95 1130 482 1235 549 1.66 1.93 4.50 9.47 1.27 33.69 -1.68 0.45
Car -1.00 -1 -3.34 1031 473 1186 528 1.70 1.96 4.60 9.20 1.03 41.20 -3.12 0.44
Car -1.00 -1 -0.26 1071 485 1248 546 1.66 1.94 4.49 9.41 1.32 35.66 -0.00 0.42
Car -1.00 -1 1.37 1085 484 1196 545 1.65 1.90 4.45 8.98 1.33 36.22 1.61 0.41
Car -1.00 -1 -3.26 1033 478 1197 534 1.62 1.92 4.45 8.74 1.10 38.14 -3.04 0.39
Car -1.00 -1 -3.26 1019 480 1179 535 1.66 1.95 4.55 8.58 1.21 39.68 -3.04 0.37
Car -1.00 -1 -1.81 1056 479 1151 540 1.66 1.90 4.52 8.13 1.22 37.20 -1.59 0.36
Car -1.00 -1 2.21 1040 480 1211 541 1.64 1.92 4.44 8.68 1.24 36.63 2.44 0.34
Car -1.00 -1 -1.58 0 478 98 566 1.65 1.91 4.47 -17.87 1.11 25.87 -2.18 0.31
