Car -1.00 -1 2.63 1345 473 1600 590 1.54 1.86 4.37 10.00 0.88 17.88 3.14 0.82
Car -1.00 -1 -3.48 1258 474 1581 577 1.58 1.90 4.42 9.69 0.92 20.69 -3.04 0.78
Car -1.00 -1 2.38 1534 452 1600 633 1.60 1.89 4.47 9.75 0.72 12.28 3.05 0.76
Car -1.00 -1 -3.54 1220 477 1505 570 1.59 1.90 4.37 9.70 0.98 22.93 -3.14 0.76
Car -1.00 -1 -3.65 1383 469 1600 597 1.59 1.87 4.31 10.09 0.85 16.86 -3.11 0.73
Car -1.00 -1 2.54 1431 466 1600 610 1.60 1.88 4.43 9.99 0.82 15.12 3.13 0.72
Car -1.00 -1 -3.84 1599 456 1600 664 1.66 1.91 4.38 9.72 0.78 11.22 -3.13 0.70
Car -1.00 -1 -3.43 1312 474 1600 587 1.62 1.89 4.37 10.04 0.92 19.34 -2.95 0.69
Car -1.00 -1 2.49 1498 466 1600 626 1.59 1.88 4.33 10.03 0.82 13.68 3.13 0.67
Car -1.00 -1 2.12 1167 466 1417 553 1.66 1.92 4.48 9.65 0.88 26.14 2.48 0.58
