Car -1.00 -1 2.41 1580 473 1600 655 1.60 1.89 4.49 10.20 0.90 12.20 3.11 0.78
Car -1.00 -1 -3.70 1427 460 1600 602 1.61 1.90 4.41 10.13 0.76 15.52 -3.12 0.75
Car -1.00 -1 2.65 1304 459 1600 570 1.64 1.91 4.46 10.24 0.73 20.00 3.12 0.72
Car -1.00 -1 2.63 1348 455 1600 577 1.63 1.90 4.36 10.16 0.69 18.15 3.14 0.70
Car -1.00 -1 -1.71 1372 454 1600 590 1.63 1.89 4.43 10.04 0.75 17.40 -1.19 0.67
Car -1.00 -1 2.71 1227 463 1486 548 1.65 1.91 4.46 10.76 0.76 25.71 3.11 0.58
Car -1.00 -1 -3.66 1368 466 1600 593 1.60 1.90 4.43 10.06 0.82 17.15 -3.13 0.57
Car -1.00 -1 -3.47 1237 463 1504 550 1.62 1.91 4.39 10.63 0.74 24.68 -3.06 0.48
Car -1.00 -1 -2.06 1299 458 1512 561 1.65 1.92 4.50 10.21 0.76 22.53 -1.63 0.41
Car -1.00 -1 -2.84 1318 447 1552 566 1.79 2.00 4.63 10.39 0.67 21.24 -2.39 0.41
Car -1.00 -1 -0.65 1513 467 1600 624 1.69 1.94 4.55 10.92 0.88 14.72 -0.02 0.39
Car -1.00 -1 1.13 1328 443 1600 562 1.68 1.95 4.64 10.05 0.59 20.24 1.59 0.38
Car -1.00 -1 -3.52 1257 461 1549 556 1.63 1.91 4.41 10.41 0.71 22.83 -3.10 0.37
Car -1.00 -1 2.78 1140 464 1332 530 1.70 1.96 4.56 11.02 0.76 34.00 3.10 0.36
Car -1.00 -1 1.58 1148 462 1314 531 1.71 1.95 4.57 10.87 0.78 34.08 1.89 0.36
