Car -1.00 -1 -1.47 412 529 560 601 1.69 1.92 4.47 -8.51 2.36 31.75 -1.73 0.49
Car -1.00 -1 -1.33 376 527 513 598 1.68 1.90 4.52 -9.65 2.32 32.02 -1.62 0.47
Car -1.00 -1 -1.30 0 510 188 632 1.67 1.91 4.50 -12.53 1.51 19.61 -1.86 0.41
Car -1.00 -1 -1.54 467 531 610 602 1.66 1.90 4.44 -7.18 2.39 31.75 -1.76 0.41
Car -1.00 -1 1.96 303 521 435 590 1.63 1.91 4.49 -11.64 2.16 32.21 1.61 0.38
Car -1.00 -1 0.77 0 524 53 629 1.58 1.91 4.45 -15.51 1.70 20.50 0.13 0.33
Car -1.00 -1 -1.18 0 514 117 630 1.63 1.90 4.41 -13.84 1.57 19.99 -1.79 0.31
Car -1.00 -1 -0.99 0 515 41 628 1.62 1.90 4.43 -15.25 1.59 20.39 -1.63 0.31
Car -1.00 -1 1.90 346 520 476 588 1.62 1.90 4.46 -10.62 2.15 32.37 1.58 0.30
Car -1.00 -1 3.49 246 525 450 593 1.63 1.93 4.48 -12.21 2.27 32.17 3.13 0.27
