Car -1.00 -1 -1.50 675 474 777 553 1.53 1.83 4.45 -1.82 0.47 26.73 -1.57 0.66
Car -1.00 -1 1.63 682 475 778 550 1.58 1.87 4.46 -1.90 0.50 29.11 1.56 0.64
Car -1.00 -1 1.64 668 471 778 558 1.56 1.83 4.40 -1.75 0.46 25.03 1.57 0.57
Car -1.00 -1 1.36 1016 462 1107 522 1.68 1.92 4.57 7.25 0.05 37.87 1.55 0.35
Car -1.00 -1 -2.64 1104 435 1251 504 1.86 2.03 4.84 10.70 -0.59 37.29 -2.36 0.28
Car -1.00 -1 -2.96 636 476 841 549 1.62 1.94 4.56 -1.83 0.50 29.32 -3.03 0.26
Car -1.00 -1 1.34 1117 441 1230 504 1.70 1.92 4.49 10.51 -0.50 37.60 1.61 0.25
Car -1.00 -1 -0.29 1097 435 1282 503 1.87 2.05 4.80 10.86 -0.63 37.11 -0.01 0.23
Car -1.00 -1 1.33 1080 442 1183 505 1.72 1.94 4.49 9.30 -0.47 37.74 1.58 0.23
Car -1.00 -1 -3.34 1169 459 1375 529 1.66 1.96 4.48 11.44 0.09 31.94 -3.00 0.21
