Car -1.00 -1 2.50 1413 448 1600 622 1.50 1.84 4.33 8.23 0.62 11.97 3.10 0.82
Car -1.00 -1 -0.41 1238 448 1600 575 1.63 1.89 4.44 8.23 0.59 17.28 0.04 0.80
Car -1.00 -1 2.63 1281 447 1600 602 1.66 1.90 4.48 7.92 0.65 14.64 3.12 0.79
Car -1.00 -1 -0.38 1265 448 1600 585 1.62 1.89 4.36 8.17 0.60 16.06 0.09 0.78
Car -1.00 -1 1.86 238 470 472 588 1.76 1.95 4.74 -7.81 1.02 21.32 1.51 0.75
Car -1.00 -1 -1.48 639 471 744 550 1.70 1.91 4.49 -3.08 1.00 29.41 -1.59 0.74
Car -1.00 -1 -3.81 1522 423 1600 664 1.59 1.87 4.32 7.93 0.54 9.43 -3.11 0.73
Car -1.00 -1 -0.25 1198 455 1539 569 1.65 1.92 4.43 8.27 0.66 19.33 0.15 0.66
Car -1.00 -1 2.49 1420 445 1600 641 1.54 1.86 4.33 7.85 0.64 11.03 3.11 0.65
Car -1.00 -1 -3.67 1341 447 1600 616 1.62 1.91 4.40 8.05 0.65 13.23 -3.12 0.65
