Car -1.00 -1 0.31 174 465 584 600 1.54 1.86 4.38 -5.25 0.49 15.60 -0.02 0.81
Car -1.00 -1 3.83 0 451 279 822 1.57 1.85 4.37 -5.30 0.64 6.39 3.14 0.77
Car -1.00 -1 0.17 388 479 698 586 1.59 1.90 4.49 -4.27 0.64 20.27 -0.04 0.76
Car -1.00 -1 0.31 229 475 606 602 1.56 1.89 4.39 -5.13 0.60 16.74 0.02 0.63
Car -1.00 -1 0.33 286 482 630 598 1.53 1.87 4.38 -4.93 0.68 17.96 0.06 0.62
Car -1.00 -1 0.21 349 475 671 590 1.62 1.88 4.38 -4.52 0.60 19.17 -0.03 0.61
Car -1.00 -1 0.15 451 476 717 572 1.64 1.91 4.44 -4.12 0.58 23.01 -0.03 0.60
Car -1.00 -1 0.18 409 478 694 578 1.61 1.90 4.42 -4.43 0.61 21.65 -0.03 0.56
Car -1.00 -1 1.67 508 474 672 573 1.63 1.91 4.48 -4.00 0.57 23.24 1.50 0.47
Car -1.00 -1 2.12 367 474 524 603 1.61 1.89 4.44 -5.30 0.63 18.27 1.84 0.34
