Car -1.00 -1 1.35 817 468 1024 645 1.56 1.85 4.46 1.22 0.62 13.61 1.44 0.87
Car -1.00 -1 -1.43 700 495 778 562 1.64 1.91 4.44 -2.08 0.96 33.68 -1.50 0.38
Car -1.00 -1 0.11 651 495 826 559 1.60 1.91 4.45 -2.04 0.94 33.46 0.05 0.35
Car -1.00 -1 1.25 1190 520 1300 576 1.62 1.93 4.49 13.43 1.73 39.98 1.58 0.32
Car -1.00 -1 2.78 1169 526 1329 580 1.62 1.92 4.44 13.67 1.92 40.18 3.11 0.31
Car -1.00 -1 -0.41 684 505 873 571 1.61 1.92 4.51 -0.98 1.16 32.78 -0.44 0.25
Car -1.00 -1 1.85 407 493 500 543 1.64 1.91 4.45 -12.52 0.92 43.99 1.57 0.22
Car -1.00 -1 -1.26 655 493 748 558 1.64 1.93 4.48 -3.16 0.90 33.98 -1.35 0.21
Car -1.00 -1 1.58 744 500 822 566 1.63 1.89 4.41 -0.81 1.07 33.48 1.56 0.21
Car -1.00 -1 0.00 719 506 896 572 1.61 1.91 4.43 -0.22 1.22 32.67 -0.00 0.21
Car -1.00 -1 3.04 0 489 83 542 1.66 1.93 4.54 -26.51 0.79 42.27 2.48 0.20
