Car -1.00 -1 0.52 0 411 376 585 1.58 1.88 4.43 -6.61 0.56 12.57 0.03 0.82
Car -1.00 -1 0.45 13 418 446 557 1.55 1.86 4.38 -6.53 0.57 15.21 0.05 0.80
Car -1.00 -1 0.30 239 411 544 520 1.67 1.91 4.43 -6.40 0.44 20.84 0.00 0.70
Car -1.00 -1 0.17 148 417 508 542 1.64 1.89 4.47 -6.48 0.55 18.04 -0.17 0.69
Car -1.00 -1 0.30 191 409 523 527 1.66 1.89 4.36 -6.39 0.44 19.13 -0.02 0.65
Car -1.00 -1 0.35 85 407 487 548 1.68 1.91 4.41 -6.31 0.48 16.30 -0.02 0.65
Car -1.00 -1 2.15 362 410 493 519 1.64 1.90 4.45 -6.12 0.42 21.37 1.87 0.62
Car -1.00 -1 -2.93 417 419 613 491 1.70 1.93 4.46 -6.72 0.41 31.54 -3.14 0.55
Car -1.00 -1 -2.90 386 425 595 499 1.62 1.91 4.41 -6.81 0.55 29.37 -3.13 0.49
Car -1.00 -1 3.36 403 421 604 492 1.64 1.91 4.43 -6.77 0.43 30.56 3.14 0.48
Car -1.00 -1 0.41 0 415 430 573 1.58 1.91 4.38 -6.40 0.58 13.91 -0.02 0.42
Car -1.00 -1 -1.38 383 415 565 519 1.63 1.91 4.48 -5.37 0.47 22.29 -1.61 0.41
Car -1.00 -1 -2.83 313 416 591 515 1.66 1.91 4.45 -5.81 0.48 22.40 -3.09 0.38
