Car -1.00 -1 2.75 1092 526 1499 667 1.61 1.89 4.44 5.91 1.27 16.05 3.11 0.84
Car -1.00 -1 -3.47 1104 536 1475 664 1.58 1.88 4.31 6.29 1.43 17.19 -3.12 0.76
Car -1.00 -1 0.13 326 536 694 667 1.61 1.91 4.52 -4.09 1.45 17.39 -0.10 0.75
Car -1.00 -1 -3.41 1078 536 1419 649 1.54 1.87 4.39 6.29 1.46 18.75 -3.09 0.72
Car -1.00 -1 2.93 980 550 1166 618 1.65 1.92 4.49 6.65 2.40 33.21 3.13 0.62
Car -1.00 -1 -3.41 1050 532 1348 638 1.63 1.90 4.38 6.28 1.53 21.15 -3.12 0.62
Car -1.00 -1 -3.45 1075 534 1395 644 1.57 1.88 4.37 6.42 1.49 19.77 -3.14 0.61
Car -1.00 -1 -3.38 1030 538 1270 622 1.60 1.90 4.40 6.75 1.78 25.96 -3.13 0.60
Car -1.00 -1 0.09 626 535 784 593 1.60 1.91 4.46 -3.20 2.10 37.19 0.01 0.58
Car -1.00 -1 0.30 0 542 442 713 1.56 1.89 4.44 -6.50 1.35 13.46 -0.15 0.55
