Car -1.00 -1 -3.49 1284 477 1550 563 1.62 1.89 4.44 11.92 0.57 25.28 -3.05 0.74
Car -1.00 -1 -3.56 1263 478 1519 561 1.63 1.93 4.44 11.86 0.58 26.34 -3.13 0.58
Car -1.00 -1 0.20 990 476 1228 562 1.62 1.90 4.46 5.93 0.56 25.65 0.43 0.57
Car -1.00 -1 1.32 1042 472 1185 564 1.69 1.92 4.56 5.89 0.53 25.60 1.55 0.54
Car -1.00 -1 -3.51 1236 475 1470 553 1.64 1.92 4.43 11.94 0.51 28.37 -3.11 0.52
Car -1.00 -1 1.26 1251 471 1431 552 1.67 1.92 4.48 11.70 0.46 28.62 1.65 0.49
Car -1.00 -1 -1.54 703 469 773 522 1.66 1.92 4.59 -2.56 0.16 42.24 -1.60 0.40
Car -1.00 -1 1.30 1167 476 1352 565 1.62 1.91 4.53 8.73 0.58 25.40 1.63 0.38
Car -1.00 -1 3.34 400 445 692 552 1.74 1.98 4.61 -4.57 0.13 21.93 3.13 0.36
Car -1.00 -1 -1.30 294 424 627 659 1.80 1.93 4.61 -3.08 0.42 12.05 -1.55 0.33
Car -1.00 -1 -3.26 1177 478 1432 565 1.62 1.90 4.43 9.62 0.59 25.04 -2.89 0.32
Car -1.00 -1 -1.44 708 465 772 521 1.67 1.90 4.57 -2.44 0.10 40.37 -1.50 0.30
