Car -1.00 -1 -2.62 1449 464 1600 900 1.63 1.89 4.51 4.56 0.76 6.96 -2.04 0.86
Car -1.00 -1 2.31 1168 503 1310 550 1.61 1.91 4.53 14.99 1.22 44.94 2.63 0.34
Car -1.00 -1 -1.73 947 496 1056 576 1.64 1.90 4.51 4.08 0.97 28.54 -1.59 0.34
Car -1.00 -1 -0.51 1578 503 1600 566 1.66 1.91 4.45 23.78 1.17 34.92 0.09 0.32
Car -1.00 -1 2.86 902 496 1104 570 1.64 1.91 4.51 4.34 0.96 29.58 3.00 0.32
Car -1.00 -1 0.74 1594 501 1600 568 1.71 1.93 4.54 23.50 1.16 35.18 1.33 0.31
Car -1.00 -1 -3.05 888 495 1106 570 1.61 1.90 4.46 4.01 0.91 28.37 -2.91 0.31
Car -1.00 -1 2.60 920 499 1114 568 1.60 1.88 4.39 4.94 0.99 31.15 2.76 0.29
Car -1.00 -1 1.62 941 499 1083 574 1.64 1.89 4.49 4.51 1.03 29.93 1.77 0.28
Car -1.00 -1 1.98 1599 501 1600 570 1.67 1.94 4.58 22.97 1.10 32.80 2.60 0.28
