Car -1.00 -1 3.61 0 474 210 544 1.55 1.88 4.42 -16.82 0.40 29.54 3.09 0.68
Car -1.00 -1 -2.59 0 476 174 549 1.56 1.86 4.35 -17.14 0.47 28.54 -3.13 0.66
Car -1.00 -1 0.62 0 469 81 551 1.59 1.88 4.36 -17.80 0.39 25.93 0.02 0.64
Car -1.00 -1 0.58 0 472 129 550 1.58 1.89 4.37 -17.49 0.43 27.22 0.01 0.63
Car -1.00 -1 0.52 0 466 55 552 1.58 1.89 4.43 -17.64 0.34 24.79 -0.10 0.62
Car -1.00 -1 -0.94 0 463 31 557 1.68 1.92 4.52 -17.97 0.38 25.19 -1.56 0.56
Car -1.00 -1 3.54 30 473 251 542 1.62 1.91 4.47 -16.65 0.40 31.31 3.05 0.54
Car -1.00 -1 0.05 247 446 414 504 1.69 1.95 4.59 -15.01 -0.48 39.21 -0.32 0.44
Car -1.00 -1 2.72 127 469 256 540 1.67 1.91 4.43 -15.85 0.34 32.03 2.26 0.42
Car -1.00 -1 2.02 125 469 284 539 1.65 1.91 4.45 -15.53 0.35 32.43 1.58 0.39
