Car -1.00 -1 -0.90 0 486 3 602 1.57 1.88 4.45 -15.21 1.14 19.47 -1.56 0.76
Car -1.00 -1 -1.20 0 470 221 567 1.74 1.94 4.67 -14.52 1.02 25.12 -1.72 0.57
Car -1.00 -1 -1.01 0 475 100 583 1.66 1.90 4.56 -15.04 1.05 21.85 -1.61 0.47
Car -1.00 -1 1.44 957 462 1034 519 1.74 1.96 4.63 5.65 0.74 42.38 1.57 0.38
Car -1.00 -1 3.14 687 479 842 536 1.65 1.93 4.50 -1.83 1.16 37.89 3.09 0.37
Car -1.00 -1 3.16 697 479 842 534 1.65 1.93 4.49 -1.77 1.19 39.84 3.11 0.35
Car -1.00 -1 2.89 932 462 1072 517 1.72 1.96 4.51 5.85 0.68 42.08 3.02 0.34
Car -1.00 -1 1.91 326 488 431 542 1.69 1.92 4.54 -15.04 1.56 42.34 1.57 0.32
Car -1.00 -1 1.63 730 473 796 530 1.72 1.95 4.60 -2.02 1.10 41.10 1.58 0.31
Car -1.00 -1 0.05 698 478 842 533 1.70 1.97 4.58 -1.80 1.17 40.88 0.00 0.31
Car -1.00 -1 -1.68 0 475 40 590 1.59 1.94 4.61 -15.32 0.99 19.71 -2.34 0.28
