Car -1.00 -1 1.51 878 470 960 533 1.64 1.88 4.45 2.81 0.31 35.55 1.58 0.66
Car -1.00 -1 -3.41 1106 477 1303 544 1.63 1.92 4.46 9.87 0.49 32.46 -3.11 0.63
Car -1.00 -1 1.53 881 470 972 535 1.61 1.84 4.45 2.85 0.31 33.60 1.61 0.55
Car -1.00 -1 -0.33 1091 480 1273 542 1.62 1.92 4.44 9.90 0.52 34.56 -0.05 0.54
Car -1.00 -1 1.52 886 465 984 537 1.63 1.85 4.47 2.86 0.26 31.37 1.61 0.50
Car -1.00 -1 1.34 1112 477 1233 543 1.68 1.92 4.49 9.78 0.52 35.11 1.61 0.44
Car -1.00 -1 1.59 747 446 830 521 1.72 1.92 4.59 -0.64 -0.14 31.73 1.57 0.40
Car -1.00 -1 -3.26 1076 478 1267 544 1.67 1.92 4.48 9.39 0.53 33.62 -2.99 0.36
Car -1.00 -1 0.08 700 447 890 517 1.67 1.95 4.60 -0.57 -0.21 31.64 0.06 0.33
Car -1.00 -1 1.50 1112 475 1269 545 1.67 1.94 4.53 9.55 0.49 32.74 1.79 0.31
