Car -1.00 -1 -2.32 1559 505 1600 771 1.52 1.87 4.48 7.77 0.89 9.63 -1.64 0.90
Car -1.00 -1 -1.51 679 476 779 556 1.61 1.87 4.46 -1.83 0.54 27.81 -1.58 0.66
Car -1.00 -1 -1.47 655 474 770 569 1.61 1.88 4.54 -1.87 0.56 24.04 -1.55 0.49
Car -1.00 -1 1.47 915 489 1133 632 1.57 1.85 4.49 2.46 0.80 16.13 1.62 0.40
Car -1.00 -1 -3.20 814 489 1038 568 1.53 1.87 4.34 2.14 0.74 25.72 -3.12 0.33
Car -1.00 -1 2.94 767 485 983 562 1.55 1.88 4.41 1.29 0.67 26.94 2.99 0.31
Car -1.00 -1 -1.48 782 482 894 562 1.58 1.89 4.47 0.37 0.66 27.57 -1.47 0.25
Car -1.00 -1 -3.19 813 486 1058 572 1.54 1.90 4.43 2.19 0.70 24.19 -3.10 0.24
Car -1.00 -1 1.57 865 489 1039 602 1.61 1.89 4.48 2.04 0.81 20.37 1.67 0.23
Car -1.00 -1 1.55 798 476 860 531 1.66 1.91 4.51 0.41 0.40 40.99 1.56 0.23
Car -1.00 -1 -1.62 847 487 951 570 1.64 1.91 4.56 1.71 0.77 27.45 -1.56 0.21
Car -1.00 -1 -1.47 660 479 766 564 1.59 1.90 4.55 -2.04 0.60 26.15 -1.55 0.21
