Car -1.00 -1 -1.32 389 468 589 587 1.57 1.86 4.47 -4.77 0.52 19.13 -1.57 0.76
Car -1.00 -1 0.35 335 464 656 583 1.69 1.90 4.50 -4.71 0.49 19.23 0.11 0.53
Car -1.00 -1 -0.66 0 388 195 690 1.83 1.96 4.71 -6.40 0.33 10.23 -1.22 0.31
Car -1.00 -1 0.01 626 456 818 526 1.66 1.95 4.50 -2.27 -0.01 31.42 -0.07 0.31
Car -1.00 -1 -1.43 666 449 752 527 1.75 1.95 4.57 -2.58 -0.04 31.20 -1.51 0.30
Car -1.00 -1 1.60 699 449 790 522 1.68 1.92 4.53 -1.73 -0.10 31.97 1.55 0.23
Car -1.00 -1 -2.82 375 442 683 566 1.96 2.05 4.85 -4.71 0.23 21.44 -3.04 0.23
Car -1.00 -1 -0.90 345 454 510 588 1.68 1.94 4.51 -5.74 0.41 18.32 -1.20 0.22
Car -1.00 -1 0.31 640 418 800 481 1.74 2.01 4.60 -2.97 -1.24 38.61 0.24 0.22
Car -1.00 -1 -1.51 702 431 775 496 1.79 1.97 4.60 -2.33 -0.81 39.09 -1.57 0.22
