Car -1.00 -1 -0.75 1335 346 1600 900 1.55 1.84 4.34 4.33 0.58 4.06 0.06 0.82
Car -1.00 -1 0.62 0 386 199 627 1.65 1.90 4.49 -7.24 0.48 9.77 -0.02 0.75
Car -1.00 -1 0.53 0 385 287 561 1.63 1.88 4.35 -7.64 0.33 12.85 -0.00 0.73
Car -1.00 -1 1.58 375 363 775 658 1.82 1.93 4.64 -1.36 0.46 10.17 1.45 0.73
Car -1.00 -1 0.63 0 380 205 596 1.68 1.91 4.43 -7.72 0.40 10.97 0.02 0.68
Car -1.00 -1 0.48 0 391 345 545 1.64 1.89 4.41 -7.67 0.33 14.66 -0.00 0.66
Car -1.00 -1 -0.59 1118 316 1600 705 1.72 1.94 4.57 4.29 0.33 6.69 -0.02 0.65
Car -1.00 -1 -2.40 0 384 79 670 1.73 1.92 4.48 -7.69 0.56 8.75 -3.12 0.64
Car -1.00 -1 2.74 954 389 1600 621 1.58 1.89 4.41 3.60 0.47 9.79 3.10 0.63
Car -1.00 -1 -0.65 1195 311 1600 819 1.77 1.92 4.45 4.30 0.46 5.42 0.02 0.63
