Car -1.00 -1 -0.76 1332 348 1600 900 1.56 1.83 4.33 4.32 0.58 4.08 0.05 0.82
Car -1.00 -1 0.42 0 369 199 618 1.64 1.89 4.51 -7.12 0.36 9.67 -0.22 0.75
Car -1.00 -1 0.53 0 383 306 561 1.66 1.89 4.40 -7.49 0.33 12.93 0.00 0.69
Car -1.00 -1 -0.36 953 382 1600 610 1.57 1.88 4.40 3.62 0.42 9.82 -0.01 0.68
Car -1.00 -1 -0.58 1116 312 1600 697 1.71 1.93 4.56 4.28 0.30 6.68 -0.01 0.67
Car -1.00 -1 -1.95 1081 361 1556 637 1.63 1.86 4.41 3.68 0.38 9.72 -1.59 0.66
Car -1.00 -1 0.35 63 397 432 519 1.62 1.91 4.49 -7.64 0.28 18.19 -0.05 0.65
Car -1.00 -1 -0.64 1188 311 1600 807 1.76 1.92 4.44 4.29 0.45 5.52 0.02 0.64
Car -1.00 -1 0.47 0 388 359 546 1.68 1.91 4.45 -7.54 0.33 14.69 -0.00 0.63
Car -1.00 -1 -2.40 0 381 64 680 1.73 1.92 4.48 -7.59 0.55 8.38 -3.14 0.62
Car -1.00 -1 0.55 0 388 206 593 1.63 1.90 4.45 -7.86 0.43 11.30 -0.06 0.58
