Car -1.00 -1 -3.23 1025 482 1331 592 1.69 1.90 4.46 5.89 0.74 20.83 -2.96 0.70
Car -1.00 -1 1.35 1010 500 1124 577 1.65 1.88 4.46 5.78 1.05 29.66 1.55 0.31
Car -1.00 -1 -3.32 1006 492 1285 590 1.64 1.91 4.40 5.75 0.86 22.43 -3.07 0.31
Car -1.00 -1 0.57 0 485 40 540 1.73 1.95 4.51 -28.13 0.69 41.24 -0.03 0.28
Car -1.00 -1 2.07 0 485 41 542 1.73 1.96 4.55 -27.88 0.73 41.39 1.48 0.28
Car -1.00 -1 1.49 31 502 185 550 1.66 1.93 4.48 -25.70 1.25 46.12 0.99 0.26
Car -1.00 -1 -1.07 59 509 179 557 1.68 1.94 4.47 -25.62 1.50 46.69 -1.57 0.26
Car -1.00 -1 -1.44 811 489 886 538 1.66 1.93 4.48 1.10 0.79 45.74 -1.42 0.24
Car -1.00 -1 -0.21 780 491 911 538 1.62 1.92 4.45 1.08 0.81 45.60 -0.19 0.22
Car -1.00 -1 1.53 1027 492 1230 591 1.65 1.91 4.53 5.62 0.88 23.46 1.77 0.20
Car -1.00 -1 -2.35 0 499 145 548 1.69 1.95 4.51 -26.43 1.13 44.64 -2.89 0.19
Car -1.00 -1 0.89 0 494 112 545 1.68 1.95 4.54 -26.96 0.96 43.51 0.33 0.18
Car -1.00 -1 2.07 0 491 85 546 1.72 1.95 4.60 -27.13 0.90 42.80 1.50 0.18
Car -1.00 -1 -2.41 0 447 84 528 1.74 1.96 4.54 -19.53 -0.06 28.81 -3.01 0.18
