Car -1.00 -1 1.74 504 455 625 531 1.70 1.92 4.58 -6.02 0.08 30.81 1.55 0.25
Car -1.00 -1 -3.40 1476 540 1600 603 1.64 1.91 4.41 20.92 2.20 35.25 -2.86 0.22
Car -1.00 -1 -2.15 1477 537 1600 604 1.65 1.93 4.51 20.41 2.14 35.23 -1.63 0.22
Car -1.00 -1 -0.67 1407 536 1600 599 1.61 1.92 4.45 19.11 2.10 35.26 -0.17 0.21
Car -1.00 -1 -1.93 1414 533 1585 599 1.65 1.92 4.48 18.94 2.02 35.37 -1.44 0.20
Car -1.00 -1 0.95 1425 537 1569 607 1.66 1.92 4.50 18.16 2.09 34.04 1.44 0.19
Car -1.00 -1 0.18 437 457 644 530 1.66 1.94 4.51 -6.55 0.06 30.44 -0.03 0.19
Car -1.00 -1 -0.29 1412 535 1600 601 1.67 1.94 4.47 18.51 2.01 33.80 0.21 0.18
Car -1.00 -1 -3.50 1416 538 1600 599 1.67 1.93 4.47 20.05 2.22 36.75 -3.00 0.18
Car -1.00 -1 1.01 1471 539 1600 605 1.68 1.93 4.52 20.92 2.27 36.49 1.53 0.18
Car -1.00 -1 -0.45 1447 537 1600 600 1.60 1.92 4.42 19.78 2.07 34.35 0.07 0.17
Car -1.00 -1 -1.47 662 474 730 526 1.67 1.94 4.54 -4.09 0.32 43.71 -1.56 0.17
Car -1.00 -1 -2.07 1433 535 1585 599 1.63 1.93 4.54 19.91 2.13 36.65 -1.57 0.17
