Car -1.00 -1 0.50 86 416 327 495 1.73 1.98 4.65 -14.16 -0.81 29.64 0.06 0.45
Car -1.00 -1 1.96 126 418 315 503 1.81 2.02 4.75 -13.82 -0.65 29.75 1.53 0.28
Car -1.00 -1 -1.37 555 459 632 511 1.64 1.93 4.53 -7.55 -0.18 43.29 -1.54 0.25
Car -1.00 -1 -1.57 1293 492 1499 565 1.68 1.95 4.56 14.44 0.90 31.88 -1.15 0.24
Car -1.00 -1 -0.48 1350 498 1517 553 1.75 1.97 4.58 20.37 1.12 41.93 -0.02 0.23
Car -1.00 -1 -0.26 1398 503 1558 555 1.66 1.92 4.51 21.86 1.22 41.90 0.22 0.23
Car -1.00 -1 -0.27 1538 508 1600 572 1.69 1.95 4.64 22.69 1.32 35.15 0.30 0.21
Car -1.00 -1 1.87 947 462 1084 519 1.65 1.91 4.48 6.03 0.01 38.85 2.02 0.21
Car -1.00 -1 -1.32 548 460 623 513 1.64 1.91 4.57 -7.47 -0.11 41.40 -1.50 0.20
Car -1.00 -1 -1.01 473 454 562 520 1.63 1.90 4.41 -8.05 -0.08 33.84 -1.25 0.19
Car -1.00 -1 -1.49 748 461 803 509 1.65 1.92 4.56 -1.55 -0.20 47.17 -1.52 0.19
