Car -1.00 -1 -3.42 1161 465 1600 653 1.65 1.89 4.52 5.85 0.83 12.35 -2.98 0.78
Car -1.00 -1 -3.41 1085 462 1519 616 1.68 1.92 4.42 5.55 0.81 15.00 -3.06 0.77
Car -1.00 -1 2.82 1029 479 1373 597 1.56 1.87 4.34 5.22 0.97 17.91 3.11 0.69
Car -1.00 -1 -0.10 1050 469 1432 606 1.69 1.93 4.48 5.49 0.88 16.84 0.22 0.66
Car -1.00 -1 0.83 0 481 183 588 1.67 1.93 4.54 -13.54 1.07 21.03 0.26 0.61
Car -1.00 -1 1.37 1080 471 1333 602 1.60 1.89 4.49 5.17 0.95 17.80 1.65 0.60
Car -1.00 -1 0.77 0 476 74 625 1.63 1.91 4.42 -11.95 0.95 15.19 0.11 0.59
Car -1.00 -1 -3.20 958 480 1228 575 1.66 1.94 4.54 4.93 1.08 23.56 -3.00 0.56
Car -1.00 -1 -0.05 892 464 1107 541 1.69 1.94 4.56 3.92 0.76 28.84 0.09 0.49
Car -1.00 -1 -1.67 938 463 1058 547 1.75 1.97 4.64 3.83 0.86 28.83 -1.54 0.48
