Car -1.00 -1 2.69 1233 485 1525 577 1.56 1.89 4.44 9.94 1.11 22.84 3.10 0.74
Car -1.00 -1 -3.52 1222 479 1492 567 1.58 1.89 4.33 10.06 1.03 23.99 -3.13 0.66
Car -1.00 -1 -3.62 1324 491 1600 603 1.65 1.93 4.49 10.54 1.21 19.88 -3.13 0.65
Car -1.00 -1 2.76 1191 479 1450 564 1.62 1.92 4.47 9.96 1.07 25.52 3.13 0.64
Car -1.00 -1 -3.56 1277 489 1588 591 1.65 1.92 4.44 10.46 1.21 21.87 -3.11 0.64
Car -1.00 -1 -3.43 1129 478 1341 549 1.64 1.92 4.44 9.78 1.07 30.21 -3.12 0.58
Car -1.00 -1 -3.43 1151 474 1381 551 1.62 1.91 4.40 9.73 0.96 27.97 -3.09 0.58
Car -1.00 -1 -2.02 1354 486 1600 600 1.61 1.90 4.44 10.42 1.16 20.07 -1.54 0.57
Car -1.00 -1 -1.98 1205 475 1359 560 1.69 1.93 4.55 9.82 1.08 27.42 -1.64 0.50
Car -1.00 -1 1.56 1213 479 1463 574 1.73 1.97 4.70 10.20 1.17 25.45 1.94 0.44
Car -1.00 -1 2.68 1155 475 1400 560 1.69 1.94 4.53 9.45 1.03 26.58 3.02 0.37
Car -1.00 -1 -3.40 1096 477 1274 538 1.69 1.96 4.55 10.34 1.10 36.36 -3.12 0.36
Car -1.00 -1 -2.02 1170 467 1289 544 1.73 1.97 4.62 9.73 0.93 30.60 -1.71 0.35
