Car -1.00 -1 2.23 1586 475 1600 900 1.52 1.85 4.39 5.77 0.73 4.93 3.09 0.88
Car -1.00 -1 2.48 1351 482 1600 787 1.53 1.84 4.36 5.70 0.75 7.43 3.13 0.82
Car -1.00 -1 0.29 239 452 640 592 1.60 1.88 4.43 -4.53 0.37 15.77 0.01 0.78
Car -1.00 -1 2.70 1153 467 1600 648 1.58 1.86 4.41 5.69 0.60 12.20 3.13 0.78
Car -1.00 -1 0.21 319 458 672 579 1.61 1.91 4.54 -4.47 0.38 18.15 -0.03 0.75
Car -1.00 -1 0.28 270 456 645 586 1.60 1.90 4.44 -4.61 0.38 16.81 0.02 0.74
Car -1.00 -1 -3.64 1252 475 1600 697 1.54 1.87 4.36 5.90 0.69 9.86 -3.10 0.74
Car -1.00 -1 -3.59 1211 470 1600 674 1.61 1.87 4.34 5.93 0.67 11.09 -3.10 0.72
Car -1.00 -1 0.26 366 458 686 574 1.63 1.90 4.43 -4.25 0.37 19.14 0.04 0.71
Car -1.00 -1 -3.40 1022 466 1346 575 1.56 1.88 4.38 5.50 0.43 19.31 -3.13 0.71
Car -1.00 -1 0.18 404 461 708 568 1.63 1.91 4.50 -4.12 0.37 20.59 -0.01 0.67
