Car -1.00 -1 -0.77 1333 345 1600 900 1.56 1.84 4.34 4.33 0.57 4.08 0.04 0.82
Car -1.00 -1 0.42 0 369 190 619 1.64 1.88 4.50 -7.20 0.36 9.70 -0.22 0.75
Car -1.00 -1 0.53 0 381 301 558 1.65 1.89 4.39 -7.54 0.30 12.93 0.00 0.69
Car -1.00 -1 -0.58 1117 312 1600 695 1.70 1.92 4.54 4.27 0.30 6.68 -0.01 0.68
Car -1.00 -1 2.78 948 390 1600 621 1.58 1.87 4.34 3.53 0.47 9.76 3.12 0.67
Car -1.00 -1 -0.63 1178 316 1600 798 1.76 1.92 4.45 4.28 0.46 5.64 0.02 0.65
Car -1.00 -1 0.36 61 397 430 518 1.62 1.91 4.49 -7.67 0.27 18.20 -0.04 0.64
Car -1.00 -1 0.47 0 386 355 543 1.67 1.91 4.44 -7.58 0.30 14.69 -0.00 0.64
Car -1.00 -1 -1.96 1077 384 1552 665 1.62 1.87 4.41 3.58 0.52 9.56 -1.61 0.62
Car -1.00 -1 3.87 0 372 69 676 1.76 1.94 4.54 -7.62 0.51 8.44 3.13 0.59
Car -1.00 -1 0.52 0 385 187 595 1.63 1.90 4.43 -7.90 0.41 11.05 -0.10 0.58
