Car -1.00 -1 2.18 1268 470 1513 558 1.75 1.96 4.59 12.25 0.47 27.07 2.60 0.36
Car -1.00 -1 -0.48 1518 469 1600 527 1.66 1.94 4.49 23.74 0.22 37.87 0.08 0.33
Car -1.00 -1 -0.18 377 459 565 527 1.70 1.95 4.62 -9.15 0.05 33.54 -0.45 0.32
Car -1.00 -1 0.97 1537 469 1600 528 1.67 1.92 4.51 23.74 0.24 37.89 1.53 0.28
Car -1.00 -1 0.96 1575 474 1600 534 1.66 1.93 4.52 24.79 0.39 37.56 1.55 0.27
Car -1.00 -1 -0.58 1469 475 1600 531 1.69 1.97 4.56 23.39 0.38 39.97 -0.05 0.23
Car -1.00 -1 -0.57 1448 474 1600 528 1.69 1.96 4.52 23.29 0.32 41.15 -0.05 0.23
Car -1.00 -1 -1.48 676 477 755 539 1.64 1.90 4.49 -2.78 0.49 35.77 -1.56 0.22
Car -1.00 -1 -1.98 1314 455 1441 515 1.74 1.92 4.53 17.17 -0.15 38.99 -1.57 0.20
Car -1.00 -1 -1.33 442 455 601 556 1.63 1.89 4.43 -5.18 0.27 22.87 -1.55 0.20
