Car -1.00 -1 0.37 163 411 514 531 1.61 1.88 4.37 -6.31 0.46 18.17 0.03 0.73
Car -1.00 -1 -1.23 277 411 479 528 1.64 1.88 4.44 -6.29 0.46 19.99 -1.53 0.72
Car -1.00 -1 0.34 217 413 533 521 1.62 1.89 4.41 -6.41 0.45 20.04 0.03 0.71
Car -1.00 -1 0.36 280 407 565 509 1.65 1.90 4.43 -6.16 0.35 21.82 0.09 0.65
Car -1.00 -1 -2.38 0 349 292 714 1.87 1.98 4.74 -5.77 0.50 7.72 -3.02 0.62
Car -1.00 -1 0.24 284 407 560 505 1.66 1.89 4.41 -6.49 0.32 22.83 -0.03 0.62
Car -1.00 -1 0.28 333 403 578 489 1.65 1.93 4.46 -6.62 0.17 25.62 0.03 0.61
Car -1.00 -1 -1.19 404 402 526 492 1.68 1.92 4.49 -6.46 0.18 25.80 -1.43 0.61
Car -1.00 -1 0.27 323 403 573 490 1.61 1.89 4.38 -6.51 0.17 24.65 0.01 0.59
Car -1.00 -1 1.82 300 410 500 518 1.66 1.89 4.48 -6.48 0.42 21.74 1.53 0.56
Car -1.00 -1 -0.88 354 406 499 510 1.67 1.92 4.53 -6.58 0.34 22.74 -1.16 0.55
Car -1.00 -1 -2.68 88 420 468 546 1.61 1.92 4.46 -6.80 0.60 17.32 -3.06 0.51
Car -1.00 -1 1.60 125 415 461 550 1.64 1.93 4.55 -6.73 0.56 17.83 1.24 0.48
Car -1.00 -1 0.19 508 421 662 478 1.69 1.95 4.50 -6.20 0.37 39.18 0.03 0.45
Car -1.00 -1 -0.97 531 418 632 476 1.69 1.93 4.53 -6.43 0.29 39.20 -1.13 0.44
Car -1.00 -1 3.30 466 424 633 483 1.63 1.89 4.40 -6.78 0.45 36.41 3.11 0.42
