Car -1.00 -1 -0.58 1463 446 1600 554 1.66 1.94 4.54 13.43 0.15 20.89 -0.00 0.66
Car -1.00 -1 -0.48 1516 444 1600 554 1.62 1.89 4.35 13.64 0.14 19.87 0.12 0.53
Car -1.00 -1 -0.63 1584 436 1600 558 1.63 1.90 4.40 13.79 0.10 18.19 0.02 0.50
Car -1.00 -1 -3.56 1392 450 1600 549 1.72 1.94 4.51 13.30 0.16 23.35 -3.04 0.44
Car -1.00 -1 2.39 1409 447 1600 553 1.72 1.96 4.55 13.03 0.15 22.10 2.92 0.43
Car -1.00 -1 1.10 1400 446 1600 556 1.75 1.98 4.68 12.63 0.19 22.74 1.61 0.34
Car -1.00 -1 -3.49 1213 468 1434 542 1.69 1.95 4.53 12.14 0.34 30.51 -3.11 0.34
Car -1.00 -1 1.07 1435 455 1600 567 1.64 1.91 4.49 12.34 0.33 20.94 1.60 0.26
Car -1.00 -1 -3.62 1346 452 1600 545 1.68 1.97 4.54 12.81 0.15 24.24 -3.13 0.24
Car -1.00 -1 -3.59 1323 457 1597 545 1.68 1.96 4.52 12.81 0.20 25.41 -3.13 0.23
