Car -1.00 -1 3.72 0 405 245 610 1.69 1.90 4.47 -7.63 0.59 11.60 3.14 0.71
Car -1.00 -1 -0.48 1126 350 1600 615 1.66 1.92 4.53 4.95 0.29 8.99 0.02 0.70
Car -1.00 -1 -0.40 1078 379 1600 586 1.72 1.93 4.47 5.15 0.39 11.63 0.02 0.66
Car -1.00 -1 -1.65 1116 338 1600 562 1.67 1.91 4.51 5.21 0.11 11.86 -1.23 0.66
Car -1.00 -1 -0.60 1263 324 1600 753 1.67 1.89 4.38 4.83 0.42 6.04 0.08 0.64
Car -1.00 -1 -0.44 1124 366 1600 611 1.72 1.91 4.39 5.13 0.38 9.97 0.04 0.63
Car -1.00 -1 -0.24 983 424 1303 535 1.60 1.89 4.40 5.40 0.62 19.53 0.03 0.63
Car -1.00 -1 2.34 1313 324 1600 900 1.67 1.88 4.30 4.36 0.54 4.36 3.13 0.62
Car -1.00 -1 -3.89 1281 272 1600 900 1.70 1.89 4.37 3.83 0.60 3.26 -3.03 0.61
Car -1.00 -1 -0.49 1155 350 1600 675 1.75 1.92 4.40 4.79 0.42 7.88 0.06 0.59
