Car -1.00 -1 -1.16 71 504 203 556 1.71 1.95 4.55 -23.96 1.33 44.91 -1.65 0.40
Car -1.00 -1 0.43 43 501 203 552 1.73 1.96 4.58 -24.36 1.22 44.60 -0.07 0.34
Car -1.00 -1 0.70 1005 475 1113 524 1.66 1.94 4.48 8.79 0.32 45.62 0.89 0.27
Car -1.00 -1 1.43 1019 477 1138 546 1.71 1.94 4.52 6.84 0.54 33.50 1.64 0.26
Car -1.00 -1 1.41 1011 476 1089 525 1.66 1.90 4.47 8.41 0.35 46.02 1.59 0.22
Car -1.00 -1 -2.61 10 501 173 551 1.66 1.92 4.47 -25.00 1.19 43.80 -3.13 0.21
Car -1.00 -1 -0.34 1071 474 1267 544 1.70 1.95 4.48 8.84 0.44 32.05 -0.07 0.20
Car -1.00 -1 -0.19 1003 477 1140 526 1.66 1.94 4.46 9.06 0.37 45.21 0.00 0.20
Car -1.00 -1 -1.88 1163 460 1306 538 1.74 1.94 4.51 10.01 0.20 30.69 -1.56 0.19
Car -1.00 -1 0.02 994 477 1186 545 1.70 1.93 4.51 7.13 0.53 33.12 0.23 0.19
