Car -1.00 -1 2.08 177 434 309 501 1.69 1.93 4.50 -15.74 -0.61 35.03 1.66 0.36
Car -1.00 -1 1.96 0 387 270 506 1.71 1.94 4.61 -11.24 -0.64 21.03 1.46 0.35
Car -1.00 -1 3.27 144 432 331 498 1.69 1.94 4.50 -15.88 -0.69 34.81 2.84 0.35
Car -1.00 -1 -1.14 216 437 350 504 1.72 1.94 4.60 -14.90 -0.52 35.67 -1.54 0.32
Car -1.00 -1 -2.45 0 386 77 498 1.68 1.97 4.58 -15.04 -0.76 20.80 -3.07 0.31
Car -1.00 -1 -2.67 191 445 381 507 1.65 1.94 4.55 -14.89 -0.41 35.75 -3.06 0.30
Car -1.00 -1 -1.01 0 376 132 495 1.66 1.93 4.52 -13.48 -0.82 20.85 -1.58 0.30
Car -1.00 -1 -0.90 0 377 67 498 1.69 1.95 4.55 -14.45 -0.77 20.65 -1.51 0.28
Car -1.00 -1 3.50 218 446 401 506 1.68 1.97 4.60 -14.94 -0.44 37.49 3.12 0.25
Car -1.00 -1 3.62 0 379 151 492 1.66 1.96 4.52 -13.38 -0.86 20.24 3.04 0.22
Car -1.00 -1 3.48 253 456 423 512 1.65 1.94 4.52 -14.86 -0.21 39.50 3.12 0.21
