Car -1.00 -1 2.47 0 369 224 900 1.63 1.87 4.51 -3.70 0.64 4.63 1.80 0.89
Car -1.00 -1 -1.98 1268 434 1600 592 1.74 1.91 4.62 7.68 0.28 16.34 -1.54 0.79
Car -1.00 -1 2.32 0 472 307 668 1.56 1.85 4.50 -6.23 0.67 12.44 1.86 0.78
Car -1.00 -1 -1.18 187 459 417 573 1.60 1.88 4.49 -8.01 0.39 20.24 -1.56 0.57
Car -1.00 -1 0.60 102 471 432 584 1.65 1.91 4.45 -8.48 0.57 19.97 0.20 0.44
Car -1.00 -1 0.42 209 470 364 521 1.71 1.96 4.54 -18.36 0.16 44.03 0.03 0.28
Car -1.00 -1 -2.68 12 468 369 584 1.64 1.92 4.45 -9.35 0.52 19.21 -3.13 0.27
Car -1.00 -1 1.55 225 468 370 520 1.73 1.98 4.57 -18.04 0.13 44.27 1.16 0.27
Car -1.00 -1 1.17 1222 431 1494 565 1.68 1.94 4.77 7.59 0.12 18.33 1.56 0.27
Car -1.00 -1 -0.69 119 461 275 583 1.64 1.90 4.42 -9.38 0.45 19.38 -1.14 0.27
