Car -1.00 -1 2.61 549 443 702 507 1.91 2.07 4.98 -6.21 -0.48 40.92 2.46 0.29
Car -1.00 -1 3.24 362 468 536 524 1.63 1.93 4.60 -10.93 0.14 37.82 2.96 0.27
Car -1.00 -1 1.88 375 460 485 521 1.73 1.96 4.58 -11.62 0.01 38.40 1.58 0.25
Car -1.00 -1 -2.75 339 463 504 520 1.67 1.94 4.51 -12.02 0.03 38.82 -3.05 0.25
Car -1.00 -1 -1.27 357 462 467 519 1.65 1.91 4.46 -12.36 0.01 39.03 -1.58 0.20
Car -1.00 -1 -0.48 577 445 737 508 1.86 2.06 4.87 -5.05 -0.42 39.81 -0.61 0.16
Car -1.00 -1 0.06 412 467 589 527 1.68 1.98 4.63 -9.23 0.16 37.16 -0.18 0.16
Car -1.00 -1 -1.44 619 445 700 509 1.91 2.02 4.81 -4.95 -0.40 40.67 -1.57 0.15
Car -1.00 -1 -0.35 1013 467 1150 515 1.66 1.96 4.59 9.26 -0.01 44.54 -0.15 0.15
Car -1.00 -1 0.10 597 450 751 509 1.80 1.99 4.61 -4.43 -0.35 39.96 -0.01 0.14
