Car -1.00 -1 3.56 22 475 367 586 1.62 1.89 4.48 -9.84 0.96 19.75 3.10 0.78
Car -1.00 -1 3.65 0 482 308 607 1.58 1.87 4.39 -9.68 1.02 17.14 3.14 0.78
Car -1.00 -1 -2.70 79 470 401 579 1.67 1.92 4.39 -9.56 0.91 20.70 -3.13 0.78
Car -1.00 -1 3.54 135 475 432 575 1.66 1.92 4.44 -9.57 0.99 22.33 3.13 0.77
Car -1.00 -1 -2.52 0 481 234 631 1.57 1.88 4.35 -9.46 0.97 14.43 -3.10 0.74
Car -1.00 -1 2.15 0 481 209 646 1.62 1.88 4.44 -9.24 1.05 14.64 1.58 0.66
Car -1.00 -1 2.12 0 492 271 636 1.69 1.94 4.67 -9.53 1.24 17.15 1.62 0.62
Car -1.00 -1 1.24 0 477 305 626 1.62 1.91 4.42 -9.20 1.00 15.83 0.71 0.48
Car -1.00 -1 -1.83 166 471 455 572 1.67 1.94 4.56 -9.38 0.98 23.12 -2.22 0.48
Car -1.00 -1 -2.81 357 467 564 540 1.71 1.97 4.56 -8.95 0.86 30.92 -3.10 0.44
Car -1.00 -1 -2.55 299 478 518 556 1.68 1.94 4.52 -9.35 1.07 28.35 -2.87 0.44
Car -1.00 -1 3.48 210 480 477 570 1.62 1.91 4.43 -9.27 1.08 24.31 3.12 0.43
Car -1.00 -1 -1.67 358 482 542 555 1.65 1.90 4.45 -9.08 1.22 30.63 -1.96 0.40
Car -1.00 -1 1.96 249 469 436 569 1.73 1.93 4.60 -9.23 0.98 24.35 1.59 0.39
