Car -1.00 -1 1.66 1189 471 1348 529 1.62 1.91 4.46 13.45 0.28 37.92 2.00 0.44
Car -1.00 -1 -1.93 1253 471 1375 530 1.68 1.91 4.46 14.97 0.29 38.38 -1.56 0.34
Car -1.00 -1 1.13 1284 471 1400 528 1.63 1.89 4.42 15.92 0.27 38.57 1.52 0.32
Car -1.00 -1 -2.04 1428 471 1600 546 1.67 1.91 4.49 16.85 0.41 30.54 -1.54 0.25
Car -1.00 -1 -0.91 1251 470 1420 529 1.65 1.92 4.45 15.52 0.24 37.91 -0.52 0.24
Car -1.00 -1 -0.75 1407 470 1600 541 1.63 1.91 4.47 16.86 0.33 30.56 -0.25 0.22
Car -1.00 -1 1.22 975 470 1049 534 1.68 1.90 4.45 5.61 0.30 35.86 1.38 0.22
Car -1.00 -1 2.62 920 481 1129 555 1.59 1.90 4.38 4.75 0.58 28.82 2.78 0.19
Car -1.00 -1 1.16 1304 475 1429 533 1.70 1.95 4.53 17.05 0.40 39.50 1.57 0.19
Car -1.00 -1 -1.90 1160 474 1264 531 1.66 1.94 4.53 12.23 0.36 39.44 -1.60 0.17
