Car -1.00 -1 -1.45 55 483 286 567 1.76 1.96 4.64 -14.74 0.76 29.24 -1.91 0.61
Car -1.00 -1 -2.95 565 493 708 546 1.71 1.93 4.53 -5.94 0.94 42.32 -3.09 0.55
Car -1.00 -1 2.10 0 496 92 568 1.62 1.86 4.37 -19.87 0.96 30.80 1.53 0.43
Car -1.00 -1 -1.19 207 503 507 681 1.64 1.88 4.39 -4.78 0.98 13.91 -1.52 0.42
Car -1.00 -1 -1.08 27 488 211 563 1.63 1.88 4.39 -16.38 0.79 30.03 -1.58 0.30
Car -1.00 -1 -1.30 0 493 132 567 1.63 1.91 4.43 -18.90 0.89 30.25 -1.85 0.29
Car -1.00 -1 0.59 0 494 197 563 1.59 1.88 4.39 -17.63 0.88 30.58 0.06 0.26
Car -1.00 -1 3.23 0 453 308 621 1.75 1.98 4.69 -8.58 0.50 15.08 2.71 0.25
Car -1.00 -1 1.89 370 492 472 547 1.63 1.89 4.43 -12.41 0.88 40.10 1.58 0.25
Car -1.00 -1 1.86 588 484 651 539 1.73 1.95 4.65 -6.54 0.68 42.38 1.71 0.25
Car -1.00 -1 -1.43 617 494 690 549 1.76 1.95 4.53 -5.45 1.00 42.82 -1.55 0.24
