Car -1.00 -1 2.09 96 435 533 776 1.64 1.86 4.48 -2.94 0.59 8.45 1.75 0.88
Car -1.00 -1 -1.31 671 471 813 571 1.58 1.89 4.59 -1.43 0.51 22.41 -1.38 0.73
Car -1.00 -1 2.06 319 454 513 601 1.64 1.87 4.49 -5.01 0.44 16.45 1.76 0.59
Car -1.00 -1 1.70 1097 435 1312 522 1.74 1.96 4.63 8.43 -0.23 27.97 2.00 0.51
Car -1.00 -1 -0.31 1109 441 1338 519 1.65 1.94 4.48 8.96 -0.23 28.14 -0.00 0.29
Car -1.00 -1 -2.59 237 459 617 593 1.62 1.92 4.54 -5.04 0.46 16.81 -2.88 0.27
Car -1.00 -1 -1.68 934 440 999 489 1.70 1.90 4.46 5.68 -0.98 48.39 -1.57 0.24
Car -1.00 -1 -1.97 1461 443 1600 541 1.68 1.91 4.47 14.69 0.05 24.30 -1.42 0.23
Car -1.00 -1 -0.52 1446 443 1600 536 1.69 1.95 4.50 14.79 -0.01 24.25 0.03 0.23
Car -1.00 -1 2.00 636 467 807 569 1.72 1.96 4.81 -1.92 0.50 23.93 1.92 0.22
Car -1.00 -1 2.37 895 445 1023 493 1.70 1.95 4.49 5.40 -0.80 48.15 2.48 0.21
Car -1.00 -1 -0.34 1120 444 1342 519 1.64 1.94 4.48 9.44 -0.20 29.09 -0.02 0.21
Car -1.00 -1 -1.52 0 403 161 511 1.71 1.94 4.51 -14.56 -0.52 22.84 -2.09 0.21
