Car -1.00 -1 -1.41 487 484 692 616 1.57 1.87 4.53 -3.08 1.08 17.24 -1.59 0.85
Car -1.00 -1 -0.38 1166 478 1557 604 1.57 1.90 4.46 7.13 0.96 17.04 0.02 0.75
Car -1.00 -1 -0.24 1009 475 1249 562 1.67 1.91 4.43 6.09 1.01 25.65 -0.00 0.51
Car -1.00 -1 1.71 590 460 715 557 1.82 1.97 4.74 -3.52 0.86 26.16 1.58 0.47
Car -1.00 -1 0.29 377 469 532 526 1.82 2.03 4.69 -12.67 0.96 42.89 0.00 0.39
Car -1.00 -1 -1.92 1152 480 1346 589 1.67 1.91 4.50 7.08 1.12 21.54 -1.60 0.37
Car -1.00 -1 -2.88 1105 481 1368 587 1.65 1.90 4.44 7.10 1.10 21.58 -2.56 0.33
Car -1.00 -1 0.62 1003 475 1194 562 1.67 1.92 4.50 5.83 1.06 26.50 0.83 0.33
Car -1.00 -1 -1.82 1082 472 1248 566 1.62 1.89 4.43 6.33 0.96 23.97 -1.56 0.31
Car -1.00 -1 1.45 943 485 1049 559 1.62 1.90 4.53 3.99 1.28 30.23 1.58 0.30
Car -1.00 -1 -1.86 985 483 1078 561 1.64 1.91 4.44 4.63 1.23 28.84 -1.70 0.29
Car -1.00 -1 -3.41 1133 461 1285 515 1.71 1.96 4.52 12.94 0.63 42.64 -3.11 0.29
Car -1.00 -1 1.30 1010 481 1119 563 1.65 1.91 4.50 5.14 1.18 27.63 1.48 0.29
