Car -1.00 -1 -1.67 872 460 934 513 1.71 1.91 4.54 2.87 -0.12 42.87 -1.60 0.66
Car -1.00 -1 -0.55 1226 469 1550 574 1.59 1.89 4.45 9.14 0.47 20.59 -0.13 0.56
Car -1.00 -1 2.52 1580 468 1600 525 1.70 1.96 4.63 26.62 0.18 39.28 3.11 0.43
Car -1.00 -1 2.76 1214 464 1378 519 1.68 1.94 4.52 15.29 0.02 40.56 3.12 0.41
Car -1.00 -1 1.77 831 454 926 509 1.66 1.92 4.45 1.99 -0.28 41.86 1.82 0.37
Car -1.00 -1 2.69 1164 467 1476 575 1.71 1.94 4.52 8.36 0.48 21.37 3.06 0.37
Car -1.00 -1 1.21 1205 466 1426 578 1.69 1.93 4.54 8.32 0.50 21.58 1.58 0.35
Car -1.00 -1 1.58 779 448 843 505 1.68 1.92 4.49 -0.16 -0.43 40.31 1.57 0.34
Car -1.00 -1 1.79 456 444 573 514 1.71 1.93 4.57 -7.83 -0.27 33.29 1.56 0.32
Car -1.00 -1 1.31 1121 459 1219 514 1.67 1.93 4.53 11.53 -0.12 41.61 1.58 0.29
Car -1.00 -1 -1.79 1044 465 1130 519 1.67 1.91 4.49 8.85 0.06 41.72 -1.58 0.28
