Car -1.00 -1 -1.56 670 447 774 525 1.75 1.94 4.59 -2.23 -0.08 31.25 -1.63 0.51
Car -1.00 -1 2.15 359 425 465 512 1.65 1.93 4.53 -8.44 -0.41 26.78 1.84 0.41
Car -1.00 -1 2.01 565 443 670 517 1.64 1.92 4.51 -4.88 -0.21 30.63 1.86 0.36
Car -1.00 -1 0.61 451 434 658 511 1.71 1.95 4.58 -6.31 -0.42 30.56 0.41 0.32
Car -1.00 -1 -1.35 493 428 609 507 1.73 1.94 4.56 -6.34 -0.52 30.78 -1.55 0.31
Car -1.00 -1 1.70 443 429 588 510 1.73 1.92 4.54 -6.91 -0.45 29.62 1.47 0.29
Car -1.00 -1 1.58 704 464 775 516 1.67 1.92 4.56 -2.59 -0.00 43.78 1.52 0.26
Car -1.00 -1 1.73 629 447 720 522 1.67 1.93 4.55 -3.41 -0.12 31.15 1.62 0.26
Car -1.00 -1 0.40 412 431 620 511 1.70 1.94 4.48 -6.81 -0.43 29.07 0.17 0.25
Car -1.00 -1 0.11 312 428 555 511 1.66 1.94 4.54 -8.08 -0.43 26.90 -0.18 0.23
