Car -1.00 -1 -1.37 422 444 693 640 1.58 1.85 4.42 -2.33 0.45 12.55 -1.55 0.80
Car -1.00 -1 -2.89 307 466 800 640 1.56 1.87 4.43 -2.43 0.58 12.50 -3.08 0.69
Car -1.00 -1 -1.73 966 498 1064 567 1.66 1.90 4.49 5.12 1.04 33.20 -1.58 0.55
Car -1.00 -1 -1.56 780 466 853 531 1.70 1.92 4.54 -0.00 0.22 35.78 -1.56 0.34
Car -1.00 -1 -1.87 1026 443 1157 548 1.90 2.00 4.70 5.42 0.11 25.50 -1.66 0.30
Car -1.00 -1 0.69 1123 467 1223 519 1.69 1.94 4.51 12.21 0.10 43.14 0.97 0.30
Car -1.00 -1 0.62 737 468 908 533 1.71 1.95 4.52 0.21 0.28 35.58 0.62 0.28
Car -1.00 -1 -0.30 1107 468 1257 520 1.69 1.95 4.52 12.37 0.10 43.02 -0.02 0.27
Car -1.00 -1 -1.02 942 503 1125 573 1.67 1.93 4.40 5.50 1.15 32.56 -0.85 0.27
Car -1.00 -1 1.56 586 442 671 491 1.69 1.91 4.45 -7.08 -0.91 48.25 1.41 0.26
Car -1.00 -1 1.72 514 455 683 573 1.69 1.89 4.49 -3.39 0.37 20.57 1.55 0.26
Car -1.00 -1 -1.84 1115 470 1206 523 1.71 1.93 4.50 11.76 0.19 43.61 -1.58 0.25
