Car -1.00 -1 -1.11 78 519 215 576 1.71 1.93 4.56 -21.63 1.78 41.14 -1.60 0.39
Car -1.00 -1 2.82 1043 488 1226 550 1.56 1.88 4.40 8.28 0.72 33.29 3.06 0.34
Car -1.00 -1 2.30 1084 465 1247 521 1.69 1.96 4.58 11.02 0.06 40.05 2.56 0.30
Car -1.00 -1 -1.82 1095 473 1191 529 1.68 1.92 4.58 10.46 0.34 40.87 -1.57 0.30
Car -1.00 -1 -1.07 0 514 95 582 1.81 1.99 4.73 -23.21 1.56 36.40 -1.64 0.25
Car -1.00 -1 2.67 1138 465 1300 520 1.66 1.94 4.54 12.43 0.04 39.34 2.97 0.25
Car -1.00 -1 -2.57 0 516 108 581 1.77 1.98 4.63 -23.23 1.62 36.36 -3.14 0.24
Car -1.00 -1 2.88 1003 485 1180 547 1.60 1.90 4.38 7.31 0.65 33.96 3.10 0.23
Car -1.00 -1 3.27 45 518 202 575 1.71 1.96 4.53 -22.17 1.72 40.55 2.77 0.22
Car -1.00 -1 1.39 1033 485 1143 550 1.64 1.89 4.47 7.26 0.69 34.32 1.60 0.22
Car -1.00 -1 2.87 1051 472 1211 528 1.68 1.96 4.53 9.78 0.28 39.65 3.11 0.21
Car -1.00 -1 -1.77 1042 470 1118 518 1.69 1.92 4.54 9.88 0.12 47.80 -1.57 0.21
Car -1.00 -1 1.33 1071 475 1154 525 1.68 1.91 4.53 10.45 0.34 44.95 1.56 0.20
