Car -1.00 -1 -1.64 732 453 1038 709 1.56 1.87 4.49 0.42 0.81 9.97 -1.60 0.88
Car -1.00 -1 -1.36 380 461 647 630 1.65 1.88 4.53 -3.40 0.86 14.59 -1.59 0.81
Car -1.00 -1 -2.42 1350 423 1600 714 1.59 1.88 4.46 5.01 0.67 9.27 -1.93 0.78
Car -1.00 -1 1.65 600 470 742 570 1.64 1.89 4.50 -2.72 0.95 22.96 1.53 0.74
Car -1.00 -1 -1.65 796 458 956 600 1.66 1.87 4.45 0.66 0.82 17.07 -1.61 0.61
Car -1.00 -1 -0.46 905 471 1070 532 1.71 1.96 4.60 4.87 0.99 37.78 -0.33 0.49
Car -1.00 -1 2.75 1200 461 1395 527 1.76 1.99 4.73 13.22 0.70 35.43 3.11 0.45
Car -1.00 -1 2.19 0 508 180 629 1.75 1.94 4.78 -12.90 1.59 20.93 1.64 0.41
Car -1.00 -1 -0.53 914 478 1073 535 1.65 1.94 4.57 5.22 1.17 39.23 -0.40 0.39
Car -1.00 -1 0.27 0 512 209 619 1.66 1.92 4.57 -12.93 1.57 20.92 -0.29 0.36
