Car -1.00 -1 -3.10 772 469 968 542 1.70 1.96 4.55 0.99 0.88 30.35 -3.07 0.65
Car -1.00 -1 2.90 1025 467 1236 540 1.66 1.94 4.55 7.20 0.83 30.00 3.14 0.64
Car -1.00 -1 -2.98 534 470 732 544 1.69 1.95 4.52 -4.63 0.92 30.46 -3.13 0.57
Car -1.00 -1 -0.18 935 462 1104 524 1.68 1.97 4.58 5.50 0.69 36.12 -0.03 0.49
Car -1.00 -1 2.90 1026 467 1230 538 1.66 1.97 4.56 7.39 0.84 31.03 3.13 0.48
Car -1.00 -1 0.01 713 463 875 526 1.72 1.94 4.52 -0.90 0.73 36.11 -0.02 0.44
Car -1.00 -1 -1.00 720 458 857 526 1.77 1.96 4.60 -1.19 0.71 36.23 -1.03 0.41
Car -1.00 -1 1.98 621 468 730 542 1.70 1.94 4.56 -3.84 0.94 31.07 1.86 0.39
Car -1.00 -1 3.08 619 470 818 542 1.67 1.94 4.56 -2.61 0.92 30.90 3.00 0.38
Car -1.00 -1 -2.89 563 472 745 539 1.68 1.97 4.55 -4.47 0.95 32.75 -3.03 0.34
