Car -1.00 -1 -3.43 1102 471 1291 535 1.66 1.94 4.50 10.15 0.32 34.09 -3.14 0.56
Car -1.00 -1 -0.27 1093 478 1270 538 1.65 1.93 4.47 10.38 0.48 36.18 0.01 0.49
Car -1.00 -1 1.50 1121 472 1273 540 1.70 1.95 4.57 10.15 0.41 34.21 1.79 0.43
Car -1.00 -1 -0.45 1289 467 1488 532 1.66 1.93 4.49 15.39 0.23 34.23 -0.03 0.42
Car -1.00 -1 -1.83 1121 473 1232 535 1.67 1.90 4.47 10.36 0.39 36.77 -1.56 0.39
Car -1.00 -1 1.21 1283 465 1428 533 1.72 1.92 4.48 14.63 0.24 34.66 1.61 0.38
Car -1.00 -1 1.23 1247 467 1388 534 1.71 1.93 4.54 13.57 0.27 34.58 1.60 0.34
Car -1.00 -1 3.15 674 444 855 511 1.67 1.93 4.51 -1.27 -0.34 32.55 3.11 0.33
Car -1.00 -1 -1.63 910 470 1018 541 1.58 1.88 4.56 3.52 0.36 30.90 -1.52 0.32
Car -1.00 -1 -1.64 903 472 998 535 1.56 1.89 4.55 3.48 0.34 33.59 -1.54 0.30
Car -1.00 -1 -0.39 1266 470 1455 532 1.69 1.94 4.50 15.34 0.28 35.87 0.01 0.27
