Car -1.00 -1 -1.68 927 466 1044 550 1.74 1.91 4.63 3.71 0.38 28.56 -1.55 0.64
Car -1.00 -1 -2.91 436 462 684 548 1.58 1.90 4.47 -4.91 0.27 24.76 -3.11 0.63
Car -1.00 -1 -1.52 637 460 731 525 1.66 1.89 4.49 -3.56 0.06 34.86 -1.62 0.56
Car -1.00 -1 1.92 503 456 614 547 1.61 1.89 4.42 -4.93 0.23 24.74 1.73 0.44
Car -1.00 -1 3.04 582 463 762 525 1.65 1.94 4.52 -3.92 0.08 34.70 2.92 0.41
Car -1.00 -1 -1.67 920 461 1032 542 1.79 1.99 4.96 3.76 0.27 30.69 -1.55 0.28
Car -1.00 -1 -1.53 648 460 740 524 1.76 1.98 4.78 -3.51 0.06 37.34 -1.63 0.26
Car -1.00 -1 -2.97 588 461 760 525 1.75 2.00 4.75 -4.01 0.06 36.27 -3.08 0.25
Car -1.00 -1 1.53 671 462 762 521 1.71 1.96 4.59 -3.05 0.04 39.75 1.45 0.24
Car -1.00 -1 -2.87 631 461 791 521 1.73 1.97 4.65 -3.22 0.02 38.41 -2.95 0.24
Car -1.00 -1 -2.90 462 465 696 549 1.61 1.92 4.46 -4.74 0.32 25.84 -3.08 0.22
Car -1.00 -1 -3.00 597 463 759 523 1.70 1.97 4.60 -4.02 0.06 37.39 -3.11 0.22
