Car -1.00 -1 0.38 132 486 439 586 1.58 1.89 4.38 -9.09 1.12 21.31 -0.02 0.70
Car -1.00 -1 -2.73 182 479 459 571 1.60 1.89 4.39 -9.33 1.03 23.37 -3.11 0.70
Car -1.00 -1 3.43 237 481 487 566 1.64 1.90 4.39 -9.41 1.11 25.62 3.08 0.68
Car -1.00 -1 1.96 216 487 412 584 1.61 1.87 4.40 -9.40 1.23 23.39 1.58 0.58
Car -1.00 -1 -1.34 338 473 506 560 1.78 1.96 4.68 -9.01 1.09 28.35 -1.65 0.50
Car -1.00 -1 -1.22 279 476 457 569 1.69 1.93 4.51 -9.14 1.09 25.42 -1.57 0.49
Car -1.00 -1 -0.65 257 483 414 583 1.61 1.90 4.43 -8.94 1.15 22.60 -1.03 0.49
Car -1.00 -1 2.41 183 482 325 594 1.63 1.90 4.43 -9.40 1.12 20.70 1.99 0.48
Car -1.00 -1 3.44 309 477 535 555 1.69 1.93 4.51 -9.12 1.06 28.49 3.13 0.46
Car -1.00 -1 -1.19 213 482 425 585 1.62 1.90 4.46 -8.73 1.13 22.01 -1.57 0.32
Car -1.00 -1 -1.31 406 479 544 557 1.70 1.94 4.62 -8.26 1.17 29.89 -1.58 0.31
