Car -1.00 -1 -1.80 976 462 1212 630 1.67 1.90 4.55 3.08 0.59 15.02 -1.60 0.81
Car -1.00 -1 1.49 876 503 952 562 1.62 1.88 4.43 2.79 1.17 37.13 1.57 0.54
Car -1.00 -1 0.59 826 506 987 567 1.68 1.96 4.61 2.72 1.29 37.38 0.66 0.37
Car -1.00 -1 1.55 838 509 914 568 1.64 1.92 4.50 1.71 1.34 37.59 1.59 0.25
Car -1.00 -1 -1.15 0 485 154 541 1.70 1.94 4.56 -23.53 0.68 40.51 -1.67 0.23
Car -1.00 -1 -2.86 777 511 940 568 1.62 1.91 4.44 1.24 1.40 37.49 -2.82 0.22
Car -1.00 -1 -2.14 1549 477 1600 546 1.63 1.88 4.44 20.99 0.53 32.43 -1.57 0.22
Car -1.00 -1 -2.57 0 484 166 538 1.67 1.94 4.48 -23.57 0.62 40.53 -3.10 0.21
Car -1.00 -1 -1.38 491 469 611 545 1.71 1.92 4.50 -6.37 0.39 30.88 -1.58 0.21
Car -1.00 -1 -3.42 1554 479 1600 545 1.59 1.90 4.42 21.29 0.53 32.19 -2.83 0.20
Car -1.00 -1 3.27 446 465 649 537 1.69 1.94 4.47 -6.49 0.24 30.88 3.07 0.18
