Car -1.00 -1 -2.48 0 386 328 684 1.61 1.88 4.33 -5.37 0.55 7.89 -3.08 0.79
Car -1.00 -1 3.93 0 282 185 838 1.79 1.95 4.67 -5.26 0.40 5.14 3.13 0.73
Car -1.00 -1 2.61 0 337 122 694 1.61 1.88 4.47 -5.44 0.37 8.14 2.02 0.72
Car -1.00 -1 -2.39 0 346 218 753 1.67 1.91 4.37 -5.43 0.48 6.23 -3.11 0.72
Car -1.00 -1 -2.75 234 398 556 514 1.65 1.90 4.40 -5.86 0.28 19.37 -3.04 0.69
Car -1.00 -1 3.58 0 406 430 614 1.61 1.87 4.37 -5.55 0.57 10.94 3.11 0.69
Car -1.00 -1 -2.85 292 401 582 506 1.67 1.92 4.42 -5.84 0.26 21.52 -3.11 0.68
Car -1.00 -1 2.05 367 395 499 503 1.66 1.89 4.44 -5.93 0.19 21.64 1.78 0.55
Car -1.00 -1 1.78 540 409 630 476 1.67 1.91 4.51 -5.33 0.12 33.87 1.62 0.46
Car -1.00 -1 -2.92 490 409 669 477 1.70 1.96 4.52 -5.45 0.14 33.67 -3.08 0.40
