Car -1.00 -1 -2.72 0 387 464 559 1.66 1.90 4.48 -5.92 0.36 13.46 -3.13 0.75
Car -1.00 -1 -2.75 83 386 484 525 1.68 1.94 4.47 -6.45 0.22 16.59 -3.12 0.64
Car -1.00 -1 2.75 131 373 429 525 1.73 1.94 4.61 -6.79 0.13 16.66 2.37 0.61
Car -1.00 -1 -2.65 1 383 451 539 1.66 1.90 4.37 -6.30 0.27 14.64 -3.05 0.58
Car -1.00 -1 -2.93 449 399 633 465 1.61 1.91 4.41 -6.30 -0.14 32.78 -3.12 0.57
Car -1.00 -1 -2.79 174 391 513 511 1.70 1.92 4.48 -6.60 0.19 19.19 -3.13 0.53
Car -1.00 -1 3.32 465 402 642 465 1.62 1.91 4.41 -6.24 -0.11 34.14 3.14 0.51
Car -1.00 -1 3.47 131 391 498 516 1.67 1.93 4.53 -6.65 0.21 18.15 3.12 0.46
Car -1.00 -1 2.10 280 387 444 511 1.69 1.91 4.44 -6.44 0.17 19.60 1.78 0.45
Car -1.00 -1 1.15 441 405 622 475 1.68 1.93 4.49 -6.56 0.06 32.91 0.95 0.43
