Car -1.00 -1 2.06 82 429 539 772 1.67 1.87 4.50 -2.98 0.58 8.54 1.72 0.87
Car -1.00 -1 2.03 314 453 519 603 1.65 1.88 4.53 -4.98 0.45 16.39 1.73 0.54
Car -1.00 -1 -1.08 598 469 708 536 1.68 1.92 4.55 -4.48 0.32 34.19 -1.21 0.52
Car -1.00 -1 -1.14 999 447 1194 522 1.69 1.93 4.52 6.80 -0.12 31.18 -0.92 0.48
Car -1.00 -1 -1.87 1194 447 1344 521 1.68 1.92 4.55 11.10 -0.13 31.41 -1.53 0.25
Car -1.00 -1 -1.68 935 437 1000 487 1.71 1.91 4.46 5.72 -1.07 48.39 -1.56 0.24
Car -1.00 -1 1.86 0 403 182 512 1.75 1.97 4.70 -14.16 -0.52 23.12 1.31 0.23
Car -1.00 -1 -2.20 197 427 438 514 1.72 1.97 4.57 -10.82 -0.39 27.58 -2.57 0.21
Car -1.00 -1 1.82 597 468 672 533 1.72 1.95 4.65 -5.06 0.28 35.76 1.68 0.21
Car -1.00 -1 -2.71 897 443 1025 493 1.75 1.97 4.55 5.50 -0.86 48.05 -2.60 0.21
