Car -1.00 -1 -2.58 1171 513 1454 692 1.67 1.91 4.46 5.72 1.10 14.25 -2.20 0.85
Car -1.00 -1 2.52 1507 527 1600 583 1.58 1.89 4.44 23.43 1.88 37.93 3.08 0.42
Car -1.00 -1 2.56 1476 526 1600 580 1.60 1.91 4.40 23.40 1.90 39.71 3.09 0.30
Car -1.00 -1 1.24 1160 539 1248 590 1.63 1.89 4.46 13.53 2.51 44.43 1.53 0.29
Car -1.00 -1 -2.54 872 525 1042 592 1.62 1.90 4.45 3.74 1.70 33.25 -2.43 0.28
Car -1.00 -1 -1.69 915 525 1005 592 1.59 1.89 4.49 3.71 1.71 33.40 -1.58 0.27
Car -1.00 -1 2.31 1557 522 1600 581 1.65 1.92 4.50 25.18 1.78 38.20 2.89 0.24
Car -1.00 -1 -3.64 1447 528 1600 581 1.63 1.90 4.42 22.96 2.00 40.70 -3.12 0.22
Car -1.00 -1 -2.08 1477 525 1600 581 1.67 1.92 4.47 23.34 1.93 40.60 -1.55 0.22
Car -1.00 -1 0.22 1135 539 1270 590 1.66 1.94 4.54 13.59 2.54 44.54 0.52 0.22
