Car -1.00 -1 0.09 258 468 424 524 1.64 1.92 4.45 -14.53 0.15 38.79 -0.27 0.54
Car -1.00 -1 0.01 311 465 468 520 1.71 1.95 4.60 -13.95 0.05 41.42 -0.32 0.47
Car -1.00 -1 0.72 0 460 120 539 1.63 1.91 4.50 -18.06 0.19 27.76 0.14 0.42
Car -1.00 -1 0.34 217 465 394 522 1.60 1.92 4.41 -15.00 0.07 37.36 -0.04 0.38
Car -1.00 -1 0.15 79 451 283 523 1.76 1.98 4.63 -16.37 -0.09 32.68 -0.31 0.35
Car -1.00 -1 1.76 351 463 468 518 1.71 1.94 4.52 -13.35 0.01 41.86 1.45 0.33
Car -1.00 -1 0.45 141 458 337 521 1.66 1.93 4.47 -15.75 -0.04 34.72 0.02 0.30
Car -1.00 -1 1.83 158 457 324 522 1.68 1.94 4.55 -15.64 -0.01 34.75 1.41 0.28
Car -1.00 -1 0.58 173 457 360 520 1.68 1.96 4.50 -15.47 -0.06 35.87 0.18 0.27
Car -1.00 -1 0.42 101 457 306 523 1.68 1.95 4.51 -16.27 -0.03 33.80 -0.03 0.27
