Car -1.00 -1 -2.11 1440 473 1600 569 1.54 1.86 4.52 14.56 1.50 24.04 -1.56 0.83
Car -1.00 -1 -1.82 1040 440 1201 532 1.58 1.87 4.50 6.24 0.86 24.16 -1.56 0.81
Car -1.00 -1 0.72 0 374 10 551 1.66 1.92 4.59 -10.86 0.24 12.95 0.02 0.79
Car -1.00 -1 0.51 0 409 224 525 1.58 1.86 4.41 -10.87 0.41 18.51 -0.02 0.79
Car -1.00 -1 0.53 0 413 247 524 1.61 1.89 4.36 -10.99 0.46 19.65 0.02 0.74
Car -1.00 -1 0.57 0 414 282 517 1.61 1.91 4.44 -11.06 0.46 21.18 0.09 0.73
Car -1.00 -1 0.61 0 411 159 547 1.62 1.87 4.31 -10.68 0.50 16.20 0.03 0.72
Car -1.00 -1 -1.05 0 404 232 519 1.70 1.90 4.49 -11.17 0.37 21.14 -1.54 0.70
Car -1.00 -1 -1.87 1145 445 1339 541 1.61 1.87 4.42 8.33 0.94 23.55 -1.53 0.66
Car -1.00 -1 1.19 1196 452 1397 552 1.64 1.89 4.51 9.18 1.08 23.18 1.57 0.57
