Car -1.00 -1 -0.04 1260 483 1400 532 1.74 1.97 4.63 18.81 0.61 46.42 0.34 0.26
Car -1.00 -1 -2.64 193 423 391 491 1.71 1.98 4.59 -14.22 -0.90 34.57 -3.03 0.25
Car -1.00 -1 -0.87 1100 455 1297 531 2.09 2.13 5.18 11.27 0.07 37.45 -0.58 0.24
Car -1.00 -1 -1.65 989 463 1074 513 1.66 1.93 4.48 7.66 -0.08 45.50 -1.49 0.23
Car -1.00 -1 1.40 950 451 1063 532 1.64 1.91 4.53 4.13 0.04 28.14 1.55 0.21
Car -1.00 -1 2.03 901 454 1026 506 1.68 1.94 4.50 5.08 -0.35 44.27 2.15 0.20
Car -1.00 -1 -1.56 1185 474 1352 541 1.82 2.01 4.75 13.09 0.48 37.00 -1.22 0.19
Car -1.00 -1 -1.51 957 461 1054 512 1.68 1.94 4.49 6.64 -0.13 45.00 -1.36 0.19
Car -1.00 -1 1.91 232 420 377 492 1.75 1.94 4.54 -13.83 -0.90 34.53 1.53 0.19
Car -1.00 -1 -0.40 894 453 1108 529 1.61 1.93 4.53 4.16 0.00 28.27 -0.26 0.17
