Car -1.00 -1 1.46 937 487 1048 562 1.63 1.89 4.55 4.09 0.77 30.08 1.60 0.53
Car -1.00 -1 -1.66 947 486 1073 564 1.57 1.88 4.57 4.20 0.72 28.12 -1.52 0.46
Car -1.00 -1 -2.67 880 488 1074 561 1.65 1.90 4.45 3.88 0.78 30.27 -2.54 0.42
Car -1.00 -1 -0.36 1227 489 1396 546 1.76 1.97 4.58 15.61 0.82 40.11 0.01 0.36
Car -1.00 -1 -1.81 1096 496 1204 557 1.69 1.95 4.53 9.80 1.02 37.52 -1.56 0.33
Car -1.00 -1 -3.35 1063 496 1234 555 1.66 1.94 4.50 9.78 1.01 37.50 -3.10 0.30
Car -1.00 -1 -0.35 1236 492 1412 553 1.82 2.00 4.63 15.61 0.96 39.06 0.03 0.29
Car -1.00 -1 -3.47 1195 481 1341 531 1.70 1.96 4.52 16.11 0.53 45.37 -3.12 0.27
Car -1.00 -1 1.55 943 489 1092 573 1.58 1.88 4.42 4.07 0.80 26.42 1.71 0.27
Car -1.00 -1 -1.25 1183 488 1325 538 1.70 1.94 4.51 15.66 0.77 45.50 -0.92 0.26
Car -1.00 -1 -3.48 1208 495 1359 545 1.60 1.92 4.39 15.75 0.96 42.83 -3.12 0.25
