Car -1.00 -1 -1.74 953 475 1042 541 1.70 1.92 4.59 4.95 0.46 35.15 -1.60 0.42
Car -1.00 -1 0.60 0 452 49 515 1.63 1.91 4.42 -23.79 -0.20 34.65 -0.01 0.25
Car -1.00 -1 1.68 621 464 699 520 1.72 1.94 4.51 -5.02 0.06 41.15 1.56 0.25
Car -1.00 -1 0.03 579 464 729 517 1.66 1.93 4.45 -5.20 -0.01 40.87 -0.09 0.24
Car -1.00 -1 1.36 986 474 1075 539 1.70 1.93 4.58 5.93 0.44 35.64 1.52 0.21
Car -1.00 -1 1.46 926 470 1015 533 1.69 1.94 4.55 4.32 0.31 36.06 1.58 0.21
Car -1.00 -1 2.07 0 444 53 511 1.71 1.92 4.50 -23.60 -0.33 35.04 1.48 0.21
Car -1.00 -1 -1.68 929 500 997 549 1.71 1.94 4.54 5.34 1.20 46.54 -1.57 0.20
Car -1.00 -1 -0.02 904 502 1036 549 1.68 1.94 4.47 5.59 1.24 46.29 0.10 0.19
Car -1.00 -1 1.48 898 470 984 535 1.69 1.95 4.57 3.43 0.32 35.57 1.57 0.19
