Car -1.00 -1 3.76 0 452 158 614 1.73 1.94 4.68 -10.72 0.74 14.71 3.13 0.80
Car -1.00 -1 -2.42 0 453 58 630 1.66 1.91 4.35 -10.77 0.74 13.01 -3.12 0.77
Car -1.00 -1 3.62 0 468 330 576 1.62 1.91 4.41 -10.55 0.85 20.09 3.13 0.76
Car -1.00 -1 -2.54 0 455 202 604 1.70 1.94 4.46 -10.52 0.74 15.63 -3.13 0.75
Car -1.00 -1 3.59 62 473 368 573 1.62 1.89 4.36 -10.48 0.92 21.72 3.14 0.74
Car -1.00 -1 -2.58 0 459 257 587 1.65 1.93 4.42 -10.62 0.75 17.49 -3.13 0.74
Car -1.00 -1 2.14 13 457 275 580 1.75 1.96 4.67 -10.75 0.82 20.21 1.65 0.73
Car -1.00 -1 -2.53 0 465 292 582 1.64 1.91 4.38 -10.62 0.81 18.82 -3.04 0.72
Car -1.00 -1 3.50 111 471 404 566 1.63 1.92 4.50 -10.34 0.91 23.00 3.08 0.71
Car -1.00 -1 2.03 115 464 338 567 1.69 1.93 4.61 -10.80 0.88 22.99 1.59 0.63
Car -1.00 -1 3.21 203 478 451 564 1.63 1.91 4.50 -10.17 1.07 25.58 2.84 0.59
