Car -1.00 -1 2.31 1495 430 1600 853 1.55 1.85 4.42 5.79 0.56 5.73 3.10 0.86
Car -1.00 -1 2.49 1352 430 1600 699 1.53 1.84 4.36 6.05 0.43 8.24 3.13 0.83
Car -1.00 -1 0.53 0 393 461 728 1.56 1.88 4.47 -4.47 0.33 6.97 -0.04 0.78
Car -1.00 -1 2.58 1263 435 1600 632 1.49 1.83 4.32 6.26 0.33 10.71 3.10 0.77
Car -1.00 -1 -3.70 1296 416 1600 650 1.57 1.87 4.37 6.17 0.29 9.58 -3.13 0.75
Car -1.00 -1 0.12 517 410 749 496 1.69 1.93 4.56 -3.77 -0.78 26.58 -0.02 0.72
Car -1.00 -1 2.74 1142 414 1576 557 1.60 1.90 4.44 6.43 -0.06 15.37 3.14 0.71
Car -1.00 -1 -3.40 1032 428 1313 524 1.64 1.93 4.50 6.31 -0.26 22.80 -3.13 0.69
Car -1.00 -1 2.80 1082 429 1437 547 1.59 1.92 4.45 6.27 -0.03 18.30 3.13 0.64
Car -1.00 -1 -3.49 1111 422 1504 550 1.57 1.90 4.43 6.32 -0.06 16.65 -3.13 0.64
Car -1.00 -1 -0.06 542 417 763 497 1.74 1.98 4.66 -3.74 -0.77 29.28 -0.18 0.63
Car -1.00 -1 -1.93 1142 424 1373 554 1.63 1.89 4.45 6.15 -0.01 18.25 -1.60 0.63
