Car -1.00 -1 -1.72 919 487 1050 588 1.66 1.89 4.47 2.97 0.79 23.17 -1.60 0.40
Car -1.00 -1 -1.93 1228 490 1412 580 1.64 1.89 4.42 10.00 0.84 25.54 -1.56 0.37
Car -1.00 -1 -2.49 1088 487 1268 581 1.64 1.89 4.45 7.08 0.80 24.50 -2.21 0.35
Car -1.00 -1 -0.29 1186 491 1439 576 1.62 1.89 4.35 9.95 0.84 25.58 0.08 0.34
Car -1.00 -1 -3.12 859 486 1125 581 1.63 1.91 4.46 3.16 0.77 23.22 -2.98 0.34
Car -1.00 -1 -3.41 1118 493 1373 580 1.63 1.89 4.40 8.42 0.87 25.08 -3.09 0.34
Car -1.00 -1 -1.28 339 461 482 537 1.68 1.91 4.47 -9.59 0.21 30.36 -1.59 0.33
Car -1.00 -1 0.49 277 457 493 534 1.72 1.96 4.55 -10.07 0.13 29.90 0.16 0.31
Car -1.00 -1 -1.92 1203 494 1383 587 1.66 1.90 4.42 9.25 0.92 24.98 -1.57 0.30
Car -1.00 -1 2.07 1148 495 1410 588 1.65 1.90 4.42 8.97 0.92 24.74 2.42 0.28
Car -1.00 -1 0.44 330 462 537 534 1.65 1.95 4.56 -9.18 0.17 30.73 0.15 0.26
