Car -1.00 -1 3.43 329 479 542 552 1.68 1.94 4.48 -9.33 1.11 30.14 3.13 0.66
Car -1.00 -1 3.42 276 477 510 556 1.63 1.92 4.44 -9.41 1.04 27.42 3.09 0.62
Car -1.00 -1 -1.31 412 478 537 550 1.73 1.94 4.56 -9.12 1.20 32.89 -1.58 0.54
Car -1.00 -1 -2.84 370 483 562 551 1.68 1.94 4.47 -9.35 1.24 32.75 -3.12 0.50
Car -1.00 -1 0.45 281 484 527 569 1.63 1.91 4.44 -8.47 1.15 25.49 0.13 0.49
Car -1.00 -1 -0.83 352 484 465 567 1.64 1.91 4.48 -9.15 1.24 27.22 -1.15 0.49
Car -1.00 -1 3.44 301 477 527 554 1.68 1.96 4.59 -9.52 1.08 29.19 3.13 0.47
Car -1.00 -1 1.86 308 481 486 571 1.64 1.90 4.49 -8.53 1.16 25.31 1.53 0.46
Car -1.00 -1 -1.34 474 482 584 549 1.67 1.92 4.56 -7.95 1.26 33.90 -1.57 0.42
Car -1.00 -1 3.30 494 483 648 537 1.65 1.93 4.45 -8.08 1.30 39.91 3.10 0.32
Car -1.00 -1 -1.39 516 484 610 542 1.68 1.91 4.50 -8.17 1.39 39.29 -1.59 0.31
