Car -1.00 -1 -1.17 181 438 396 545 1.66 1.91 4.47 -9.00 0.04 22.06 -1.56 0.14
Car -1.00 -1 -1.17 161 436 376 540 1.67 1.92 4.51 -9.69 -0.02 22.87 -1.57 0.13
Car -1.00 -1 1.61 106 438 407 551 1.65 1.93 4.48 -9.05 0.09 20.93 1.21 0.13
Car -1.00 -1 0.38 90 443 415 550 1.62 1.92 4.41 -9.05 0.09 20.60 -0.03 0.13
Car -1.00 -1 -1.75 1078 473 1179 529 1.73 1.96 4.53 10.20 0.34 41.72 -1.51 0.12
Car -1.00 -1 1.71 396 440 529 508 1.76 1.95 4.59 -9.89 -0.43 35.79 1.44 0.12
Car -1.00 -1 -1.43 625 482 694 533 1.71 1.96 4.54 -5.55 0.59 45.29 -1.55 0.12
Car -1.00 -1 -1.29 401 435 512 501 1.77 1.95 4.60 -10.46 -0.63 37.17 -1.56 0.12
Car -1.00 -1 -0.20 1078 475 1231 529 1.69 1.95 4.50 11.09 0.36 41.69 0.06 0.12
Car -1.00 -1 1.97 165 428 369 524 1.67 1.93 4.49 -10.36 -0.22 24.32 1.56 0.11
Car -1.00 -1 -2.58 24 441 377 554 1.61 1.93 4.45 -9.25 0.11 19.37 -3.03 0.11
