Car -1.00 -1 -1.31 384 507 486 562 1.71 1.92 4.56 -12.61 1.40 42.23 -1.60 0.37
Car -1.00 -1 -3.67 1549 456 1600 542 1.66 1.96 4.53 17.80 0.17 25.92 -3.07 0.30
Car -1.00 -1 -1.31 352 505 468 565 1.76 1.94 4.65 -12.72 1.35 39.96 -1.62 0.28
Car -1.00 -1 -3.66 1499 455 1600 537 1.66 1.96 4.53 17.41 0.12 27.15 -3.09 0.23
Car -1.00 -1 -1.31 327 502 448 561 1.65 1.89 4.42 -12.81 1.17 38.16 -1.63 0.22
Car -1.00 -1 -2.74 364 512 516 565 1.72 1.97 4.61 -12.61 1.56 42.70 -3.02 0.20
Car -1.00 -1 1.88 739 429 892 517 1.67 1.92 4.54 -0.13 -0.32 26.54 1.88 0.19
Car -1.00 -1 2.58 1439 463 1600 529 1.67 1.94 4.49 19.04 0.13 33.19 3.10 0.18
Car -1.00 -1 1.06 1449 462 1600 531 1.68 1.93 4.50 18.84 0.17 33.50 1.57 0.18
Car -1.00 -1 -0.15 317 501 473 558 1.63 1.90 4.39 -12.69 1.13 38.16 -0.47 0.18
Car -1.00 -1 -3.68 1477 456 1600 534 1.64 1.95 4.49 17.46 0.09 28.20 -3.13 0.16
