Car -1.00 -1 -3.57 1193 488 1600 646 1.71 1.92 4.50 7.03 0.86 15.09 -3.13 0.62
Car -1.00 -1 2.80 1165 466 1385 539 1.65 1.95 4.55 10.87 0.27 30.24 3.14 0.40
Car -1.00 -1 -3.44 1144 467 1349 536 1.66 1.96 4.49 10.80 0.27 32.00 -3.12 0.30
Car -1.00 -1 -2.37 18 513 188 568 1.76 1.97 4.58 -23.66 1.61 42.19 -2.88 0.26
Car -1.00 -1 -1.83 1063 478 1170 544 1.64 1.90 4.48 7.96 0.52 33.98 -1.60 0.24
Car -1.00 -1 -1.21 48 516 197 573 1.77 1.97 4.67 -23.25 1.73 42.67 -1.71 0.24
Car -1.00 -1 -0.34 1204 465 1423 539 1.68 1.97 4.54 12.02 0.27 30.79 0.04 0.23
Car -1.00 -1 1.28 1154 472 1284 541 1.63 1.90 4.44 10.29 0.40 32.73 1.59 0.21
Car -1.00 -1 1.31 1108 478 1230 546 1.64 1.92 4.50 9.13 0.54 33.22 1.58 0.21
Car -1.00 -1 -3.25 1022 486 1205 549 1.62 1.91 4.42 8.00 0.72 34.29 -3.02 0.21
Car -1.00 -1 1.31 1167 464 1324 542 1.71 1.97 4.61 10.20 0.30 30.48 1.64 0.20
