Car -1.00 -1 -2.26 1256 399 1600 900 1.64 1.88 4.48 3.03 0.74 3.98 -1.61 0.91
Car -1.00 -1 -1.77 990 530 1061 580 1.62 1.92 4.51 7.27 2.18 44.36 -1.61 0.23
Car -1.00 -1 -1.85 1227 534 1341 588 1.67 1.93 4.52 15.76 2.30 42.94 -1.50 0.21
Car -1.00 -1 2.33 1220 535 1368 588 1.64 1.93 4.49 16.00 2.31 42.47 2.69 0.21
Car -1.00 -1 1.35 1052 533 1133 583 1.61 1.89 4.48 9.76 2.31 45.05 1.57 0.19
Car -1.00 -1 1.28 1110 533 1193 584 1.65 1.89 4.48 11.89 2.34 45.24 1.54 0.18
Car -1.00 -1 -3.34 995 520 1165 583 1.73 1.97 4.54 7.63 1.73 36.96 -3.14 0.18
Car -1.00 -1 1.45 773 537 843 589 1.67 1.93 4.48 -0.23 2.49 45.06 1.45 0.17
Car -1.00 -1 -1.81 1076 530 1158 580 1.65 1.92 4.45 10.80 2.24 45.81 -1.57 0.17
Car -1.00 -1 -1.73 1254 535 1392 593 1.69 1.96 4.53 16.37 2.31 41.17 -1.35 0.17
Car -1.00 -1 2.91 5 434 169 516 1.67 1.95 4.53 -16.44 -0.31 28.44 2.38 0.17
Car -1.00 -1 -1.86 1201 533 1306 586 1.66 1.92 4.49 14.98 2.30 43.69 -1.53 0.16
Car -1.00 -1 -0.14 934 532 1056 577 1.65 1.92 4.43 6.85 2.40 48.77 -0.00 0.16
Car -1.00 -1 1.85 380 464 483 519 1.72 1.96 4.55 -12.83 0.04 42.54 1.55 0.16
