Car -1.00 -1 -1.93 619 521 778 591 1.62 1.90 4.42 -3.12 2.12 31.49 -2.03 0.63
Car -1.00 -1 -1.25 0 503 84 598 1.63 1.88 4.43 -16.75 1.51 23.78 -1.87 0.57
Car -1.00 -1 -1.86 561 516 721 588 1.69 1.94 4.51 -4.67 2.09 32.24 -2.00 0.50
Car -1.00 -1 1.79 486 512 597 579 1.64 1.89 4.49 -7.47 1.99 33.25 1.57 0.43
Car -1.00 -1 -1.56 695 529 791 599 1.61 1.87 4.40 -1.99 2.29 31.12 -1.62 0.41
Car -1.00 -1 2.93 451 519 639 586 1.65 1.92 4.50 -7.32 2.14 32.55 2.71 0.36
Car -1.00 -1 -2.90 654 529 843 600 1.65 1.93 4.53 -1.99 2.33 31.33 -2.97 0.34
Car -1.00 -1 1.55 105 499 416 609 1.62 1.93 4.50 -9.18 1.36 20.77 1.13 0.34
Car -1.00 -1 -1.36 0 509 263 614 1.58 1.89 4.39 -11.95 1.51 21.26 -1.87 0.32
Car -1.00 -1 -1.19 451 517 547 585 1.65 1.91 4.44 -8.58 2.12 33.16 -1.44 0.31
Car -1.00 -1 -1.51 28 504 338 611 1.58 1.89 4.39 -10.58 1.44 21.00 -1.98 0.28
