Car -1.00 -1 -3.68 1462 462 1600 534 1.67 1.95 4.57 18.67 0.17 31.17 -3.14 0.47
Car -1.00 -1 1.01 1515 461 1600 574 1.65 1.91 4.47 13.74 0.42 20.87 1.59 0.33
Car -1.00 -1 2.58 1464 464 1600 536 1.62 1.90 4.40 18.16 0.21 30.25 3.12 0.29
Car -1.00 -1 -3.65 1447 460 1600 530 1.69 1.96 4.55 18.79 0.10 32.20 -3.13 0.29
Car -1.00 -1 2.51 1498 463 1600 566 1.60 1.89 4.38 14.03 0.38 21.02 3.10 0.28
Car -1.00 -1 -0.07 1516 465 1600 539 1.71 1.97 4.61 19.71 0.28 31.33 0.49 0.26
Car -1.00 -1 -1.90 764 435 982 587 1.73 1.92 4.55 0.92 0.26 16.82 -1.84 0.23
Car -1.00 -1 -2.28 1477 464 1600 532 1.63 1.91 4.51 18.82 0.20 32.68 -1.76 0.23
Car -1.00 -1 -3.70 1510 459 1600 537 1.64 1.94 4.45 18.21 0.16 28.20 -3.13 0.22
Car -1.00 -1 -3.71 1497 466 1600 565 1.61 1.91 4.41 14.48 0.42 21.87 -3.13 0.21
Car -1.00 -1 -2.09 1531 462 1600 546 1.66 1.91 4.43 17.86 0.30 27.56 -1.51 0.20
