Car -1.00 -1 0.48 0 412 368 620 1.57 1.86 4.40 -6.04 0.60 10.60 -0.04 0.84
Car -1.00 -1 0.70 0 393 188 686 1.61 1.89 4.49 -6.48 0.58 7.97 0.01 0.84
Car -1.00 -1 0.43 0 403 409 572 1.62 1.87 4.39 -6.45 0.49 13.28 -0.02 0.81
Car -1.00 -1 3.49 71 408 479 550 1.66 1.89 4.37 -6.32 0.50 15.96 3.11 0.79
Car -1.00 -1 -2.81 191 413 531 529 1.62 1.90 4.41 -6.21 0.48 18.79 -3.13 0.68
Car -1.00 -1 0.23 375 417 604 498 1.63 1.90 4.42 -6.26 0.41 26.93 0.00 0.68
Car -1.00 -1 0.17 431 417 643 492 1.69 1.94 4.59 -5.80 0.39 29.73 -0.02 0.63
Car -1.00 -1 -2.88 402 420 618 499 1.67 1.91 4.42 -6.05 0.46 28.05 -3.09 0.62
Car -1.00 -1 0.25 343 419 584 504 1.62 1.89 4.42 -6.49 0.47 25.72 0.00 0.61
Car -1.00 -1 -0.93 431 416 562 501 1.65 1.90 4.50 -6.26 0.42 26.87 -1.16 0.60
Car -1.00 -1 0.16 314 422 573 510 1.60 1.89 4.40 -6.53 0.52 24.31 -0.10 0.58
Car -1.00 -1 1.59 225 418 515 540 1.60 1.93 4.49 -6.07 0.56 19.05 1.28 0.50
Car -1.00 -1 2.02 113 392 401 552 1.74 1.97 4.70 -6.50 0.39 16.16 1.64 0.48
Car -1.00 -1 2.26 0 365 293 572 1.75 1.96 4.66 -6.57 0.29 13.20 1.80 0.44
Car -1.00 -1 0.64 0 391 256 632 1.58 1.94 4.50 -6.59 0.50 9.34 0.02 0.42
