Car -1.00 -1 -1.33 0 471 587 864 1.57 1.87 4.52 -3.09 0.92 7.40 -1.73 0.89
Car -1.00 -1 2.48 1459 458 1600 640 1.53 1.85 4.35 8.63 0.74 11.80 3.11 0.75
Car -1.00 -1 -3.84 1548 434 1600 667 1.67 1.91 4.40 8.64 0.64 10.18 -3.13 0.68
Car -1.00 -1 2.40 1556 405 1600 688 1.77 1.94 4.60 8.14 0.54 9.00 3.13 0.65
Car -1.00 -1 2.52 1413 435 1600 615 1.68 1.90 4.41 8.73 0.58 12.94 3.12 0.63
Car -1.00 -1 2.72 1159 474 1385 549 1.60 1.90 4.42 9.95 0.96 28.29 3.05 0.55
Car -1.00 -1 -3.58 1348 441 1600 610 1.78 1.96 4.60 8.73 0.63 14.43 -3.04 0.55
Car -1.00 -1 2.73 1201 461 1469 552 1.72 1.97 4.57 10.16 0.77 25.30 3.11 0.50
Car -1.00 -1 -3.46 1134 476 1345 547 1.67 1.94 4.49 10.09 1.05 30.86 -3.14 0.49
Car -1.00 -1 2.78 1177 471 1424 554 1.70 1.97 4.58 10.24 0.95 27.33 3.14 0.48
