Car -1.00 -1 0.55 0 492 9 546 1.67 1.94 4.49 -28.64 0.88 40.49 -0.07 0.48
Car -1.00 -1 2.39 1533 454 1600 550 1.60 1.89 4.36 15.40 0.18 22.38 3.00 0.32
Car -1.00 -1 -2.35 1582 447 1600 550 1.63 1.91 4.43 15.56 0.15 22.47 -1.74 0.30
Car -1.00 -1 1.84 383 495 481 546 1.65 1.91 4.47 -13.07 0.98 43.36 1.55 0.23
Car -1.00 -1 2.65 1359 445 1600 524 1.65 1.95 4.52 14.68 -0.13 27.98 3.13 0.22
Car -1.00 -1 2.60 1224 451 1460 528 1.68 1.95 4.63 11.87 -0.04 28.89 2.99 0.21
Car -1.00 -1 -0.97 0 493 20 549 1.70 1.94 4.56 -28.24 0.95 41.10 -1.57 0.21
Car -1.00 -1 -0.47 1581 444 1600 539 1.63 1.92 4.43 16.58 0.03 22.98 0.15 0.21
Car -1.00 -1 -1.63 716 467 794 519 1.65 1.91 4.53 -2.00 0.10 42.50 -1.68 0.21
Car -1.00 -1 -0.53 1402 450 1600 527 1.65 1.95 4.51 15.90 -0.06 28.50 -0.02 0.20
Car -1.00 -1 -3.36 1160 452 1384 528 1.68 1.95 4.53 10.61 -0.01 29.65 -3.02 0.19
Car -1.00 -1 1.29 1179 454 1334 531 1.65 1.91 4.51 10.23 0.06 29.83 1.62 0.19
Car -1.00 -1 0.15 388 452 591 530 2.21 2.14 5.33 -9.52 -0.00 37.12 -0.10 0.19
