Car -1.00 -1 -3.28 1065 481 1452 618 1.72 1.93 4.61 5.82 1.05 17.13 -2.96 0.73
Car -1.00 -1 0.68 0 485 203 612 1.70 1.94 4.52 -11.80 1.12 18.17 0.10 0.68
Car -1.00 -1 -3.60 1514 482 1600 561 1.67 1.92 4.53 18.25 1.17 28.19 -3.03 0.65
Car -1.00 -1 -3.35 1003 490 1274 584 1.58 1.89 4.39 5.57 1.22 22.78 -3.11 0.64
Car -1.00 -1 -1.82 1054 490 1215 588 1.61 1.88 4.41 5.47 1.26 22.84 -1.58 0.61
Car -1.00 -1 -3.42 1045 485 1375 602 1.69 1.92 4.48 5.81 1.13 19.39 -3.12 0.58
Car -1.00 -1 -1.88 1099 483 1300 605 1.70 1.91 4.54 5.76 1.18 19.98 -1.59 0.57
Car -1.00 -1 -2.04 1360 487 1542 565 1.61 1.89 4.44 13.92 1.28 28.27 -1.59 0.52
Car -1.00 -1 -0.06 1012 492 1316 597 1.65 1.94 4.51 5.63 1.23 21.13 0.20 0.51
Car -1.00 -1 -1.67 922 483 1013 549 1.67 1.91 4.51 3.73 1.29 33.98 -1.57 0.46
Car -1.00 -1 2.96 945 488 1157 562 1.59 1.90 4.44 4.98 1.26 28.34 3.13 0.45
Car -1.00 -1 1.11 1408 486 1600 567 1.68 1.91 4.52 15.29 1.30 28.45 1.61 0.42
Car -1.00 -1 -2.21 1030 486 1180 584 1.66 1.91 4.46 5.36 1.24 23.72 -1.98 0.41
