Car -1.00 -1 -1.60 780 503 843 559 1.66 1.89 4.48 -0.10 1.24 40.44 -1.60 0.66
Car -1.00 -1 1.38 970 530 1049 589 1.62 1.90 4.49 5.85 2.03 38.78 1.53 0.35
Car -1.00 -1 -2.52 729 505 888 562 1.71 1.98 4.83 -0.21 1.33 40.64 -2.52 0.34
Car -1.00 -1 0.26 920 528 1065 579 1.64 1.91 4.47 5.92 2.05 42.53 0.40 0.30
Car -1.00 -1 1.38 963 527 1035 582 1.63 1.90 4.48 5.88 1.99 41.15 1.52 0.27
Car -1.00 -1 1.15 1279 549 1375 600 1.73 1.97 4.60 19.40 3.13 48.35 1.53 0.24
Car -1.00 -1 1.32 1015 498 1121 575 1.74 1.94 4.55 6.11 1.07 31.23 1.52 0.22
Car -1.00 -1 1.51 822 513 887 570 1.66 1.93 4.51 1.21 1.53 39.95 1.54 0.21
Car -1.00 -1 -1.70 951 527 1025 580 1.65 1.92 4.46 5.75 2.06 42.90 -1.57 0.21
Car -1.00 -1 1.51 663 509 760 566 1.57 1.90 4.51 -3.00 1.31 37.29 1.43 0.20
Car -1.00 -1 1.77 746 501 831 557 1.65 1.96 4.58 -0.94 1.15 39.46 1.75 0.20
Car -1.00 -1 -1.24 533 476 595 526 1.76 1.96 4.60 -9.25 0.38 46.69 -1.43 0.19
Car -1.00 -1 0.24 978 498 1178 575 1.77 1.97 4.52 6.41 1.09 31.00 0.45 0.19
Car -1.00 -1 -1.62 855 518 927 574 1.66 1.93 4.52 2.27 1.67 39.74 -1.56 0.19
Car -1.00 -1 -1.69 934 524 1017 583 1.63 1.91 4.47 4.73 1.82 38.13 -1.57 0.19
