Car -1.00 -1 2.52 1464 408 1600 578 1.64 1.93 4.54 9.57 0.03 13.31 3.14 0.65
Car -1.00 -1 -0.54 1267 445 1600 561 1.64 1.90 4.46 9.32 0.17 19.03 -0.09 0.59
Car -1.00 -1 -3.57 1408 416 1600 573 1.71 1.96 4.54 9.73 0.07 15.07 -3.00 0.43
Car -1.00 -1 0.01 1340 432 1600 568 1.67 1.89 4.35 9.47 0.14 17.41 0.51 0.35
Car -1.00 -1 1.07 1436 418 1600 565 1.61 1.90 4.44 10.09 0.04 16.27 1.62 0.33
Car -1.00 -1 -0.45 1385 427 1600 565 1.63 1.90 4.41 9.91 0.08 16.26 0.10 0.32
Car -1.00 -1 1.62 968 459 1065 509 1.68 1.92 4.56 7.05 -0.22 45.04 1.78 0.24
Car -1.00 -1 1.05 1365 427 1600 571 1.69 1.91 4.47 9.32 0.12 17.17 1.55 0.22
Car -1.00 -1 2.70 1190 453 1531 564 1.64 1.95 4.51 8.40 0.26 19.88 3.10 0.22
Car -1.00 -1 -3.51 1194 451 1509 555 1.63 1.93 4.44 8.83 0.20 21.15 -3.11 0.21
Car -1.00 -1 -1.00 97 550 244 625 1.72 1.96 4.61 -17.19 2.51 34.00 -1.47 0.21
