Car -1.00 -1 1.28 1081 463 1229 557 1.70 1.91 4.55 6.43 0.85 25.05 1.53 0.60
Car -1.00 -1 2.19 648 474 824 561 1.72 1.95 4.61 -2.07 1.08 27.19 2.11 0.49
Car -1.00 -1 2.40 1530 459 1600 533 1.69 1.95 4.59 20.14 0.69 30.73 2.98 0.45
Car -1.00 -1 -1.95 1100 458 1252 567 1.70 1.87 4.53 6.02 0.80 22.10 -1.68 0.44
Car -1.00 -1 -2.16 1545 454 1600 534 1.76 1.98 4.68 20.02 0.67 30.86 -1.59 0.34
Car -1.00 -1 -3.26 966 488 1102 536 1.66 1.96 4.51 7.43 1.52 45.26 -3.09 0.29
Car -1.00 -1 -1.81 999 492 1064 540 1.65 1.93 4.46 7.35 1.70 45.27 -1.65 0.26
Car -1.00 -1 2.83 987 487 1121 537 1.62 1.93 4.47 7.87 1.49 43.66 3.01 0.26
Car -1.00 -1 -1.04 676 475 864 571 1.75 1.98 4.80 -1.28 1.12 25.65 -1.09 0.26
Car -1.00 -1 -3.39 1035 469 1336 572 1.64 1.90 4.52 5.99 0.87 21.30 -3.12 0.26
