Car -1.00 -1 2.61 1187 495 1600 691 1.56 1.85 4.40 5.76 0.84 11.29 3.08 0.86
Car -1.00 -1 0.22 119 496 642 675 1.61 1.92 4.58 -4.23 0.88 12.73 -0.10 0.78
Car -1.00 -1 -3.57 1172 484 1600 640 1.59 1.86 4.38 6.41 0.74 14.07 -3.14 0.78
Car -1.00 -1 -3.43 1126 481 1523 615 1.62 1.89 4.40 6.49 0.72 16.47 -3.06 0.76
Car -1.00 -1 -3.57 1192 493 1600 665 1.61 1.88 4.30 6.32 0.86 13.09 -3.12 0.76
Car -1.00 -1 0.52 0 522 207 783 1.52 1.86 4.39 -6.87 0.99 8.85 -0.14 0.75
Car -1.00 -1 0.11 601 485 775 548 1.60 1.91 4.46 -3.36 0.68 33.86 0.01 0.74
Car -1.00 -1 2.88 1011 486 1225 559 1.57 1.87 4.40 6.72 0.69 28.58 3.11 0.74
Car -1.00 -1 0.01 611 486 785 547 1.60 1.91 4.52 -3.21 0.70 35.00 -0.08 0.72
Car -1.00 -1 -3.37 1020 486 1243 563 1.57 1.87 4.35 6.73 0.71 27.37 -3.13 0.71
Car -1.00 -1 0.08 591 484 775 550 1.62 1.92 4.48 -3.37 0.66 32.55 -0.03 0.69
Car -1.00 -1 -3.37 1018 487 1254 569 1.59 1.89 4.39 6.52 0.75 26.15 -3.12 0.64
Car -1.00 -1 -3.41 1048 486 1330 582 1.58 1.88 4.34 6.40 0.73 22.08 -3.12 0.63
Car -1.00 -1 -3.38 1032 488 1281 572 1.55 1.86 4.32 6.53 0.74 24.63 -3.12 0.62
