Car -1.00 -1 -3.53 1482 426 1600 515 1.67 1.94 4.56 16.06 -0.37 25.40 -2.97 0.36
Car -1.00 -1 3.22 116 472 302 539 1.77 1.98 4.70 -16.99 0.38 35.43 2.77 0.21
Car -1.00 -1 3.05 708 476 834 520 1.62 1.93 4.52 -1.68 0.25 47.99 3.02 0.21
Car -1.00 -1 2.93 689 473 827 521 1.65 1.93 4.51 -2.04 0.19 45.06 2.88 0.17
Car -1.00 -1 -2.30 0 395 1 518 1.72 1.98 4.57 -15.44 -0.47 19.35 -2.97 0.16
Car -1.00 -1 3.37 58 469 255 537 1.82 2.02 4.78 -18.66 0.33 35.87 2.89 0.15
Car -1.00 -1 -3.09 720 471 844 517 1.66 1.95 4.48 -1.26 0.12 47.01 -3.12 0.15
Car -1.00 -1 0.20 170 469 366 534 1.74 1.99 4.69 -15.23 0.29 35.27 -0.21 0.15
Car -1.00 -1 1.66 745 466 803 517 1.70 1.95 4.55 -1.55 0.04 45.32 1.63 0.14
Car -1.00 -1 0.64 56 505 210 552 1.67 1.94 4.54 -24.87 1.35 46.26 0.14 0.14
