Car -1.00 -1 -1.97 1252 507 1359 561 1.70 1.92 4.57 16.20 1.38 42.22 -1.60 0.37
Car -1.00 -1 1.13 1315 516 1454 582 1.71 1.91 4.53 15.68 1.54 35.22 1.55 0.35
Car -1.00 -1 -3.51 1291 517 1483 581 1.68 1.92 4.44 15.71 1.56 35.02 -3.08 0.32
Car -1.00 -1 1.61 1289 514 1474 582 1.77 1.97 4.60 15.95 1.55 35.98 2.03 0.24
Car -1.00 -1 2.89 0 313 116 531 1.75 1.97 4.56 -8.60 -0.52 12.53 2.29 0.24
Car -1.00 -1 -0.36 1323 527 1520 590 1.62 1.91 4.41 16.24 1.79 34.11 0.09 0.22
Car -1.00 -1 -2.25 1295 507 1377 565 1.66 1.90 4.45 15.99 1.33 39.14 -1.86 0.21
Car -1.00 -1 -1.88 1301 515 1472 586 1.77 1.98 4.84 15.09 1.51 33.87 -1.46 0.21
Car -1.00 -1 -3.25 984 523 1123 572 1.63 1.95 4.50 8.37 1.98 44.99 -3.07 0.20
Car -1.00 -1 3.76 0 309 180 503 1.68 1.95 4.53 -8.94 -0.76 12.30 3.13 0.20
Car -1.00 -1 -3.27 991 525 1138 576 1.65 1.93 4.46 8.25 1.95 42.32 -3.08 0.19
Car -1.00 -1 -2.00 1300 508 1430 571 1.71 1.94 4.52 16.00 1.36 37.19 -1.59 0.19
