Car -1.00 -1 -0.56 1456 455 1600 562 1.62 1.90 4.43 13.10 0.28 20.60 0.00 0.58
Car -1.00 -1 -3.68 1434 453 1600 557 1.66 1.93 4.49 13.25 0.23 21.60 -3.13 0.52
Car -1.00 -1 -0.56 1510 449 1600 561 1.60 1.89 4.38 13.27 0.22 19.31 0.04 0.49
Car -1.00 -1 -0.50 1398 452 1600 552 1.69 1.94 4.51 13.18 0.20 22.82 0.02 0.42
Car -1.00 -1 2.65 1345 457 1600 548 1.66 1.95 4.52 12.94 0.22 24.61 3.13 0.36
Car -1.00 -1 1.07 1458 451 1600 564 1.63 1.91 4.48 12.65 0.28 20.67 1.62 0.35
Car -1.00 -1 -0.59 1552 447 1600 566 1.60 1.91 4.40 13.35 0.23 18.26 0.05 0.30
Car -1.00 -1 -3.58 1313 469 1577 554 1.60 1.90 4.39 12.58 0.41 25.53 -3.13 0.27
Car -1.00 -1 -2.14 1573 451 1600 580 1.63 1.91 4.46 13.37 0.35 18.38 -1.51 0.25
Car -1.00 -1 -2.05 1345 465 1547 555 1.65 1.92 4.46 12.55 0.39 25.59 -1.59 0.24
Car -1.00 -1 -3.50 1186 462 1406 540 1.79 1.97 4.56 11.46 0.24 30.50 -3.14 0.23
