Car -1.00 -1 1.08 1370 478 1549 556 1.64 1.89 4.52 14.46 1.12 28.93 1.55 0.69
Car -1.00 -1 2.44 1338 479 1573 555 1.64 1.91 4.52 14.47 1.12 29.09 2.90 0.58
Car -1.00 -1 -1.17 880 464 1078 551 1.72 1.93 4.57 3.22 0.89 27.47 -1.05 0.56
Car -1.00 -1 2.86 1088 481 1277 547 1.68 1.93 4.50 9.46 1.20 33.59 3.14 0.41
Car -1.00 -1 -2.51 0 457 23 514 1.71 1.97 4.54 -28.47 0.51 39.82 -3.13 0.37
Car -1.00 -1 1.00 1422 478 1600 557 1.65 1.90 4.43 15.55 1.14 28.75 1.49 0.36
Car -1.00 -1 3.71 0 452 67 508 1.75 1.99 4.61 -28.70 0.37 42.50 3.11 0.32
Car -1.00 -1 3.70 0 454 46 510 1.72 1.96 4.53 -28.61 0.41 41.29 3.10 0.32
Car -1.00 -1 3.35 452 459 625 521 1.69 1.97 4.58 -8.35 0.61 36.59 3.13 0.31
Car -1.00 -1 -2.22 1139 476 1232 545 1.70 1.94 4.58 9.69 1.14 33.60 -1.94 0.30
