Car -1.00 -1 0.65 0 373 169 604 1.60 1.87 4.41 -7.73 -0.01 9.85 -0.01 0.79
Car -1.00 -1 0.69 0 369 72 715 1.63 1.88 4.37 -6.87 0.24 7.08 -0.08 0.74
Car -1.00 -1 0.53 0 393 332 585 1.69 1.91 4.46 -7.33 -0.01 12.34 -0.00 0.62
Car -1.00 -1 0.73 0 380 131 651 1.60 1.89 4.41 -7.37 0.16 8.56 0.02 0.55
Car -1.00 -1 0.26 390 456 589 524 1.65 1.95 4.48 -8.16 -0.02 31.92 0.01 0.40
Car -1.00 -1 1.86 301 452 517 568 1.62 1.91 4.49 -6.27 0.30 20.07 1.56 0.35
Car -1.00 -1 -1.63 442 452 592 520 1.70 1.93 4.53 -7.94 -0.08 34.06 -1.85 0.33
Car -1.00 -1 1.14 400 451 597 524 1.70 1.96 4.52 -7.87 -0.05 31.73 0.90 0.30
Car -1.00 -1 0.28 399 453 590 521 1.69 1.93 4.48 -8.29 -0.09 32.95 0.04 0.30
Car -1.00 -1 -1.44 488 457 601 520 1.68 1.93 4.56 -7.75 -0.04 36.54 -1.65 0.28
Car -1.00 -1 -2.28 1382 520 1565 622 1.63 1.92 4.53 11.72 1.33 22.93 -1.81 0.28
Car -1.00 -1 -2.32 1369 465 1460 527 1.78 1.96 4.60 18.39 0.17 39.11 -1.88 0.27
Car -1.00 -1 -2.23 223 446 550 563 1.62 1.92 4.45 -6.63 0.23 19.69 -2.56 0.26
Car -1.00 -1 -1.58 757 450 815 501 1.80 1.96 4.64 -1.12 -0.56 48.78 -1.60 0.26
Car -1.00 -1 -1.25 1258 457 1416 510 1.65 1.95 4.53 17.46 -0.22 42.64 -0.86 0.25
Car -1.00 -1 2.30 1312 458 1466 512 1.69 1.96 4.59 19.02 -0.20 42.20 2.72 0.23
Car -1.00 -1 2.30 1327 464 1487 521 1.74 1.97 4.54 18.83 0.06 40.55 2.73 0.23
Car -1.00 -1 -1.45 662 464 729 518 1.68 1.90 4.53 -3.96 0.03 42.18 -1.54 0.23
Car -1.00 -1 1.86 355 432 500 516 1.88 2.02 4.90 -9.41 -0.35 31.08 1.57 0.23
