Car -1.00 -1 1.51 566 459 701 531 1.66 1.92 4.45 -4.45 0.12 31.57 1.37 0.37
Car -1.00 -1 0.17 493 452 698 526 1.67 1.95 4.52 -5.16 -0.04 30.06 -0.00 0.35
Car -1.00 -1 0.24 513 457 705 530 1.69 1.94 4.49 -5.01 0.08 31.11 0.08 0.34
Car -1.00 -1 -1.49 651 463 746 531 1.60 1.90 4.50 -2.89 0.17 32.02 -1.58 0.33
Car -1.00 -1 -2.04 1300 470 1418 529 1.65 1.90 4.42 16.21 0.26 38.05 -1.63 0.31
Car -1.00 -1 3.33 457 445 674 524 1.70 1.96 4.53 -5.60 -0.13 28.73 3.14 0.30
Car -1.00 -1 -1.99 1251 472 1357 528 1.67 1.89 4.47 15.51 0.29 40.50 -1.63 0.29
Car -1.00 -1 0.24 599 459 783 528 1.65 1.93 4.48 -3.18 0.08 32.04 0.14 0.28
Car -1.00 -1 -2.07 1241 473 1332 528 1.75 1.95 4.66 15.68 0.33 42.47 -1.72 0.27
Car -1.00 -1 1.41 1324 470 1486 530 1.64 1.90 4.44 17.22 0.28 37.28 1.84 0.26
Car -1.00 -1 2.69 1304 472 1485 530 1.65 1.91 4.46 17.01 0.28 37.41 3.11 0.26
Car -1.00 -1 3.30 475 446 648 508 1.70 1.97 4.59 -7.36 -0.40 36.93 3.11 0.25
Car -1.00 -1 3.31 496 449 658 506 1.64 1.95 4.52 -7.17 -0.41 38.26 3.13 0.23
