Car -1.00 -1 -1.18 0 469 560 835 1.51 1.85 4.53 -2.99 0.88 7.54 -1.56 0.89
Car -1.00 -1 -0.66 1467 484 1600 737 1.54 1.88 4.44 7.25 0.93 8.86 0.03 0.86
Car -1.00 -1 2.60 1298 480 1600 640 1.55 1.86 4.35 7.58 0.95 13.38 3.12 0.72
Car -1.00 -1 1.76 490 457 684 607 1.87 1.95 4.79 -3.31 0.91 18.25 1.58 0.62
Car -1.00 -1 -0.36 1107 476 1479 602 1.62 1.89 4.47 6.39 0.97 17.57 -0.02 0.60
Car -1.00 -1 -3.13 880 481 1058 544 1.66 1.96 4.53 3.88 1.19 34.53 -3.02 0.47
Car -1.00 -1 1.74 899 480 1027 545 1.69 1.95 4.56 3.69 1.23 34.79 1.85 0.41
Car -1.00 -1 0.34 300 464 490 531 1.75 1.96 4.59 -11.94 0.79 34.90 0.01 0.40
Car -1.00 -1 0.28 935 481 1124 548 1.61 1.92 4.45 5.19 1.16 32.01 0.44 0.39
Car -1.00 -1 -3.16 927 483 1109 546 1.60 1.93 4.43 5.06 1.20 33.45 -3.01 0.38
Car -1.00 -1 -0.02 1162 482 1544 624 1.64 1.90 4.45 6.80 1.04 16.20 0.38 0.35
