Car -1.00 -1 -1.64 742 461 955 644 1.59 1.85 4.37 0.29 0.84 13.17 -1.62 0.84
Car -1.00 -1 1.67 636 485 751 571 1.61 1.87 4.45 -2.65 1.21 25.90 1.56 0.74
Car -1.00 -1 0.07 512 484 666 539 1.71 1.96 4.62 -7.81 1.39 41.43 -0.12 0.42
Car -1.00 -1 -0.22 181 509 337 576 1.76 1.98 4.67 -15.94 2.02 35.11 -0.65 0.35
Car -1.00 -1 0.47 0 540 155 592 1.60 1.90 4.43 -24.17 3.05 40.04 -0.07 0.35
Car -1.00 -1 3.26 291 497 504 572 1.72 1.94 4.54 -10.41 1.59 30.51 2.93 0.27
Car -1.00 -1 0.46 132 512 331 576 1.72 1.98 4.60 -16.58 2.07 35.10 0.02 0.26
Car -1.00 -1 -0.72 25 535 130 591 1.68 1.93 4.49 -23.94 2.95 40.21 -1.25 0.25
Car -1.00 -1 0.46 0 520 139 581 1.65 1.93 4.46 -22.02 2.26 35.15 -0.10 0.25
Car -1.00 -1 2.10 347 493 454 568 1.71 1.94 4.54 -10.41 1.50 30.93 1.77 0.24
Car -1.00 -1 2.14 0 518 127 581 1.64 1.92 4.45 -21.89 2.23 35.24 1.58 0.23
