Car -1.00 -1 -0.77 1337 347 1600 900 1.56 1.83 4.33 4.34 0.58 4.08 0.05 0.82
Car -1.00 -1 0.41 0 362 194 619 1.68 1.90 4.53 -7.17 0.34 9.69 -0.23 0.74
Car -1.00 -1 0.52 0 379 305 555 1.64 1.88 4.37 -7.50 0.29 12.95 -0.00 0.70
Car -1.00 -1 -0.58 1117 313 1600 697 1.70 1.93 4.55 4.28 0.31 6.68 -0.01 0.67
Car -1.00 -1 2.78 948 391 1600 622 1.58 1.87 4.34 3.53 0.48 9.75 3.13 0.67
Car -1.00 -1 0.47 0 384 357 540 1.66 1.91 4.44 -7.55 0.27 14.67 -0.00 0.65
Car -1.00 -1 -0.63 1183 315 1600 801 1.76 1.92 4.44 4.29 0.46 5.60 0.02 0.64
Car -1.00 -1 -2.00 1083 373 1525 652 1.64 1.87 4.42 3.58 0.45 9.70 -1.65 0.63
Car -1.00 -1 0.37 61 398 430 518 1.60 1.90 4.46 -7.63 0.28 18.11 -0.03 0.61
Car -1.00 -1 -2.41 0 371 77 673 1.77 1.95 4.56 -7.64 0.51 8.53 -3.14 0.60
Car -1.00 -1 0.57 0 380 198 586 1.65 1.90 4.44 -7.94 0.37 11.30 -0.05 0.59
