Car -1.00 -1 -3.62 1434 451 1587 501 1.73 1.97 4.54 25.31 -0.54 46.27 -3.12 0.33
Car -1.00 -1 -1.62 1545 473 1600 535 1.70 1.95 4.56 24.29 0.37 37.24 -1.04 0.28
Car -1.00 -1 2.34 1537 460 1600 523 1.93 2.07 4.89 25.80 0.02 40.02 2.91 0.26
Car -1.00 -1 -0.26 332 449 569 540 1.66 1.91 4.48 -7.21 0.08 24.84 -0.54 0.25
Car -1.00 -1 0.01 319 455 564 540 1.66 1.93 4.51 -7.73 0.13 26.19 -0.28 0.24
Car -1.00 -1 0.36 309 456 542 537 1.66 1.91 4.48 -8.37 0.12 27.42 0.07 0.23
Car -1.00 -1 2.08 350 450 465 534 1.66 1.90 4.51 -8.82 0.04 27.66 1.78 0.22
Car -1.00 -1 -0.40 1255 461 1401 510 1.70 1.96 4.55 18.72 -0.20 46.45 -0.02 0.22
Car -1.00 -1 -0.54 1453 457 1600 505 1.64 1.93 4.43 25.11 -0.35 44.59 -0.03 0.22
Car -1.00 -1 0.92 1291 462 1361 511 1.70 1.95 4.58 18.77 -0.14 46.80 1.30 0.22
Car -1.00 -1 -3.61 1404 446 1550 494 1.74 1.97 4.53 25.05 -0.80 48.13 -3.13 0.21
