Car -1.00 -1 2.08 97 435 535 771 1.63 1.86 4.49 -2.95 0.59 8.52 1.75 0.88
Car -1.00 -1 -1.39 570 471 644 521 1.64 1.89 4.49 -7.17 0.19 43.69 -1.55 0.57
Car -1.00 -1 2.07 322 449 511 597 1.64 1.88 4.49 -5.01 0.40 16.46 1.77 0.55
Car -1.00 -1 1.47 930 437 996 487 1.71 1.91 4.47 5.55 -1.07 48.37 1.58 0.22
Car -1.00 -1 -0.47 783 460 964 525 1.69 1.94 4.59 1.57 0.05 34.88 -0.42 0.22
Car -1.00 -1 -1.21 238 447 522 619 1.70 1.92 4.63 -4.87 0.46 14.89 -1.52 0.22
Car -1.00 -1 1.74 0 403 171 511 1.73 1.95 4.60 -14.45 -0.53 23.11 1.18 0.21
Car -1.00 -1 2.96 895 441 1018 489 1.72 1.95 4.55 5.30 -0.99 48.25 3.07 0.21
Car -1.00 -1 -2.38 217 430 450 515 1.69 1.94 4.53 -10.38 -0.36 27.34 -2.74 0.20
Car -1.00 -1 -1.84 1192 449 1346 523 1.67 1.92 4.54 11.03 -0.09 31.26 -1.50 0.19
