Car -1.00 -1 1.24 1127 472 1207 521 1.66 1.91 4.45 12.61 0.21 45.75 1.51 0.41
Car -1.00 -1 -1.78 1089 472 1176 520 1.64 1.90 4.42 11.28 0.21 45.51 -1.53 0.40
Car -1.00 -1 1.65 1039 468 1152 518 1.67 1.91 4.52 9.82 0.09 44.91 1.87 0.34
Car -1.00 -1 1.52 852 475 918 529 1.70 1.93 4.52 2.21 0.37 41.96 1.58 0.29
Car -1.00 -1 -0.65 807 478 954 532 1.69 1.95 4.49 2.10 0.45 41.81 -0.60 0.26
Car -1.00 -1 -3.24 1112 471 1252 519 1.64 1.93 4.41 13.00 0.14 45.12 -2.96 0.23
Car -1.00 -1 -3.17 792 481 932 533 1.66 1.94 4.48 1.48 0.51 41.70 -3.14 0.21
Car -1.00 -1 1.81 1043 469 1174 520 1.65 1.94 4.46 9.89 0.14 43.18 2.03 0.20
Car -1.00 -1 -2.06 1405 469 1537 526 1.71 1.97 4.59 21.12 0.23 41.11 -1.59 0.19
Car -1.00 -1 -1.56 873 471 952 524 1.67 1.93 4.56 3.15 0.23 42.34 -1.48 0.19
Car -1.00 -1 0.03 848 475 994 528 1.67 1.94 4.50 3.41 0.36 41.72 0.11 0.19
Car -1.00 -1 1.60 1082 467 1197 517 1.66 1.91 4.41 11.18 0.06 44.12 1.85 0.19
Car -1.00 -1 -1.87 1146 483 1270 550 1.64 1.90 4.41 10.18 0.66 33.24 -1.57 0.17
