Car -1.00 -1 -1.23 606 469 692 537 1.65 1.92 4.53 -4.51 0.33 33.62 -1.37 0.52
Car -1.00 -1 -1.34 597 465 681 535 1.63 1.87 4.54 -4.39 0.25 31.88 -1.48 0.45
Car -1.00 -1 1.76 595 474 690 548 1.61 1.87 4.51 -4.02 0.47 29.97 1.63 0.41
Car -1.00 -1 1.73 758 451 827 503 1.71 1.94 4.52 -0.92 -0.48 46.10 1.71 0.24
Car -1.00 -1 -1.55 729 457 790 506 1.66 1.92 4.46 -2.03 -0.33 46.25 -1.59 0.21
Car -1.00 -1 -2.10 1438 477 1565 531 1.72 1.95 4.52 22.98 0.45 42.70 -1.60 0.20
Car -1.00 -1 -1.30 442 468 527 517 1.66 1.93 4.48 -11.91 0.09 45.69 -1.56 0.18
Car -1.00 -1 1.63 679 465 744 513 1.67 1.92 4.52 -3.86 -0.06 47.15 1.55 0.17
Car -1.00 -1 0.32 713 452 857 505 1.81 2.04 4.89 -1.15 -0.42 46.22 0.29 0.16
Car -1.00 -1 0.36 420 475 556 522 1.64 1.94 4.53 -11.82 0.26 45.83 0.11 0.16
Car -1.00 -1 -1.55 900 470 980 520 1.66 1.94 4.54 4.37 0.16 45.37 -1.46 0.16
Car -1.00 -1 -2.50 107 464 255 512 1.69 1.97 4.52 -23.46 -0.10 46.92 -2.97 0.15
Car -1.00 -1 1.02 205 461 373 517 1.64 1.93 4.53 -16.53 -0.05 39.80 0.63 0.15
