Car -1.00 -1 3.78 0 483 160 664 1.59 1.87 4.43 -9.27 0.99 12.30 3.13 0.86
Car -1.00 -1 3.56 0 463 337 589 1.64 1.91 4.42 -9.45 0.80 17.55 3.06 0.81
Car -1.00 -1 3.54 60 472 391 583 1.64 1.90 4.34 -9.44 0.92 19.93 3.10 0.81
Car -1.00 -1 -2.58 0 470 279 613 1.67 1.90 4.37 -9.55 0.90 15.89 -3.12 0.80
Car -1.00 -1 3.66 0 478 235 626 1.61 1.88 4.41 -9.69 0.97 14.91 3.09 0.79
Car -1.00 -1 2.39 0 475 161 642 1.67 1.91 4.58 -9.68 1.01 15.04 1.82 0.76
Car -1.00 -1 -2.51 274 474 512 560 1.70 1.95 4.56 -9.00 1.00 26.30 -2.84 0.52
Car -1.00 -1 1.91 353 474 502 561 1.69 1.92 4.54 -8.48 1.06 27.06 1.61 0.47
Car -1.00 -1 2.15 100 451 331 574 1.75 1.98 4.75 -9.73 0.74 20.43 1.71 0.43
Car -1.00 -1 3.45 104 475 422 580 1.64 1.94 4.49 -9.36 0.98 21.03 3.03 0.34
Car -1.00 -1 -2.83 311 471 544 552 1.67 1.94 4.51 -8.69 0.94 27.57 -3.14 0.32
Car -1.00 -1 -2.59 151 476 442 573 1.62 1.91 4.44 -9.28 0.97 22.30 -2.98 0.31
Car -1.00 -1 1.99 182 476 397 582 1.65 1.90 4.45 -9.16 1.04 21.83 1.59 0.30
Car -1.00 -1 3.40 350 462 572 544 1.87 2.03 4.76 -8.76 0.84 30.32 3.11 0.30
