Car -1.00 -1 1.28 790 535 918 615 1.57 1.90 4.48 0.95 1.81 28.76 1.31 0.32
Car -1.00 -1 1.37 880 534 970 613 1.58 1.89 4.45 2.54 1.79 28.80 1.46 0.29
Car -1.00 -1 1.06 708 532 880 612 1.61 1.90 4.42 -0.42 1.77 28.99 1.04 0.27
Car -1.00 -1 -2.08 1128 534 1238 626 1.57 1.88 4.35 7.21 1.68 25.25 -1.80 0.23
Car -1.00 -1 2.70 1072 530 1312 617 1.58 1.89 4.37 7.37 1.59 25.25 2.98 0.21
Car -1.00 -1 1.37 1054 535 1206 626 1.62 1.89 4.50 6.37 1.77 26.27 1.61 0.20
Car -1.00 -1 -1.28 440 530 535 590 1.70 1.94 4.48 -10.18 2.08 39.52 -1.53 0.19
Car -1.00 -1 1.82 959 542 1123 616 1.63 1.92 4.52 5.67 2.17 32.53 2.00 0.19
Car -1.00 -1 -1.40 586 527 672 590 1.64 1.91 4.55 -5.38 1.89 36.83 -1.55 0.18
Car -1.00 -1 -1.37 538 538 612 588 1.68 1.94 4.52 -9.00 2.62 47.57 -1.56 0.17
Car -1.00 -1 1.41 935 537 1041 617 1.61 1.92 4.48 3.87 1.90 29.20 1.55 0.16
Car -1.00 -1 0.32 400 526 556 582 1.68 1.93 4.44 -10.62 1.96 40.02 0.06 0.16
