Car -1.00 -1 0.19 262 485 571 590 1.62 1.92 4.47 -6.71 1.13 20.76 -0.13 0.68
Car -1.00 -1 0.28 308 489 593 587 1.61 1.91 4.42 -6.48 1.19 21.98 -0.00 0.58
Car -1.00 -1 0.32 0 498 176 610 1.59 1.87 4.35 -12.58 1.29 19.32 -0.26 0.55
Car -1.00 -1 0.52 0 502 233 603 1.59 1.86 4.34 -12.59 1.37 21.03 -0.02 0.50
Car -1.00 -1 3.64 0 497 282 592 1.58 1.89 4.38 -12.23 1.31 22.12 3.13 0.48
Car -1.00 -1 0.71 374 486 637 582 1.66 1.93 4.50 -6.05 1.20 23.64 0.45 0.45
Car -1.00 -1 -2.69 68 494 350 584 1.67 1.95 4.54 -11.99 1.35 24.55 -3.14 0.43
Car -1.00 -1 -1.34 433 484 595 582 1.66 1.92 4.51 -5.79 1.21 23.79 -1.57 0.43
Car -1.00 -1 -1.77 0 498 283 602 1.62 1.92 4.48 -12.12 1.36 21.78 -2.27 0.40
Car -1.00 -1 1.30 1100 471 1233 549 1.68 1.90 4.50 7.81 0.99 29.24 1.56 0.38
