Car -1.00 -1 3.59 0 486 340 602 1.54 1.87 4.39 -9.56 1.07 18.01 3.10 0.81
Car -1.00 -1 0.36 166 478 447 571 1.63 1.90 4.46 -9.65 1.03 23.49 -0.03 0.77
Car -1.00 -1 -2.69 81 483 398 585 1.59 1.89 4.38 -9.68 1.07 20.93 -3.12 0.76
Car -1.00 -1 -2.64 6 484 357 597 1.60 1.88 4.35 -9.70 1.07 19.11 -3.11 0.74
Car -1.00 -1 2.07 108 494 338 603 1.61 1.88 4.45 -9.85 1.29 20.90 1.63 0.72
Car -1.00 -1 3.39 249 476 498 560 1.65 1.95 4.47 -9.38 1.03 26.15 3.04 0.70
Car -1.00 -1 -1.59 273 471 497 559 1.68 1.95 4.57 -9.16 1.00 26.45 -1.93 0.57
Car -1.00 -1 -1.38 444 482 569 552 1.68 1.92 4.56 -8.30 1.27 32.91 -1.62 0.46
Car -1.00 -1 -2.87 419 480 606 545 1.64 1.93 4.48 -8.25 1.15 33.22 -3.11 0.36
Car -1.00 -1 -1.29 349 473 507 558 1.69 1.92 4.57 -8.64 1.05 27.60 -1.60 0.36
Car -1.00 -1 3.38 418 470 601 535 1.67 1.95 4.50 -8.59 0.91 34.22 3.13 0.34
