Car -1.00 -1 1.18 1275 527 1409 592 1.67 1.89 4.47 14.58 1.85 35.42 1.57 0.49
Car -1.00 -1 2.75 1233 529 1422 592 1.67 1.92 4.53 14.32 1.92 35.64 3.13 0.41
Car -1.00 -1 -2.14 1327 536 1445 602 1.65 1.91 4.41 15.77 2.10 35.32 -1.72 0.33
Car -1.00 -1 1.29 1063 540 1174 614 1.64 1.91 4.48 7.50 2.08 31.82 1.52 0.31
Car -1.00 -1 -3.35 1283 532 1474 596 1.65 1.93 4.49 15.37 1.96 34.70 -2.93 0.28
Car -1.00 -1 2.50 1538 532 1600 605 1.70 1.94 4.49 20.69 1.87 31.38 3.08 0.27
Car -1.00 -1 -3.01 945 511 1091 563 1.66 1.92 4.45 6.72 1.52 42.31 -2.85 0.26
Car -1.00 -1 1.39 960 516 1035 574 1.79 1.96 4.59 5.90 1.72 41.71 1.53 0.25
Car -1.00 -1 -0.12 1045 539 1247 610 1.66 1.92 4.44 8.15 2.04 31.51 0.13 0.24
Car -1.00 -1 -1.91 1060 537 1152 606 1.64 1.91 4.47 7.62 2.06 33.62 -1.69 0.22
Car -1.00 -1 -2.56 433 565 564 614 1.66 1.96 4.52 -11.70 3.57 46.60 -2.81 0.21
Car -1.00 -1 0.99 1552 534 1600 611 1.73 1.95 4.56 20.89 1.98 31.98 1.57 0.21
