Car -1.00 -1 0.52 24 493 212 551 1.64 1.93 4.43 -20.80 1.55 36.91 0.01 0.45
Car -1.00 -1 0.50 48 493 230 550 1.62 1.92 4.42 -20.74 1.57 37.91 0.00 0.44
Car -1.00 -1 0.60 0 491 183 553 1.64 1.92 4.41 -20.46 1.44 34.53 0.06 0.44
Car -1.00 -1 0.43 76 494 249 549 1.65 1.93 4.42 -20.82 1.64 39.37 -0.06 0.43
Car -1.00 -1 1.95 40 491 206 552 1.67 1.92 4.48 -20.57 1.55 36.88 1.44 0.39
Car -1.00 -1 0.57 0 487 131 554 1.61 1.92 4.41 -20.57 1.30 32.07 0.00 0.36
Car -1.00 -1 -1.09 101 494 237 551 1.67 1.92 4.48 -20.65 1.68 39.56 -1.57 0.35
Car -1.00 -1 -0.44 0 476 64 549 1.72 1.96 4.60 -20.66 1.14 31.99 -1.01 0.26
Car -1.00 -1 0.50 1 492 199 552 1.64 1.95 4.50 -20.73 1.50 35.88 -0.03 0.25
Car -1.00 -1 -1.03 0 485 157 552 1.69 1.93 4.55 -20.54 1.37 34.37 -1.57 0.25
