Car -1.00 -1 1.76 472 525 561 577 1.73 1.95 4.57 -10.74 2.11 45.76 1.53 0.25
Car -1.00 -1 0.39 445 522 578 571 1.73 1.94 4.49 -10.90 1.97 45.59 0.16 0.22
Car -1.00 -1 1.77 490 529 595 596 1.68 1.92 4.46 -7.56 1.93 35.46 1.56 0.20
Car -1.00 -1 -1.32 486 525 570 578 1.68 1.94 4.51 -9.74 2.00 43.09 -1.54 0.20
Car -1.00 -1 -1.52 707 525 788 593 1.58 1.85 4.33 -1.70 1.69 32.70 -1.57 0.19
Car -1.00 -1 1.78 486 528 572 581 1.73 1.95 4.51 -10.08 2.17 44.75 1.56 0.18
Car -1.00 -1 1.72 824 533 913 589 1.65 1.93 4.49 1.63 2.24 41.61 1.76 0.18
Car -1.00 -1 1.52 823 522 901 591 1.64 1.91 4.50 1.17 1.64 33.32 1.55 0.18
Car -1.00 -1 -2.86 430 520 570 570 1.69 1.93 4.43 -11.01 1.86 44.37 -3.10 0.17
Car -1.00 -1 0.39 447 525 585 577 1.70 1.93 4.44 -10.20 2.03 43.29 0.16 0.16
Car -1.00 -1 0.18 446 525 595 577 1.63 1.93 4.48 -9.82 1.95 42.24 -0.05 0.16
Car -1.00 -1 0.17 554 531 700 586 1.67 1.92 4.45 -6.07 2.16 40.97 0.02 0.16
Car -1.00 -1 1.66 447 521 554 575 1.73 1.93 4.53 -10.81 1.90 43.65 1.42 0.16
Car -1.00 -1 -1.37 518 523 601 576 1.64 1.92 4.47 -8.62 1.91 42.91 -1.57 0.16
Car -1.00 -1 1.56 799 535 865 594 1.62 1.91 4.46 0.45 2.20 39.07 1.58 0.15
Car -1.00 -1 1.54 999 517 1140 590 1.61 1.90 4.44 6.04 1.45 30.74 1.73 0.15
Car -1.00 -1 -1.71 1042 526 1181 603 1.64 1.91 4.46 6.86 1.67 29.94 -1.48 0.15
