Car -1.00 -1 -1.37 1098 472 1241 526 1.64 1.93 4.51 11.36 0.27 41.01 -1.10 0.37
Car -1.00 -1 -1.68 1159 473 1281 526 1.64 1.90 4.42 13.15 0.28 41.53 -1.37 0.30
Car -1.00 -1 -3.19 862 473 1018 530 1.66 1.94 4.48 3.71 0.31 38.44 -3.10 0.27
Car -1.00 -1 1.84 875 488 1028 557 1.60 1.92 4.45 3.26 0.75 31.47 1.95 0.26
Car -1.00 -1 2.22 850 477 1002 534 1.64 1.92 4.45 3.24 0.43 38.09 2.31 0.24
Car -1.00 -1 3.01 868 489 1053 557 1.62 1.91 4.38 3.50 0.77 31.37 3.12 0.24
Car -1.00 -1 -0.53 1402 460 1593 519 1.68 1.96 4.55 20.03 -0.05 37.38 -0.03 0.24
Car -1.00 -1 -0.39 1173 471 1327 523 1.65 1.92 4.43 14.22 0.19 41.72 -0.07 0.23
Car -1.00 -1 1.24 1195 475 1298 528 1.65 1.90 4.45 14.14 0.35 41.88 1.56 0.22
Car -1.00 -1 1.48 902 470 980 528 1.65 1.91 4.44 3.73 0.25 38.60 1.58 0.21
Car -1.00 -1 1.51 881 473 962 534 1.67 1.93 4.50 3.04 0.38 37.54 1.59 0.21
Car -1.00 -1 1.46 902 452 962 502 1.77 1.93 4.58 4.35 -0.50 48.23 1.55 0.20
Car -1.00 -1 -0.09 921 470 1080 527 1.65 1.94 4.47 5.50 0.23 38.21 0.05 0.19
Car -1.00 -1 1.08 1426 455 1565 514 1.73 1.94 4.51 21.23 -0.18 39.82 1.57 0.18
