Car -1.00 -1 -1.41 493 473 694 607 1.59 1.87 4.53 -3.04 0.96 17.34 -1.58 0.81
Car -1.00 -1 -0.36 1159 472 1548 599 1.59 1.91 4.44 7.01 0.89 17.02 0.03 0.72
Car -1.00 -1 -1.38 601 469 710 559 1.69 1.89 4.53 -3.48 0.96 26.16 -1.51 0.69
Car -1.00 -1 -0.27 1012 472 1253 560 1.70 1.92 4.44 6.14 0.96 25.56 -0.04 0.60
Car -1.00 -1 1.49 872 466 935 523 1.76 1.94 4.63 2.56 0.88 42.56 1.55 0.44
Car -1.00 -1 0.29 383 464 537 520 1.77 2.01 4.66 -12.44 0.77 42.74 0.00 0.39
Car -1.00 -1 -1.78 1075 467 1245 564 1.70 1.92 4.52 6.35 0.93 24.47 -1.53 0.38
Car -1.00 -1 1.18 1144 465 1317 571 1.68 1.91 4.50 6.98 0.89 22.17 1.49 0.37
Car -1.00 -1 -0.24 1078 468 1368 569 1.67 1.93 4.46 6.92 0.87 22.18 0.06 0.33
Car -1.00 -1 3.02 510 466 747 552 1.68 1.93 4.50 -4.11 0.86 26.19 2.86 0.32
