Car -1.00 -1 -1.93 1230 457 1341 513 1.69 1.91 4.51 14.92 -0.16 40.53 -1.58 0.49
Car -1.00 -1 -1.39 183 428 513 587 1.68 1.89 4.40 -5.53 0.21 15.67 -1.73 0.39
Car -1.00 -1 -1.90 1197 453 1305 509 1.68 1.92 4.50 13.77 -0.28 40.43 -1.57 0.38
Car -1.00 -1 -2.60 136 432 549 582 1.68 1.92 4.47 -5.58 0.21 15.51 -2.95 0.33
Car -1.00 -1 -0.57 1246 460 1411 515 1.66 1.95 4.54 16.08 -0.11 40.00 -0.19 0.33
Car -1.00 -1 -1.88 1155 446 1259 505 1.74 1.94 4.60 12.39 -0.46 40.41 -1.58 0.32
Car -1.00 -1 -1.97 1307 459 1430 515 1.66 1.93 4.49 17.40 -0.08 40.15 -1.56 0.29
Car -1.00 -1 -1.00 1193 453 1359 511 1.71 1.96 4.53 14.45 -0.26 39.91 -0.65 0.28
Car -1.00 -1 0.11 1322 462 1466 517 1.63 1.93 4.47 18.23 -0.02 39.91 0.53 0.27
Car -1.00 -1 -2.06 678 446 913 558 1.63 1.90 4.47 -0.20 0.20 20.80 -2.07 0.24
Car -1.00 -1 2.14 1481 459 1600 513 1.74 1.98 4.66 24.84 -0.15 42.26 2.67 0.22
Car -1.00 -1 -0.61 1118 456 1268 510 1.67 1.95 4.54 12.22 -0.25 41.10 -0.32 0.21
