Car -1.00 -1 -1.35 226 424 419 511 1.77 1.96 4.64 -10.91 -0.46 28.40 -1.72 0.58
Car -1.00 -1 1.47 920 471 982 516 1.66 1.91 4.52 5.12 0.11 48.71 1.57 0.33
Car -1.00 -1 3.34 40 429 273 509 1.67 1.95 4.51 -14.75 -0.46 28.36 2.86 0.32
Car -1.00 -1 -1.14 115 429 300 510 1.66 1.92 4.49 -13.51 -0.42 28.45 -1.59 0.32
Car -1.00 -1 2.09 187 417 345 504 1.72 1.95 4.53 -12.03 -0.60 28.02 1.69 0.29
Car -1.00 -1 2.06 64 428 254 513 1.74 1.93 4.57 -14.61 -0.39 28.50 1.59 0.27
Car -1.00 -1 0.06 891 471 1016 517 1.66 1.93 4.39 5.21 0.11 48.39 0.17 0.25
Car -1.00 -1 -1.44 622 471 688 518 1.68 1.91 4.51 -5.96 0.14 47.36 -1.56 0.23
Car -1.00 -1 3.58 74 424 324 506 1.69 1.96 4.52 -13.50 -0.56 27.88 3.13 0.20
Car -1.00 -1 3.58 0 427 233 511 1.73 1.98 4.63 -15.42 -0.46 27.46 3.07 0.19
