Car -1.00 -1 1.74 555 462 661 534 1.64 1.89 4.50 -5.08 0.18 31.49 1.58 0.62
Car -1.00 -1 1.64 633 468 703 515 1.68 1.90 4.48 -5.55 0.03 47.77 1.52 0.35
Car -1.00 -1 -1.42 640 469 706 520 1.65 1.91 4.55 -4.84 0.14 43.37 -1.53 0.29
Car -1.00 -1 -2.32 1226 461 1296 514 1.71 1.93 4.58 15.24 -0.10 43.27 -1.98 0.27
Car -1.00 -1 0.34 262 452 461 519 1.68 1.94 4.50 -11.84 -0.14 33.17 -0.00 0.25
Car -1.00 -1 1.65 283 452 451 521 1.69 1.92 4.49 -11.61 -0.08 33.10 1.31 0.24
Car -1.00 -1 -0.32 1183 456 1334 509 1.73 1.96 4.53 15.26 -0.29 43.85 0.01 0.23
Car -1.00 -1 -1.41 633 461 697 511 1.65 1.91 4.51 -5.29 -0.15 44.72 -1.53 0.23
Car -1.00 -1 2.80 1155 453 1288 500 1.73 1.96 4.52 15.49 -0.56 48.56 3.11 0.21
Car -1.00 -1 -3.42 1154 456 1302 507 1.73 1.98 4.60 14.60 -0.35 45.08 -3.10 0.21
Car -1.00 -1 -0.20 1169 483 1365 551 1.75 1.97 4.55 12.02 0.68 33.94 0.14 0.21
