Car -1.00 -1 1.37 1027 457 1103 508 1.72 1.92 4.56 9.05 -0.29 46.40 1.57 0.40
Car -1.00 -1 -2.72 553 443 708 503 1.81 1.99 4.67 -5.97 -0.56 40.60 -2.87 0.37
Car -1.00 -1 -2.71 206 437 398 502 1.68 1.96 4.52 -14.17 -0.58 35.09 -3.09 0.30
Car -1.00 -1 -0.63 1005 459 1141 508 1.70 1.95 4.50 9.30 -0.27 45.90 -0.43 0.30
Car -1.00 -1 3.57 121 443 344 514 1.62 1.92 4.40 -13.82 -0.28 30.14 3.14 0.28
Car -1.00 -1 -2.71 185 440 383 505 1.62 1.92 4.42 -14.03 -0.47 33.58 -3.10 0.28
Car -1.00 -1 0.48 160 436 366 504 1.63 1.92 4.42 -14.06 -0.53 32.39 0.07 0.27
Car -1.00 -1 1.93 186 437 344 508 1.67 1.93 4.45 -13.96 -0.43 32.39 1.52 0.24
Car -1.00 -1 3.48 153 444 363 512 1.60 1.90 4.38 -13.78 -0.31 31.41 3.07 0.24
Car -1.00 -1 -2.65 236 431 454 506 1.66 1.93 4.52 -11.10 -0.51 30.12 -3.00 0.22
Car -1.00 -1 0.92 181 435 395 511 1.68 1.96 4.53 -12.70 -0.39 30.49 0.52 0.21
Car -1.00 -1 -1.11 218 437 360 511 1.68 1.93 4.50 -13.11 -0.38 31.79 -1.51 0.20
