Car -1.00 -1 2.54 1478 396 1600 520 1.68 1.92 4.51 12.38 -0.44 18.41 3.13 0.69
Car -1.00 -1 -3.65 1403 412 1600 525 1.68 1.92 4.42 12.01 -0.32 20.20 -3.11 0.65
Car -1.00 -1 2.61 1342 412 1600 522 1.71 1.95 4.61 11.50 -0.37 21.17 3.11 0.60
Car -1.00 -1 -3.55 1281 428 1574 523 1.68 1.96 4.56 11.40 -0.26 23.83 -3.11 0.38
Car -1.00 -1 -1.97 1279 436 1481 531 1.66 1.90 4.44 10.73 -0.10 24.52 -1.56 0.38
Car -1.00 -1 2.68 1285 423 1596 526 1.71 1.98 4.55 10.97 -0.27 22.51 3.13 0.34
Car -1.00 -1 -0.17 1163 443 1416 529 1.62 1.92 4.46 9.55 -0.07 25.69 0.19 0.33
Car -1.00 -1 -1.90 1220 441 1413 534 1.68 1.92 4.55 9.81 -0.03 25.27 -1.53 0.31
Car -1.00 -1 -1.28 278 484 441 567 1.73 1.91 4.52 -10.31 0.76 29.00 -1.62 0.27
Car -1.00 -1 0.98 1354 421 1555 523 1.72 1.95 4.63 11.75 -0.28 23.69 1.44 0.25
Car -1.00 -1 -2.74 250 473 478 552 1.72 1.93 4.54 -10.27 0.49 29.03 -3.08 0.23
