Car -1.00 -1 0.23 0 453 147 539 1.79 1.96 4.62 -17.34 0.11 27.84 -0.32 0.55
Car -1.00 -1 0.63 0 460 200 535 1.66 1.95 4.51 -17.14 0.15 29.60 0.11 0.52
Car -1.00 -1 -1.03 0 458 171 536 1.67 1.92 4.54 -17.13 0.16 29.48 -1.55 0.51
Car -1.00 -1 0.40 146 468 342 530 1.59 1.92 4.42 -15.43 0.22 34.31 -0.02 0.45
Car -1.00 -1 0.42 185 468 373 528 1.60 1.91 4.47 -15.07 0.19 35.70 0.03 0.41
Car -1.00 -1 0.45 7 463 233 533 1.63 1.93 4.46 -16.86 0.16 30.82 -0.05 0.41
Car -1.00 -1 1.14 210 463 394 525 1.67 1.93 4.49 -14.68 0.13 36.30 0.76 0.39
Car -1.00 -1 0.35 104 468 306 532 1.61 1.90 4.44 -16.06 0.23 33.40 -0.10 0.37
Car -1.00 -1 0.01 352 444 502 497 1.77 1.97 4.62 -13.44 -0.70 43.79 -0.29 0.37
Car -1.00 -1 0.43 59 465 275 532 1.60 1.90 4.44 -16.19 0.19 31.73 -0.04 0.35
Car -1.00 -1 -1.30 257 466 393 526 1.65 1.90 4.45 -14.27 0.16 37.11 -1.67 0.35
