Car -1.00 -1 -3.59 1416 474 1600 533 1.71 1.94 4.56 20.78 0.37 38.11 -3.09 0.57
Car -1.00 -1 -3.56 1337 480 1504 533 1.65 1.94 4.51 19.55 0.48 41.13 -3.11 0.52
Car -1.00 -1 -3.59 1380 482 1553 537 1.70 1.96 4.54 20.74 0.58 40.52 -3.12 0.47
Car -1.00 -1 2.08 1216 478 1370 530 1.75 1.98 4.67 16.78 0.45 44.71 2.44 0.35
Car -1.00 -1 1.87 311 419 489 520 1.80 1.94 4.61 -8.03 -0.35 24.91 1.56 0.34
Car -1.00 -1 -0.25 128 415 350 515 1.79 2.00 4.82 -11.39 -0.44 24.85 -0.68 0.32
Car -1.00 -1 2.67 1295 480 1453 531 1.71 1.98 4.58 19.21 0.49 43.77 3.09 0.31
Car -1.00 -1 3.02 56 421 288 520 1.82 2.03 4.79 -12.98 -0.35 25.44 2.55 0.27
Car -1.00 -1 2.66 1312 478 1475 531 1.69 1.96 4.54 19.18 0.43 42.20 3.08 0.26
Car -1.00 -1 -0.80 1265 478 1413 530 1.73 1.95 4.63 18.07 0.44 43.87 -0.41 0.26
Car -1.00 -1 -2.02 92 422 311 499 1.72 1.97 4.58 -15.28 -0.71 31.60 -2.47 0.26
