Car -1.00 -1 2.44 1341 479 1600 779 1.52 1.85 4.40 5.72 0.73 7.58 3.08 0.84
Car -1.00 -1 2.59 1242 482 1600 703 1.57 1.85 4.38 5.89 0.75 10.10 3.12 0.77
Car -1.00 -1 0.24 335 470 672 588 1.59 1.88 4.44 -4.43 0.54 18.48 0.01 0.75
Car -1.00 -1 2.78 1094 484 1525 627 1.56 1.87 4.40 5.71 0.73 15.08 3.14 0.75
Car -1.00 -1 -3.56 1176 487 1600 666 1.60 1.87 4.35 5.98 0.79 12.42 -3.11 0.74
Car -1.00 -1 0.19 345 473 670 586 1.62 1.92 4.46 -4.63 0.57 19.43 -0.04 0.74
Car -1.00 -1 -3.60 1201 493 1600 690 1.54 1.86 4.33 5.81 0.82 11.07 -3.12 0.72
Car -1.00 -1 -3.50 1130 485 1600 641 1.57 1.87 4.35 5.88 0.76 13.93 -3.10 0.72
Car -1.00 -1 0.09 518 474 738 551 1.63 1.92 4.54 -4.13 0.46 28.25 -0.05 0.68
Car -1.00 -1 2.90 994 481 1273 578 1.58 1.87 4.38 5.42 0.64 22.04 3.14 0.66
Car -1.00 -1 2.52 1314 475 1600 737 1.57 1.90 4.36 5.97 0.72 8.71 3.12 0.66
Car -1.00 -1 0.16 404 476 704 581 1.63 1.92 4.55 -4.26 0.60 21.07 -0.04 0.65
