Car -1.00 -1 0.52 0 478 306 611 1.69 1.92 4.55 -9.84 1.02 17.22 -0.00 0.74
Car -1.00 -1 0.41 47 488 384 596 1.60 1.90 4.45 -9.66 1.15 20.05 -0.04 0.63
Car -1.00 -1 1.91 174 481 418 595 1.67 1.91 4.56 -8.60 1.13 20.82 1.52 0.62
Car -1.00 -1 0.44 0 484 354 603 1.60 1.90 4.41 -9.43 1.06 18.17 -0.04 0.57
Car -1.00 -1 0.24 458 481 620 539 1.70 1.96 4.58 -8.89 1.27 38.99 0.02 0.55
Car -1.00 -1 0.25 427 484 594 543 1.66 1.92 4.47 -9.33 1.30 37.21 0.00 0.52
Car -1.00 -1 -1.10 98 488 347 603 1.63 1.91 4.49 -9.51 1.20 20.20 -1.54 0.50
Car -1.00 -1 0.19 475 477 625 531 1.70 1.95 4.51 -9.13 1.15 41.62 -0.02 0.45
Car -1.00 -1 -1.20 254 479 461 589 1.68 1.91 4.57 -7.88 1.10 21.57 -1.55 0.44
Car -1.00 -1 0.26 465 475 618 530 1.66 1.95 4.49 -9.07 1.05 40.12 0.03 0.43
