Car -1.00 -1 1.45 830 482 976 606 1.57 1.85 4.44 1.22 0.71 18.30 1.52 0.81
Car -1.00 -1 0.10 737 492 1067 610 1.60 1.90 4.48 1.18 0.85 18.48 0.17 0.64
Car -1.00 -1 -0.34 640 510 810 571 1.70 1.95 4.65 -2.72 1.41 37.55 -0.41 0.34
Car -1.00 -1 0.15 664 490 949 595 1.59 1.89 4.40 -0.23 0.81 20.51 0.14 0.30
Car -1.00 -1 -3.32 1299 533 1449 584 1.64 1.91 4.41 19.00 2.25 43.18 -2.91 0.26
Car -1.00 -1 -0.11 703 513 866 573 1.67 1.95 4.54 -0.88 1.48 37.29 -0.13 0.25
Car -1.00 -1 -1.61 767 485 912 608 1.59 1.87 4.37 0.34 0.75 18.65 -1.59 0.25
Car -1.00 -1 -0.49 599 507 759 568 1.72 1.96 4.62 -4.17 1.35 38.24 -0.60 0.25
Car -1.00 -1 0.23 678 484 991 597 1.60 1.91 4.43 0.24 0.73 19.33 0.24 0.22
Car -1.00 -1 -2.94 611 493 888 594 1.59 1.90 4.43 -1.17 0.86 21.22 -3.00 0.20
Car -1.00 -1 1.65 609 505 698 564 1.69 1.95 4.50 -4.91 1.28 38.84 1.52 0.20
Car -1.00 -1 1.54 684 489 828 598 1.62 1.89 4.39 -0.88 0.82 21.22 1.50 0.20
