Car -1.00 -1 -1.44 583 472 722 573 1.62 1.88 4.54 -3.01 0.97 22.60 -1.57 0.79
Car -1.00 -1 -1.88 1135 470 1335 578 1.62 1.90 4.46 6.74 0.94 21.25 -1.57 0.62
Car -1.00 -1 2.79 1114 478 1419 580 1.61 1.91 4.44 7.30 1.00 21.15 3.12 0.59
Car -1.00 -1 1.22 1185 479 1392 587 1.63 1.88 4.43 7.71 1.08 21.40 1.57 0.58
Car -1.00 -1 0.33 1082 473 1344 579 1.63 1.93 4.50 6.66 0.96 21.42 0.63 0.53
Car -1.00 -1 -1.75 984 472 1092 548 1.71 1.92 4.58 5.09 1.04 30.71 -1.59 0.48
Car -1.00 -1 1.55 837 465 905 525 1.78 1.96 4.64 1.37 0.86 40.47 1.58 0.45
Car -1.00 -1 -1.86 1094 474 1270 578 1.62 1.89 4.44 6.10 1.01 22.07 -1.59 0.41
Car -1.00 -1 2.96 940 462 1144 538 1.75 1.98 4.66 5.20 0.76 30.73 3.13 0.36
Car -1.00 -1 -0.51 1133 474 1416 570 1.60 1.90 4.49 7.89 0.96 22.51 -0.17 0.35
Car -1.00 -1 -2.88 423 466 561 515 1.73 1.99 4.59 -12.34 0.78 46.42 -3.14 0.31
Car -1.00 -1 -0.39 1062 477 1328 571 1.62 1.91 4.42 6.70 1.02 23.24 -0.11 0.31
