Car -1.00 -1 -0.72 1575 451 1600 669 1.55 1.88 4.45 9.08 0.89 10.05 0.02 0.81
Car -1.00 -1 2.73 1164 438 1517 553 1.56 1.87 4.35 8.00 0.81 18.52 3.14 0.73
Car -1.00 -1 -3.45 1104 434 1368 522 1.58 1.88 4.35 8.45 0.74 24.02 -3.11 0.71
Car -1.00 -1 -0.52 1406 438 1600 624 1.67 1.93 4.48 8.83 0.86 12.51 0.09 0.68
Car -1.00 -1 -0.30 1205 427 1586 558 1.63 1.89 4.32 8.13 0.71 17.05 0.15 0.68
Car -1.00 -1 -3.43 1087 430 1336 513 1.61 1.89 4.39 8.55 0.67 25.68 -3.11 0.65
Car -1.00 -1 -0.47 1258 414 1600 567 1.77 1.93 4.50 8.50 0.62 15.76 0.02 0.63
Car -1.00 -1 -3.75 1438 426 1600 628 1.67 1.90 4.39 8.62 0.76 11.51 -3.10 0.60
Car -1.00 -1 -3.50 1131 448 1456 552 1.55 1.88 4.41 7.95 0.95 20.09 -3.13 0.54
Car -1.00 -1 1.30 1102 433 1267 522 1.69 1.91 4.48 8.17 0.77 26.43 1.60 0.52
Car -1.00 -1 2.76 1124 448 1428 548 1.56 1.87 4.34 8.04 0.97 21.04 3.12 0.51
