Car -1.00 -1 -1.88 1070 466 1251 580 1.57 1.85 4.46 5.25 0.48 19.92 -1.63 0.83
Car -1.00 -1 -1.53 641 472 718 523 1.68 1.89 4.52 -4.68 0.24 43.87 -1.63 0.56
Car -1.00 -1 1.39 987 478 1086 542 1.58 1.88 4.52 5.82 0.51 33.98 1.56 0.54
Car -1.00 -1 1.34 977 469 1049 526 1.67 1.90 4.54 6.18 0.22 40.17 1.49 0.53
Car -1.00 -1 1.72 879 466 1062 563 1.63 1.89 4.45 2.75 0.44 23.76 1.83 0.46
Car -1.00 -1 2.71 548 467 698 522 1.65 1.93 4.56 -6.17 0.11 40.30 2.56 0.41
Car -1.00 -1 0.42 993 467 1274 581 1.62 1.94 4.64 5.16 0.52 20.29 0.67 0.41
Car -1.00 -1 -2.37 591 470 736 523 1.69 1.92 4.51 -5.13 0.19 42.91 -2.49 0.40
Car -1.00 -1 -1.73 884 471 949 527 1.67 1.91 4.51 3.15 0.26 39.79 -1.65 0.38
Car -1.00 -1 3.27 571 470 716 523 1.66 1.91 4.43 -5.57 0.18 41.17 3.13 0.37
Car -1.00 -1 1.45 940 470 1020 525 1.65 1.93 4.53 5.17 0.21 40.48 1.58 0.32
