Car -1.00 -1 -1.24 343 426 475 502 1.60 1.87 4.37 -8.51 0.57 28.86 -1.52 0.63
Car -1.00 -1 1.82 376 424 516 502 1.62 1.90 4.50 -7.58 0.54 28.58 1.56 0.59
Car -1.00 -1 1.94 257 418 404 496 1.63 1.89 4.46 -10.38 0.42 29.11 1.60 0.58
Car -1.00 -1 -1.40 454 428 585 505 1.60 1.89 4.45 -6.00 0.62 28.89 -1.61 0.52
Car -1.00 -1 -1.39 506 425 619 499 1.59 1.87 4.43 -5.10 0.53 29.33 -1.56 0.46
Car -1.00 -1 0.05 300 429 528 506 1.63 1.94 4.54 -8.34 0.63 28.42 -0.24 0.46
Car -1.00 -1 2.01 0 409 190 490 1.74 1.92 4.62 -16.04 0.27 29.34 1.51 0.44
Car -1.00 -1 -2.81 377 424 589 498 1.58 1.90 4.44 -6.76 0.52 28.54 -3.04 0.41
Car -1.00 -1 3.34 225 422 454 497 1.64 1.95 4.58 -10.28 0.49 29.19 3.00 0.41
Car -1.00 -1 0.33 449 426 653 499 1.59 1.90 4.47 -5.35 0.56 29.04 0.14 0.40
