Car -1.00 -1 -2.85 355 488 553 555 1.64 1.93 4.47 -9.41 1.32 31.92 -3.14 0.56
Car -1.00 -1 -1.23 430 479 534 545 1.69 1.92 4.51 -9.36 1.20 34.41 -1.50 0.55
Car -1.00 -1 -2.72 398 481 574 545 1.68 1.93 4.46 -9.22 1.19 34.25 -2.98 0.54
Car -1.00 -1 -1.19 429 485 539 559 1.63 1.91 4.44 -8.08 1.27 29.92 -1.45 0.54
Car -1.00 -1 0.29 378 490 577 559 1.63 1.92 4.43 -8.61 1.37 31.22 0.02 0.52
Car -1.00 -1 0.26 377 488 584 558 1.60 1.91 4.42 -8.21 1.28 30.03 -0.01 0.48
Car -1.00 -1 3.28 417 478 594 540 1.69 1.95 4.53 -9.19 1.16 36.05 3.03 0.43
Car -1.00 -1 -1.29 339 484 488 560 1.62 1.90 4.44 -9.59 1.25 29.47 -1.61 0.33
Car -1.00 -1 1.67 1153 476 1364 555 1.69 1.94 4.57 9.84 1.10 28.96 2.00 0.32
Car -1.00 -1 2.72 1152 476 1376 555 1.71 1.96 4.51 10.01 1.07 29.01 3.06 0.30
Car -1.00 -1 0.31 326 487 539 558 1.58 1.90 4.37 -9.14 1.24 29.33 0.01 0.30
Car -1.00 -1 2.00 484 478 561 540 1.72 1.96 4.58 -8.87 1.20 36.83 1.76 0.28
