Car -1.00 -1 -3.13 818 447 959 501 1.74 1.99 4.61 2.41 -0.59 43.35 -3.08 0.45
Car -1.00 -1 1.61 855 448 932 503 1.73 1.95 4.57 2.57 -0.50 43.46 1.66 0.45
Car -1.00 -1 -3.14 832 449 977 503 1.72 1.97 4.57 2.88 -0.49 42.17 -3.07 0.43
Car -1.00 -1 -3.20 842 447 990 503 1.70 1.95 4.56 3.14 -0.51 40.54 -3.13 0.40
Car -1.00 -1 0.34 848 446 998 503 1.80 2.00 4.76 3.66 -0.55 43.59 0.42 0.20
Car -1.00 -1 1.71 824 450 908 506 1.81 1.98 4.74 1.67 -0.42 44.61 1.74 0.19
Car -1.00 -1 3.01 855 449 1003 504 1.64 1.95 4.48 3.46 -0.44 39.49 3.09 0.19
Car -1.00 -1 -1.86 1072 470 1199 548 1.62 1.90 4.47 7.09 0.41 28.60 -1.61 0.18
Car -1.00 -1 1.75 579 522 702 618 1.64 1.90 4.54 -3.27 1.42 24.38 1.61 0.17
Car -1.00 -1 -0.10 872 450 1020 505 1.70 2.00 4.61 4.15 -0.43 41.20 0.00 0.17
Car -1.00 -1 -0.09 879 456 1021 507 1.66 1.98 4.55 4.43 -0.32 42.50 0.01 0.17
