Car -1.00 -1 1.52 778 459 873 542 1.63 1.89 4.46 0.27 0.23 27.46 1.53 0.66
Car -1.00 -1 -2.97 496 456 739 545 1.63 1.91 4.44 -3.79 0.19 24.75 -3.13 0.46
Car -1.00 -1 -1.97 513 453 737 546 1.66 1.91 4.48 -3.64 0.20 24.93 -2.11 0.43
Car -1.00 -1 1.39 820 469 929 554 1.62 1.89 4.43 1.31 0.42 26.44 1.44 0.36
Car -1.00 -1 0.18 457 461 719 556 1.60 1.90 4.38 -4.03 0.31 22.88 0.01 0.36
Car -1.00 -1 3.27 424 457 711 559 1.63 1.92 4.46 -4.17 0.28 21.71 3.08 0.35
Car -1.00 -1 -1.41 486 457 655 566 1.67 1.91 4.53 -4.09 0.35 21.84 -1.59 0.31
Car -1.00 -1 1.69 601 461 723 551 1.67 1.91 4.54 -3.04 0.32 25.84 1.57 0.30
Car -1.00 -1 -1.54 870 471 1015 559 1.59 1.90 4.46 2.39 0.47 25.23 -1.44 0.29
Car -1.00 -1 2.17 705 460 894 545 1.64 1.91 4.42 -0.45 0.25 26.82 2.15 0.28
