Car -1.00 -1 -0.38 589 472 1132 687 1.63 1.86 4.44 0.43 0.68 11.20 -0.34 0.37
Car -1.00 -1 1.78 410 472 532 537 1.70 1.92 4.56 -9.61 0.37 35.65 1.51 0.29
Car -1.00 -1 1.51 797 536 863 593 1.60 1.90 4.47 0.49 2.22 39.72 1.52 0.25
Car -1.00 -1 1.33 805 531 887 585 1.61 1.89 4.50 1.06 2.16 42.08 1.36 0.24
Car -1.00 -1 1.35 398 471 559 533 1.70 1.96 4.55 -9.80 0.34 37.12 1.09 0.23
Car -1.00 -1 1.52 784 535 855 599 1.70 1.93 4.51 0.15 2.21 37.93 1.53 0.20
Car -1.00 -1 -1.27 385 472 497 535 1.67 1.92 4.48 -10.55 0.37 35.95 -1.55 0.20
Car -1.00 -1 2.56 1428 606 1600 664 1.61 1.94 4.44 22.40 4.60 40.78 3.06 0.19
Car -1.00 -1 0.44 313 470 493 533 1.66 1.94 4.47 -11.43 0.29 35.31 0.13 0.19
Car -1.00 -1 -1.24 347 468 465 531 1.67 1.93 4.52 -11.56 0.26 35.99 -1.55 0.18
