Car -1.00 -1 -3.36 1100 448 1559 614 1.75 1.93 4.59 5.75 0.70 14.60 -2.98 0.75
Car -1.00 -1 -0.12 1082 442 1453 575 1.69 1.90 4.49 6.04 0.55 17.37 0.22 0.73
Car -1.00 -1 -3.29 1098 449 1501 594 1.69 1.92 4.44 5.94 0.66 15.97 -2.93 0.73
Car -1.00 -1 0.79 0 456 104 610 1.74 1.93 4.59 -11.80 0.77 15.45 0.13 0.70
Car -1.00 -1 -0.18 1030 466 1348 576 1.62 1.90 4.39 5.61 0.80 19.75 0.10 0.69
Car -1.00 -1 1.07 1400 466 1600 554 1.65 1.89 4.49 13.80 0.87 25.84 1.56 0.65
Car -1.00 -1 -3.56 1562 458 1600 545 1.68 1.95 4.58 17.86 0.67 25.69 -2.95 0.65
Car -1.00 -1 0.63 0 463 184 586 1.63 1.91 4.39 -11.83 0.78 17.79 0.04 0.58
Car -1.00 -1 -2.13 1091 460 1228 575 1.64 1.89 4.44 5.45 0.82 20.27 -1.86 0.58
Car -1.00 -1 2.40 0 468 131 597 1.65 1.91 4.50 -11.95 0.93 18.41 1.82 0.53
Car -1.00 -1 0.54 0 461 252 557 1.66 1.94 4.48 -13.32 0.75 23.13 0.02 0.49
Car -1.00 -1 -3.20 887 467 1086 538 1.69 1.95 4.55 3.88 0.82 30.89 -3.08 0.47
