Car -1.00 -1 3.52 0 393 529 585 1.56 1.86 4.37 -4.72 0.43 11.47 3.13 0.79
Car -1.00 -1 -1.14 22 374 428 596 1.62 1.85 4.37 -4.74 0.37 11.47 -1.54 0.75
Car -1.00 -1 3.46 133 395 586 555 1.64 1.90 4.42 -4.62 0.40 14.17 3.14 0.69
Car -1.00 -1 -2.57 0 328 453 637 1.81 1.95 4.59 -4.78 0.29 8.49 -3.08 0.68
Car -1.00 -1 -2.77 55 392 556 566 1.59 1.86 4.32 -4.65 0.39 12.71 -3.12 0.65
Car -1.00 -1 -1.20 245 391 509 562 1.66 1.89 4.44 -4.48 0.40 14.54 -1.49 0.50
Car -1.00 -1 -2.63 0 344 494 588 1.75 1.97 4.58 -4.86 0.23 10.26 -3.07 0.47
Car -1.00 -1 -2.91 378 389 665 499 1.83 2.00 4.71 -4.60 0.12 22.48 -3.11 0.45
Car -1.00 -1 -2.92 408 395 672 498 1.83 1.99 4.63 -4.54 0.16 23.82 -3.11 0.43
Car -1.00 -1 1.83 631 400 707 461 1.67 1.92 4.48 -3.52 -0.18 37.17 1.73 0.38
Car -1.00 -1 3.21 581 399 743 460 1.68 1.95 4.48 -3.58 -0.23 36.91 3.11 0.35
Car -1.00 -1 3.26 436 399 691 498 1.84 2.00 4.65 -4.34 0.21 25.08 3.09 0.32
