Car -1.00 -1 -2.90 435 476 604 536 1.67 1.96 4.54 -9.03 1.09 37.18 -3.14 0.57
Car -1.00 -1 -2.91 481 465 625 519 1.71 1.96 4.52 -9.28 0.77 42.76 -3.12 0.54
Car -1.00 -1 -2.92 465 468 614 522 1.67 1.94 4.45 -9.36 0.84 41.07 -3.14 0.47
Car -1.00 -1 3.34 506 466 642 517 1.73 1.96 4.53 -9.11 0.78 45.40 3.14 0.43
Car -1.00 -1 -1.74 493 461 618 517 1.74 1.97 4.53 -9.17 0.70 42.82 -1.95 0.42
Car -1.00 -1 1.79 548 464 622 518 1.76 1.95 4.61 -8.72 0.81 45.63 1.60 0.41
Car -1.00 -1 -2.91 455 472 609 527 1.66 1.94 4.45 -9.35 0.97 40.01 -3.14 0.39
Car -1.00 -1 -2.92 505 463 645 516 1.73 1.97 4.52 -8.73 0.71 43.79 -3.12 0.38
Car -1.00 -1 -1.39 488 473 587 530 1.69 1.93 4.51 -9.18 1.07 40.12 -1.62 0.35
Car -1.00 -1 -2.89 442 476 603 532 1.65 1.96 4.53 -9.38 1.08 38.92 -3.13 0.35
