Car -1.00 -1 -2.22 1286 466 1511 604 1.63 1.91 4.57 7.76 0.55 17.35 -1.80 0.71
Car -1.00 -1 0.64 0 442 35 515 1.79 1.99 4.71 -23.16 -0.30 32.68 0.02 0.47
Car -1.00 -1 0.53 73 456 281 522 1.64 1.94 4.50 -16.80 -0.05 33.47 0.06 0.46
Car -1.00 -1 0.33 310 463 465 514 1.64 1.94 4.45 -14.18 -0.08 42.06 0.01 0.37
Car -1.00 -1 -1.84 1045 463 1225 579 1.62 1.87 4.45 4.91 0.46 20.13 -1.60 0.35
Car -1.00 -1 0.01 223 448 395 511 1.80 2.01 4.67 -15.22 -0.32 38.05 -0.37 0.35
Car -1.00 -1 -1.24 334 459 438 513 1.69 1.93 4.47 -14.21 -0.14 42.10 -1.56 0.33
Car -1.00 -1 -2.79 989 466 1274 579 1.62 1.91 4.47 5.07 0.49 20.17 -2.55 0.30
Car -1.00 -1 0.33 286 459 447 512 1.63 1.92 4.42 -14.35 -0.18 40.56 -0.01 0.30
Car -1.00 -1 -2.16 1226 466 1408 587 1.63 1.92 4.52 7.52 0.51 19.47 -1.79 0.28
Car -1.00 -1 0.36 256 453 426 511 1.71 1.97 4.54 -14.71 -0.27 39.37 -0.00 0.27
Car -1.00 -1 -2.83 336 465 484 515 1.64 1.94 4.45 -13.89 -0.02 43.51 -3.14 0.26
