Car -1.00 -1 -2.15 1508 469 1600 602 1.61 1.88 4.56 11.78 0.92 17.58 -1.56 0.84
Car -1.00 -1 1.05 1570 468 1600 604 1.66 1.88 4.44 12.92 0.92 17.64 1.68 0.74
Car -1.00 -1 -1.76 1011 483 1150 571 1.64 1.88 4.53 5.10 1.19 25.79 -1.56 0.63
Car -1.00 -1 -1.53 720 493 782 542 1.67 1.91 4.53 -2.67 1.75 45.20 -1.59 0.46
Car -1.00 -1 1.30 1068 483 1220 577 1.64 1.90 4.43 6.00 1.17 24.24 1.54 0.35
Car -1.00 -1 0.51 13 484 314 578 1.62 1.94 4.48 -12.12 1.13 23.15 0.02 0.35
Car -1.00 -1 -2.61 0 488 268 581 1.65 1.95 4.51 -13.28 1.21 23.70 -3.12 0.30
Car -1.00 -1 1.39 1019 483 1181 584 1.69 1.90 4.53 5.01 1.20 23.59 1.60 0.30
Car -1.00 -1 2.63 1417 485 1600 551 1.65 1.95 4.46 18.16 1.26 32.79 3.14 0.29
Car -1.00 -1 3.54 17 486 289 575 1.70 1.94 4.48 -13.53 1.24 25.34 3.05 0.28
Car -1.00 -1 -0.97 0 490 25 550 1.70 1.94 4.52 -27.02 1.57 38.41 -1.58 0.27
Car -1.00 -1 3.06 671 493 807 542 1.64 1.94 4.50 -3.08 1.71 44.58 2.99 0.27
Car -1.00 -1 -2.07 1263 460 1353 515 1.74 1.95 4.53 17.10 0.67 44.68 -1.70 0.27
