Car -1.00 -1 2.18 0 487 37 554 1.70 1.93 4.61 -24.07 1.41 34.30 1.57 0.46
Car -1.00 -1 -2.49 0 492 58 556 1.66 1.92 4.46 -24.05 1.50 34.54 -3.10 0.40
Car -1.00 -1 -2.16 112 497 291 558 1.67 1.94 4.53 -18.19 1.68 36.51 -2.62 0.35
Car -1.00 -1 -1.14 137 495 283 556 1.67 1.93 4.56 -17.93 1.64 36.72 -1.59 0.35
Car -1.00 -1 1.54 747 497 830 559 1.60 1.89 4.48 -0.99 1.62 34.58 1.51 0.29
Car -1.00 -1 2.06 93 497 241 559 1.68 1.93 4.50 -18.97 1.70 36.30 1.58 0.27
Car -1.00 -1 -2.55 58 497 253 559 1.69 1.95 4.52 -19.25 1.68 36.11 -3.04 0.27
Car -1.00 -1 1.79 425 489 518 539 1.74 1.92 4.52 -13.01 1.68 46.20 1.52 0.26
Car -1.00 -1 -1.30 460 497 541 544 1.66 1.94 4.51 -12.13 1.92 46.89 -1.55 0.26
Car -1.00 -1 0.08 420 499 555 546 1.66 1.93 4.44 -12.57 1.96 46.54 -0.18 0.25
Car -1.00 -1 3.34 312 498 489 558 1.65 1.92 4.49 -12.38 1.71 36.58 3.01 0.25
