Car -1.00 -1 -1.36 596 461 682 529 1.63 1.87 4.53 -4.52 0.13 32.88 -1.50 0.37
Car -1.00 -1 1.68 861 459 973 526 1.70 1.92 4.57 2.67 0.08 34.73 1.75 0.28
Car -1.00 -1 1.77 575 465 678 543 1.61 1.86 4.47 -4.16 0.30 28.40 1.63 0.28
Car -1.00 -1 -1.33 585 454 672 528 1.65 1.88 4.56 -4.49 0.04 30.82 -1.47 0.28
Car -1.00 -1 -1.65 877 460 966 530 1.68 1.92 4.57 2.65 0.12 32.88 -1.57 0.19
Car -1.00 -1 -1.54 766 438 831 498 1.72 1.95 4.60 -0.57 -0.68 40.25 -1.55 0.18
Car -1.00 -1 0.08 813 458 1001 526 1.80 2.01 4.85 2.48 0.05 35.16 0.16 0.18
Car -1.00 -1 0.01 725 448 874 505 1.70 1.95 4.55 -0.51 -0.45 39.94 -0.00 0.18
Car -1.00 -1 -0.85 498 465 585 514 1.73 1.98 4.63 -10.42 -0.04 47.79 -1.07 0.17
Car -1.00 -1 -0.61 1566 437 1600 491 1.75 1.97 4.54 28.76 -0.93 43.73 -0.03 0.16
Car -1.00 -1 -1.78 880 460 966 533 1.65 1.91 4.58 2.70 0.16 31.16 -1.69 0.16
Car -1.00 -1 -0.32 690 445 850 503 1.74 1.97 4.60 -1.44 -0.52 39.87 -0.36 0.16
Car -1.00 -1 -2.13 1577 430 1600 487 1.75 1.96 4.56 28.77 -1.11 43.94 -1.55 0.14
Car -1.00 -1 1.67 734 437 801 498 1.72 1.96 4.59 -1.59 -0.70 39.89 1.64 0.14
