Car -1.00 -1 -1.28 108 406 299 489 1.82 1.94 4.61 -14.94 -1.01 31.20 -1.73 0.52
Car -1.00 -1 -2.40 92 405 317 486 1.82 1.99 4.72 -14.95 -1.09 31.23 -2.84 0.42
Car -1.00 -1 -2.91 585 416 725 473 1.86 2.01 4.74 -5.64 -1.63 44.59 -3.04 0.36
Car -1.00 -1 3.47 0 411 222 484 1.69 1.94 4.56 -17.34 -1.05 31.23 2.96 0.28
Car -1.00 -1 1.70 612 412 688 474 1.92 2.03 4.82 -5.79 -1.65 44.68 1.57 0.27
Car -1.00 -1 3.34 7 382 395 518 1.69 1.95 4.60 -8.38 -0.52 17.35 2.89 0.25
Car -1.00 -1 -1.13 342 441 541 584 1.56 1.87 4.45 -4.62 0.26 16.22 -1.41 0.22
Car -1.00 -1 0.15 588 430 726 482 1.68 1.95 4.52 -5.39 -1.20 43.38 0.02 0.22
Car -1.00 -1 0.13 585 428 728 482 1.67 1.95 4.47 -5.21 -1.18 41.72 0.00 0.21
Car -1.00 -1 1.96 340 408 427 463 1.85 2.00 4.64 -16.51 -2.09 48.52 1.63 0.20
