Car -1.00 -1 -0.77 1336 353 1600 900 1.56 1.83 4.33 4.34 0.59 4.09 0.05 0.82
Car -1.00 -1 0.42 0 367 180 624 1.69 1.90 4.52 -7.29 0.37 9.70 -0.22 0.72
Car -1.00 -1 0.52 0 383 303 559 1.63 1.88 4.37 -7.51 0.32 12.95 -0.00 0.72
Car -1.00 -1 2.73 969 389 1600 619 1.57 1.87 4.36 3.70 0.46 9.78 3.10 0.69
Car -1.00 -1 -0.58 1116 316 1600 701 1.70 1.93 4.55 4.26 0.32 6.68 -0.02 0.68
Car -1.00 -1 -1.97 1081 368 1544 645 1.62 1.86 4.41 3.63 0.42 9.70 -1.61 0.67
Car -1.00 -1 0.47 0 388 356 543 1.66 1.90 4.43 -7.56 0.31 14.71 -0.00 0.66
Car -1.00 -1 0.36 62 397 431 518 1.61 1.90 4.48 -7.64 0.27 18.17 -0.04 0.65
Car -1.00 -1 -0.63 1180 317 1600 803 1.77 1.92 4.45 4.28 0.46 5.61 0.02 0.64
Car -1.00 -1 -2.39 0 390 66 673 1.71 1.91 4.44 -7.76 0.59 8.72 -3.12 0.62
