Car -1.00 -1 0.05 596 415 825 503 1.69 1.92 4.47 -1.48 0.42 25.70 -0.01 0.62
Car -1.00 -1 3.27 140 370 682 575 1.74 1.92 4.56 -3.45 0.30 12.05 2.99 0.61
Car -1.00 -1 -1.52 587 407 752 535 1.68 1.90 4.56 -1.61 0.46 18.95 -1.60 0.56
Car -1.00 -1 0.34 329 409 733 560 1.66 1.90 4.44 -2.96 0.54 15.13 0.15 0.48
Car -1.00 -1 1.47 694 427 807 506 1.64 1.91 4.49 -0.73 0.62 28.79 1.44 0.47
Car -1.00 -1 0.18 268 398 715 567 1.72 1.93 4.47 -3.12 0.46 14.01 -0.03 0.47
Car -1.00 -1 -1.34 499 406 670 551 1.66 1.90 4.49 -2.52 0.49 16.72 -1.49 0.46
Car -1.00 -1 0.13 659 429 861 503 1.62 1.91 4.46 -0.67 0.63 28.76 0.10 0.46
Car -1.00 -1 -1.14 428 413 620 576 1.64 1.90 4.43 -3.14 0.59 15.01 -1.35 0.46
Car -1.00 -1 0.06 624 417 832 498 1.69 1.93 4.43 -1.26 0.43 27.94 0.02 0.42
Car -1.00 -1 -1.60 816 419 888 478 1.79 1.94 4.64 2.05 0.34 40.75 -1.55 0.41
Car -1.00 -1 0.36 774 424 926 478 1.67 1.92 4.53 2.06 0.43 40.81 0.41 0.40
Car -1.00 -1 2.78 482 413 811 541 1.66 1.91 4.42 -2.05 0.52 18.33 2.67 0.37
Car -1.00 -1 -0.12 398 411 774 548 1.62 1.89 4.44 -2.57 0.50 16.46 -0.27 0.36
