Car -1.00 -1 -0.92 1507 346 1600 900 1.56 1.83 4.34 4.51 0.64 3.20 0.03 0.84
Car -1.00 -1 0.56 0 397 294 590 1.66 1.89 4.37 -7.24 0.50 11.99 0.01 0.69
Car -1.00 -1 -0.78 1315 252 1600 900 1.72 1.92 4.44 4.37 0.42 4.17 0.03 0.69
Car -1.00 -1 1.37 701 395 889 536 1.75 1.90 4.55 0.27 0.36 18.06 1.39 0.69
Car -1.00 -1 0.68 0 385 171 646 1.73 1.92 4.45 -7.32 0.53 9.46 0.02 0.67
Car -1.00 -1 2.70 1004 394 1600 646 1.57 1.87 4.33 3.85 0.52 8.97 3.11 0.65
Car -1.00 -1 -3.77 1167 286 1600 735 1.71 1.95 4.60 4.37 0.29 5.87 -3.13 0.62
Car -1.00 -1 0.48 0 404 368 571 1.70 1.90 4.41 -7.18 0.52 14.04 0.01 0.62
Car -1.00 -1 -1.92 1123 359 1600 673 1.62 1.86 4.36 4.00 0.42 8.76 -1.49 0.60
Car -1.00 -1 -0.47 1015 385 1454 543 1.66 1.93 4.47 4.96 0.27 14.59 -0.14 0.59
