Car -1.00 -1 3.46 92 450 557 605 1.55 1.85 4.36 -5.24 0.38 13.90 3.10 0.76
Car -1.00 -1 0.16 497 473 713 549 1.56 1.86 4.36 -4.50 0.42 27.47 -0.00 0.68
Car -1.00 -1 -2.25 1284 183 1600 900 1.84 1.94 4.76 3.37 0.56 4.07 -1.56 0.67
Car -1.00 -1 0.15 538 469 735 539 1.61 1.92 4.43 -4.24 0.31 30.34 0.01 0.59
Car -1.00 -1 0.20 442 460 697 551 1.63 1.91 4.42 -4.56 0.27 23.92 0.01 0.58
Car -1.00 -1 0.20 459 462 701 550 1.63 1.92 4.44 -4.60 0.30 25.14 0.01 0.57
Car -1.00 -1 0.23 492 469 714 550 1.60 1.88 4.38 -4.36 0.38 26.48 0.06 0.57
Car -1.00 -1 0.16 533 471 732 542 1.57 1.88 4.37 -4.18 0.35 29.36 0.02 0.53
Car -1.00 -1 -1.42 601 462 700 537 1.65 1.91 4.47 -3.89 0.22 30.45 -1.54 0.51
Car -1.00 -1 1.53 498 464 673 553 1.63 1.89 4.45 -4.53 0.35 25.62 1.35 0.51
Car -1.00 -1 -1.28 465 454 605 552 1.63 1.89 4.39 -5.08 0.24 23.40 -1.50 0.38
Car -1.00 -1 1.65 644 460 736 530 1.71 1.90 4.54 -3.21 0.13 33.10 1.56 0.32
Car -1.00 -1 -1.47 652 457 737 523 1.69 1.92 4.58 -3.29 0.01 34.96 -1.57 0.31
Car -1.00 -1 0.20 401 455 666 548 1.60 1.90 4.38 -5.06 0.19 23.10 -0.02 0.29
Car -1.00 -1 1.06 1163 319 1600 900 1.82 1.98 5.01 3.29 0.50 5.94 1.57 0.25
