Car -1.00 -1 -2.66 0 466 467 676 1.55 1.85 4.37 -5.32 0.61 10.44 -3.13 0.72
Car -1.00 -1 0.10 451 486 702 574 1.59 1.87 4.39 -4.54 0.72 24.38 -0.09 0.72
Car -1.00 -1 0.27 363 472 664 581 1.64 1.90 4.39 -4.72 0.55 20.25 0.04 0.69
Car -1.00 -1 0.35 408 479 677 576 1.60 1.90 4.38 -4.68 0.63 22.13 0.14 0.64
Car -1.00 -1 0.14 515 481 736 562 1.63 1.89 4.38 -3.97 0.64 26.95 -0.01 0.63
Car -1.00 -1 -1.28 570 479 669 565 1.67 1.90 4.47 -4.17 0.64 26.97 -1.43 0.60
Car -1.00 -1 0.18 431 480 693 574 1.62 1.90 4.40 -4.57 0.64 23.22 -0.02 0.58
Car -1.00 -1 0.21 477 481 707 565 1.64 1.91 4.44 -4.52 0.64 26.09 0.04 0.42
Car -1.00 -1 -1.23 469 483 602 585 1.60 1.89 4.43 -4.79 0.72 22.16 -1.44 0.42
Car -1.00 -1 1.65 596 486 716 567 1.63 1.88 4.51 -3.43 0.76 27.96 1.53 0.31
