Car -1.00 -1 -2.27 1527 481 1600 626 1.61 1.90 4.60 12.44 1.47 17.56 -1.65 0.67
Car -1.00 -1 1.64 283 473 491 573 1.67 1.89 4.41 -7.69 1.58 24.80 1.34 0.66
Car -1.00 -1 1.63 628 471 744 566 1.65 1.90 4.47 -1.92 1.52 25.26 1.56 0.63
Car -1.00 -1 2.16 0 469 99 566 1.69 1.91 4.46 -16.03 1.52 25.52 1.60 0.61
Car -1.00 -1 -1.78 706 462 862 572 1.74 1.95 4.64 0.08 1.35 23.32 -1.78 0.60
Car -1.00 -1 -0.97 0 466 32 563 1.70 1.93 4.51 -17.64 1.46 25.60 -1.58 0.55
Car -1.00 -1 -1.22 192 467 385 565 1.66 1.92 4.53 -9.63 1.45 24.84 -1.59 0.55
Car -1.00 -1 -1.23 5 449 256 554 1.85 1.99 4.86 -12.82 1.16 25.11 -1.70 0.55
Car -1.00 -1 -1.10 0 460 169 563 1.81 1.93 4.50 -14.53 1.38 25.28 -1.62 0.54
Car -1.00 -1 1.94 100 463 310 564 1.76 1.92 4.45 -11.44 1.42 25.23 1.51 0.51
