Car -1.00 -1 -1.37 704 484 811 562 1.55 1.86 4.49 -1.37 0.66 27.56 -1.42 0.70
Car -1.00 -1 -1.43 703 482 808 570 1.56 1.88 4.60 -1.29 0.66 25.07 -1.48 0.48
Car -1.00 -1 -1.51 707 492 817 584 1.55 1.84 4.48 -0.96 0.82 23.54 -1.55 0.33
Car -1.00 -1 -1.38 538 467 615 515 1.68 1.91 4.50 -8.68 0.02 46.19 -1.57 0.28
Car -1.00 -1 0.18 545 470 679 517 1.69 1.99 4.64 -7.49 0.09 46.81 0.02 0.28
Car -1.00 -1 0.19 575 471 703 519 1.67 1.93 4.46 -6.39 0.15 46.16 0.05 0.27
Car -1.00 -1 0.11 512 468 649 516 1.68 1.95 4.53 -8.51 0.03 46.04 -0.07 0.25
Car -1.00 -1 0.02 486 467 629 516 1.67 1.95 4.52 -9.02 0.02 44.31 -0.18 0.23
Car -1.00 -1 -1.37 510 465 594 517 1.70 1.93 4.55 -9.13 0.03 44.10 -1.57 0.21
Car -1.00 -1 -1.78 572 466 679 514 1.71 1.97 4.59 -7.09 -0.02 47.53 -1.93 0.20
Car -1.00 -1 0.23 578 468 703 515 1.70 1.97 4.55 -6.54 0.03 47.57 0.10 0.18
Car -1.00 -1 0.20 524 470 659 518 1.65 1.94 4.46 -7.93 0.09 44.96 0.03 0.17
Car -1.00 -1 3.47 227 406 390 464 1.77 1.97 4.56 -16.65 -1.84 41.66 3.08 0.16
Car -1.00 -1 1.74 499 462 587 514 1.76 1.96 4.64 -9.74 -0.07 45.52 1.53 0.16
Car -1.00 -1 -1.63 246 404 396 466 1.72 1.95 4.51 -16.28 -1.81 41.90 -2.00 0.16
