Car -1.00 -1 0.37 76 441 491 582 1.71 1.96 4.57 -6.81 0.26 16.55 -0.03 0.63
Car -1.00 -1 -2.46 86 432 424 550 1.66 1.92 4.47 -8.37 0.04 19.35 -2.87 0.51
Car -1.00 -1 -2.40 151 440 459 549 1.66 1.92 4.50 -8.32 0.08 20.92 -2.78 0.50
Car -1.00 -1 -2.66 52 432 438 560 1.65 1.94 4.43 -7.70 0.08 17.46 -3.08 0.50
Car -1.00 -1 0.40 120 444 480 566 1.68 1.94 4.46 -7.42 0.21 18.55 0.02 0.42
Car -1.00 -1 0.38 196 445 493 545 1.64 1.92 4.46 -8.12 0.08 22.12 0.02 0.39
Car -1.00 -1 1.93 217 433 432 543 1.68 1.92 4.51 -8.25 -0.01 21.77 1.57 0.39
Car -1.00 -1 1.93 113 438 392 568 1.72 1.96 4.66 -8.33 0.19 19.28 1.52 0.36
Car -1.00 -1 -0.56 276 437 476 543 1.66 1.94 4.49 -7.85 0.01 22.32 -0.90 0.30
Car -1.00 -1 0.33 10 458 451 601 1.62 1.94 4.53 -7.06 0.44 15.56 -0.10 0.26
Car -1.00 -1 -1.00 622 466 713 514 1.66 1.93 4.47 -5.49 -0.02 46.26 -1.12 0.25
Car -1.00 -1 -1.52 857 465 931 515 1.68 1.91 4.60 2.72 -0.02 45.39 -1.46 0.24
Car -1.00 -1 -1.34 406 447 548 526 1.68 1.92 4.54 -7.70 -0.06 29.21 -1.60 0.23
Car -1.00 -1 0.32 375 450 590 527 1.66 1.93 4.45 -7.56 -0.05 29.07 0.06 0.23
Car -1.00 -1 0.33 819 463 957 512 1.66 1.95 4.53 2.57 -0.10 45.27 0.39 0.23
Car -1.00 -1 1.91 192 451 476 599 1.68 1.93 4.56 -6.13 0.43 16.78 1.55 0.22
Car -1.00 -1 -1.23 301 442 484 543 1.64 1.90 4.43 -7.51 0.06 22.91 -1.55 0.21
Car -1.00 -1 2.00 137 422 373 537 1.66 1.92 4.50 -9.01 -0.14 20.82 1.59 0.21
Car -1.00 -1 1.64 612 463 695 517 1.68 1.92 4.56 -5.33 -0.01 42.12 1.52 0.20
Car -1.00 -1 3.61 0 429 355 562 1.61 1.93 4.52 -8.69 0.07 16.65 3.12 0.20
Car -1.00 -1 -0.45 1097 480 1238 530 1.66 1.93 4.47 11.91 0.47 43.20 -0.18 0.20
Car -1.00 -1 -3.08 751 470 874 515 1.64 1.97 4.60 -0.20 0.04 48.35 -3.09 0.20
Car -1.00 -1 1.41 1113 479 1216 530 1.64 1.92 4.44 11.82 0.46 43.33 1.67 0.20
Car -1.00 -1 1.68 626 465 698 515 1.67 1.90 4.56 -5.41 -0.01 44.92 1.56 0.19
