Car -1.00 -1 -2.05 1389 484 1600 581 1.59 1.85 4.47 12.25 1.16 22.92 -1.56 0.83
Car -1.00 -1 -0.12 1025 487 1260 569 1.69 1.94 4.53 6.82 1.25 27.29 0.13 0.70
Car -1.00 -1 -2.07 1443 485 1600 584 1.61 1.89 4.49 13.36 1.18 22.82 -1.54 0.67
Car -1.00 -1 -1.57 765 483 832 539 1.66 1.90 4.54 -0.81 1.33 39.29 -1.59 0.66
Car -1.00 -1 -0.07 1016 488 1228 561 1.68 1.95 4.52 7.03 1.31 30.10 0.16 0.62
Car -1.00 -1 0.43 259 480 484 555 1.66 1.94 4.52 -10.39 1.10 28.91 0.08 0.61
Car -1.00 -1 0.57 0 477 123 531 1.73 1.96 4.55 -26.43 1.17 41.99 0.00 0.57
Car -1.00 -1 -0.18 996 484 1191 553 1.69 1.95 4.55 6.82 1.26 32.31 0.03 0.53
Car -1.00 -1 -2.13 1501 484 1600 583 1.63 1.87 4.40 14.47 1.16 22.85 -1.56 0.52
Car -1.00 -1 -1.74 1022 484 1134 552 1.67 1.92 4.50 6.49 1.29 32.85 -1.55 0.45
