Car -1.00 -1 1.37 989 481 1117 567 1.58 1.85 4.46 4.71 0.64 25.82 1.55 0.81
Car -1.00 -1 1.73 498 463 615 533 1.66 1.90 4.51 -6.60 0.20 32.70 1.53 0.38
Car -1.00 -1 -1.42 549 469 649 535 1.71 1.94 4.62 -6.00 0.31 35.58 -1.59 0.32
Car -1.00 -1 -1.28 290 459 502 570 1.60 1.89 4.48 -6.72 0.38 20.81 -1.59 0.31
Car -1.00 -1 -1.39 472 460 598 533 1.65 1.92 4.58 -6.76 0.15 30.96 -1.60 0.25
Car -1.00 -1 1.80 506 464 608 529 1.63 1.91 4.48 -6.93 0.16 34.29 1.60 0.20
Car -1.00 -1 0.19 333 464 489 516 1.66 1.93 4.47 -13.30 -0.03 41.67 -0.12 0.19
Car -1.00 -1 1.41 964 482 1079 560 1.63 1.91 4.54 4.58 0.66 28.94 1.57 0.18
Car -1.00 -1 3.38 195 466 520 573 1.57 1.90 4.44 -7.18 0.43 20.10 3.03 0.18
Car -1.00 -1 -0.54 916 481 1159 565 1.57 1.92 4.51 4.45 0.61 25.41 -0.37 0.17
Car -1.00 -1 -1.79 1032 479 1174 567 1.63 1.88 4.38 5.70 0.62 25.71 -1.57 0.17
Car -1.00 -1 1.70 572 464 666 526 1.69 1.95 4.62 -5.73 0.13 37.31 1.55 0.17
