Car -1.00 -1 -2.19 1577 466 1600 616 1.55 1.85 4.51 11.54 0.86 15.33 -1.54 0.87
Car -1.00 -1 -3.32 1063 484 1390 596 1.62 1.89 4.45 6.15 1.08 19.58 -3.02 0.77
Car -1.00 -1 -0.22 1032 491 1313 587 1.57 1.88 4.38 6.00 1.21 22.11 0.04 0.71
Car -1.00 -1 -0.13 1004 491 1262 580 1.58 1.89 4.35 5.73 1.24 23.74 0.11 0.63
Car -1.00 -1 -3.32 990 493 1233 578 1.59 1.89 4.38 5.62 1.31 25.09 -3.10 0.60
Car -1.00 -1 0.67 0 491 267 597 1.63 1.92 4.47 -11.90 1.21 20.70 0.14 0.56
Car -1.00 -1 -1.49 710 496 768 541 1.63 1.90 4.57 -3.28 1.87 47.52 -1.56 0.48
Car -1.00 -1 1.51 859 495 916 543 1.66 1.90 4.49 2.18 1.84 45.99 1.56 0.46
Car -1.00 -1 -2.06 1327 487 1483 559 1.61 1.91 4.53 14.06 1.33 30.79 -1.63 0.46
Car -1.00 -1 -2.22 1019 488 1161 576 1.64 1.88 4.39 5.49 1.28 25.68 -2.01 0.45
Car -1.00 -1 -1.95 1084 488 1233 591 1.62 1.90 4.49 5.69 1.22 22.04 -1.69 0.41
Car -1.00 -1 2.85 1033 488 1341 591 1.57 1.93 4.46 5.78 1.13 20.52 3.13 0.40
Car -1.00 -1 -3.67 1447 478 1600 553 1.77 1.97 4.61 18.12 1.14 30.87 -3.14 0.39
Car -1.00 -1 -3.53 1306 492 1527 562 1.63 1.91 4.46 14.32 1.40 30.57 -3.09 0.38
