Car -1.00 -1 -0.35 1142 474 1496 595 1.63 1.86 4.39 7.05 0.94 18.27 0.01 0.80
Car -1.00 -1 -1.46 535 479 715 599 1.61 1.88 4.55 -2.96 1.06 19.36 -1.61 0.79
Car -1.00 -1 -1.44 616 471 724 554 1.72 1.92 4.58 -3.45 1.00 28.42 -1.56 0.52
Car -1.00 -1 -0.19 984 475 1211 555 1.64 1.94 4.50 5.82 0.99 27.30 0.02 0.48
Car -1.00 -1 -1.64 1031 475 1194 560 1.67 1.93 4.50 6.06 1.07 27.16 -1.42 0.47
Car -1.00 -1 -2.87 401 465 549 517 1.73 1.99 4.62 -12.28 0.75 44.01 -3.14 0.40
Car -1.00 -1 -3.46 1116 481 1443 591 1.61 1.90 4.42 7.02 1.04 19.77 -3.12 0.38
Car -1.00 -1 1.48 993 478 1135 560 1.68 1.93 4.57 5.20 1.12 28.11 1.66 0.35
Car -1.00 -1 1.28 854 465 939 525 1.79 1.98 4.73 2.36 0.89 40.94 1.34 0.33
Car -1.00 -1 -0.58 1336 492 1496 544 1.72 1.95 4.58 20.30 1.69 43.31 -0.14 0.32
