Car -1.00 -1 3.86 0 461 37 676 1.65 1.90 4.52 -9.69 0.82 10.82 3.13 0.83
Car -1.00 -1 -2.53 0 459 204 625 1.66 1.89 4.36 -9.53 0.79 13.83 -3.13 0.82
Car -1.00 -1 -2.59 0 466 280 609 1.67 1.92 4.44 -9.60 0.86 15.95 -3.14 0.79
Car -1.00 -1 -2.70 122 471 428 574 1.67 1.94 4.48 -9.52 0.93 21.92 -3.11 0.60
Car -1.00 -1 -1.36 154 466 414 577 1.74 1.96 4.62 -9.39 0.94 22.19 -1.76 0.52
Car -1.00 -1 3.50 205 476 480 571 1.72 1.95 4.52 -9.20 1.04 24.11 3.13 0.50
Car -1.00 -1 -1.23 247 473 441 572 1.70 1.92 4.52 -9.13 1.04 24.16 -1.59 0.50
Car -1.00 -1 3.52 155 473 448 575 1.75 1.95 4.54 -9.51 1.00 22.96 3.12 0.47
Car -1.00 -1 3.58 0 472 318 606 1.68 1.91 4.43 -9.51 0.94 16.99 3.07 0.36
Car -1.00 -1 -2.79 253 455 521 555 1.93 2.05 4.82 -8.97 0.74 25.91 -3.12 0.36
Car -1.00 -1 -2.67 31 472 373 584 1.61 1.89 4.35 -9.57 0.90 19.47 -3.12 0.33
