Car -1.00 -1 -2.92 463 450 684 528 1.63 1.94 4.53 -5.27 -0.04 27.97 -3.11 0.67
Car -1.00 -1 3.26 573 450 737 511 1.69 1.95 4.54 -4.67 -0.30 37.10 3.14 0.53
Car -1.00 -1 1.48 903 459 985 518 1.62 1.93 4.54 3.69 -0.05 37.25 1.58 0.42
Car -1.00 -1 -1.55 666 450 743 505 1.72 1.92 4.59 -3.71 -0.43 42.88 -1.64 0.38
Car -1.00 -1 -2.99 583 452 739 511 1.69 1.95 4.52 -4.64 -0.28 38.32 -3.11 0.38
Car -1.00 -1 -2.99 586 455 738 512 1.68 1.95 4.52 -4.73 -0.23 39.39 -3.11 0.34
Car -1.00 -1 -1.49 623 451 706 509 1.67 1.91 4.46 -4.67 -0.31 39.62 -1.60 0.32
Car -1.00 -1 -1.35 658 449 722 506 1.70 1.94 4.59 -4.14 -0.40 40.96 -1.45 0.30
Car -1.00 -1 -2.82 493 454 699 530 1.67 1.97 4.56 -5.08 0.03 29.50 -2.99 0.30
Car -1.00 -1 1.62 704 451 770 503 1.66 1.91 4.44 -2.66 -0.45 43.32 1.56 0.27
Car -1.00 -1 -1.41 540 456 655 531 1.64 1.91 4.48 -5.07 0.08 29.93 -1.58 0.26
