Car -1.00 -1 1.71 645 456 714 511 1.70 1.92 4.49 -4.51 -0.22 42.24 1.60 0.50
Car -1.00 -1 -1.48 612 463 709 529 1.67 1.91 4.59 -4.14 0.16 34.36 -1.60 0.45
Car -1.00 -1 -0.44 1380 482 1537 531 1.66 1.93 4.49 22.35 0.53 44.18 0.03 0.43
Car -1.00 -1 -0.43 1366 482 1517 530 1.65 1.93 4.48 22.37 0.54 45.42 0.02 0.40
Car -1.00 -1 1.89 639 467 721 529 1.65 1.90 4.60 -3.99 0.23 36.42 1.78 0.40
Car -1.00 -1 -2.71 608 458 755 511 1.65 1.94 4.61 -4.54 -0.21 42.57 -2.82 0.35
Car -1.00 -1 -0.46 1382 492 1542 543 1.64 1.93 4.47 21.87 0.89 43.00 0.01 0.30
Car -1.00 -1 -0.45 1343 482 1489 529 1.66 1.93 4.46 22.09 0.52 46.77 -0.01 0.28
Car -1.00 -1 -1.38 649 452 714 512 1.76 1.94 4.66 -4.24 -0.24 40.47 -1.49 0.26
Car -1.00 -1 1.92 644 464 728 523 1.66 1.91 4.59 -4.02 0.10 38.38 1.81 0.25
Car -1.00 -1 -3.59 1390 496 1555 548 1.64 1.92 4.44 21.66 1.01 41.90 -3.11 0.25
