Car -1.00 -1 -1.43 384 393 682 600 1.95 2.03 4.85 -2.95 0.09 14.42 -1.63 0.59
Car -1.00 -1 -3.72 1564 450 1600 526 1.74 1.98 4.62 20.98 -0.07 30.63 -3.12 0.57
Car -1.00 -1 2.61 1455 457 1600 524 1.71 1.94 4.53 19.79 -0.01 33.79 3.14 0.54
Car -1.00 -1 2.55 1527 454 1600 525 1.69 1.94 4.45 20.52 -0.04 31.64 3.13 0.44
Car -1.00 -1 2.58 1495 455 1600 524 1.68 1.94 4.45 20.15 -0.03 32.49 3.14 0.44
Car -1.00 -1 3.48 273 439 423 491 1.76 1.96 4.56 -16.55 -0.93 44.93 3.13 0.42
Car -1.00 -1 0.37 208 432 431 506 1.66 1.95 4.49 -11.66 -0.50 29.92 0.00 0.28
Car -1.00 -1 1.85 292 443 438 515 1.70 1.93 4.50 -11.50 -0.26 32.64 1.52 0.27
Car -1.00 -1 -0.56 1517 460 1600 527 1.68 1.98 4.60 21.26 0.08 33.26 0.01 0.27
Car -1.00 -1 0.34 235 436 446 506 1.62 1.93 4.45 -11.65 -0.48 31.24 -0.02 0.26
