Car -1.00 -1 2.60 1026 485 1271 571 1.58 1.88 4.49 6.49 0.69 24.84 2.85 0.64
Car -1.00 -1 0.12 27 440 284 529 1.63 1.91 4.56 -13.01 -0.11 24.98 -0.36 0.38
Car -1.00 -1 2.68 1007 486 1239 568 1.60 1.91 4.47 6.28 0.70 26.14 2.92 0.36
Car -1.00 -1 1.36 1051 485 1189 566 1.62 1.89 4.45 6.53 0.72 27.76 1.59 0.35
Car -1.00 -1 2.24 1144 491 1375 572 1.64 1.91 4.48 9.69 0.84 27.80 2.57 0.33
Car -1.00 -1 2.41 1050 494 1274 574 1.64 1.91 4.47 7.58 0.89 27.82 2.68 0.32
Car -1.00 -1 1.27 1156 487 1311 571 1.71 1.92 4.46 9.12 0.81 28.07 1.58 0.29
Car -1.00 -1 -0.42 1105 486 1365 575 1.64 1.92 4.50 8.06 0.74 24.72 -0.11 0.29
Car -1.00 -1 -3.35 1008 487 1233 564 1.58 1.90 4.41 6.53 0.74 27.53 -3.11 0.29
Car -1.00 -1 -0.69 1225 493 1462 576 1.66 1.92 4.50 11.10 0.88 27.02 -0.30 0.28
Car -1.00 -1 1.93 986 481 1110 530 1.68 1.93 4.48 8.29 0.53 45.74 2.10 0.27
