Car -1.00 -1 -3.59 1575 493 1600 557 1.66 1.90 4.41 23.22 0.89 34.25 -2.99 0.57
Car -1.00 -1 -3.61 1542 490 1600 550 1.61 1.92 4.41 23.03 0.79 35.46 -3.03 0.48
Car -1.00 -1 -3.69 1519 491 1600 551 1.66 1.94 4.51 23.09 0.85 36.58 -3.13 0.47
Car -1.00 -1 1.46 1310 468 1559 558 1.64 1.90 4.50 12.36 0.44 25.67 1.91 0.43
Car -1.00 -1 1.07 1529 489 1600 550 1.64 1.90 4.43 22.93 0.80 36.68 1.63 0.42
Car -1.00 -1 -1.24 603 453 675 513 1.69 1.92 4.59 -5.43 -0.19 38.41 -1.38 0.37
Car -1.00 -1 -0.50 1482 491 1600 548 1.62 1.92 4.43 22.79 0.84 38.17 0.04 0.31
Car -1.00 -1 -2.01 1490 492 1600 551 1.65 1.92 4.50 22.60 0.89 38.16 -1.48 0.30
Car -1.00 -1 -1.53 675 465 740 512 1.68 1.93 4.52 -4.14 -0.07 48.76 -1.61 0.29
Car -1.00 -1 -1.39 597 455 673 512 1.68 1.93 4.60 -5.67 -0.20 40.14 -1.53 0.27
Car -1.00 -1 2.16 1400 498 1556 549 1.62 1.92 4.47 21.74 1.03 41.68 2.65 0.27
Car -1.00 -1 2.61 1327 470 1598 557 1.64 1.91 4.38 12.73 0.43 25.18 3.07 0.25
Car -1.00 -1 -2.10 1417 497 1543 551 1.66 1.94 4.53 21.73 1.05 41.67 -1.61 0.24
