Car -1.00 -1 -0.78 1599 459 1600 689 1.49 1.83 4.34 8.44 0.74 9.19 -0.04 0.86
Car -1.00 -1 -0.70 1447 465 1600 657 1.58 1.88 4.39 8.37 0.82 11.47 -0.07 0.80
Car -1.00 -1 -1.54 651 489 794 593 1.58 1.87 4.52 -1.67 1.22 21.57 -1.62 0.76
Car -1.00 -1 2.56 1359 454 1600 611 1.64 1.91 4.45 8.76 0.73 14.36 3.11 0.62
Car -1.00 -1 -3.57 1289 467 1600 598 1.66 1.91 4.47 8.93 0.85 17.12 -3.09 0.53
Car -1.00 -1 -3.61 1339 458 1600 605 1.66 1.90 4.47 8.91 0.75 15.35 -3.08 0.53
Car -1.00 -1 -2.25 1407 457 1600 616 1.68 1.90 4.50 8.95 0.83 15.60 -1.73 0.49
Car -1.00 -1 0.90 1518 461 1600 680 1.63 1.90 4.52 8.62 0.88 11.70 1.53 0.48
Car -1.00 -1 -0.44 1248 461 1600 577 1.64 1.91 4.44 8.98 0.77 19.10 -0.00 0.43
Car -1.00 -1 -2.09 1355 459 1600 602 1.70 1.93 4.53 9.14 0.85 17.21 -1.60 0.38
Car -1.00 -1 -3.46 1130 482 1361 560 1.63 1.93 4.45 9.23 1.14 27.90 -3.14 0.37
