Car -1.00 -1 1.66 704 454 776 518 1.76 1.96 4.58 -2.17 -0.10 37.25 1.60 0.45
Car -1.00 -1 1.49 888 470 962 526 1.65 1.90 4.48 3.35 0.24 39.68 1.58 0.39
Car -1.00 -1 1.41 985 466 1084 532 1.68 1.91 4.53 5.89 0.23 34.69 1.58 0.39
Car -1.00 -1 -1.70 970 454 1040 503 1.72 1.91 4.52 7.12 -0.45 48.10 -1.56 0.38
Car -1.00 -1 1.35 1056 468 1163 532 1.64 1.89 4.40 7.97 0.26 34.80 1.58 0.35
Car -1.00 -1 -2.99 941 466 1120 530 1.66 1.93 4.46 5.88 0.20 34.84 -2.82 0.35
Car -1.00 -1 -2.71 851 470 1004 525 1.63 1.91 4.50 3.53 0.23 39.83 -2.63 0.34
Car -1.00 -1 -1.79 1086 472 1203 537 1.65 1.91 4.62 8.94 0.38 34.91 -1.54 0.31
Car -1.00 -1 2.97 913 469 1090 532 1.60 1.91 4.45 4.84 0.25 33.53 3.11 0.27
Car -1.00 -1 1.44 963 457 1036 509 1.72 1.93 4.53 6.55 -0.25 45.64 1.58 0.27
