Car -1.00 -1 3.62 0 487 317 617 1.56 1.87 4.46 -9.30 1.07 16.41 3.11 0.84
Car -1.00 -1 -2.70 114 480 422 583 1.65 1.92 4.45 -9.52 1.07 21.64 -3.11 0.77
Car -1.00 -1 -2.67 37 479 380 590 1.61 1.90 4.38 -9.48 1.00 19.51 -3.13 0.77
Car -1.00 -1 3.51 176 478 458 572 1.64 1.92 4.41 -9.31 1.02 23.14 3.13 0.72
Car -1.00 -1 -2.64 0 483 350 599 1.58 1.88 4.36 -9.52 1.03 18.34 -3.12 0.72
Car -1.00 -1 3.46 215 476 482 567 1.66 1.94 4.46 -9.26 1.02 24.50 3.10 0.69
Car -1.00 -1 2.04 47 487 322 610 1.64 1.90 4.48 -9.54 1.18 19.09 1.58 0.68
Car -1.00 -1 2.44 277 472 420 569 1.70 1.95 4.63 -9.39 1.01 24.40 2.08 0.49
Car -1.00 -1 -1.31 426 479 551 553 1.69 1.92 4.54 -8.33 1.18 31.30 -1.57 0.44
Car -1.00 -1 3.36 401 467 593 535 1.71 1.97 4.57 -8.68 0.86 33.29 3.11 0.38
Car -1.00 -1 0.15 392 477 595 548 1.70 1.96 4.56 -8.38 1.11 31.74 -0.10 0.38
Car -1.00 -1 1.92 276 476 455 568 1.65 1.90 4.53 -9.04 1.06 25.03 1.57 0.37
