Car -1.00 -1 -3.22 929 470 1175 559 1.69 1.90 4.46 4.62 0.47 25.25 -3.04 0.58
Car -1.00 -1 -3.27 920 474 1146 555 1.64 1.92 4.45 4.57 0.49 27.17 -3.10 0.41
Car -1.00 -1 1.56 959 468 1125 560 1.68 1.91 4.48 4.40 0.45 25.39 1.73 0.38
Car -1.00 -1 1.46 914 462 1002 529 1.67 1.88 4.50 3.77 0.14 34.27 1.57 0.36
Car -1.00 -1 1.66 921 473 1077 554 1.62 1.89 4.45 3.87 0.48 27.65 1.80 0.35
Car -1.00 -1 3.04 810 459 949 511 1.64 1.94 4.51 2.10 -0.20 42.19 3.09 0.22
Car -1.00 -1 1.55 853 454 924 509 1.70 1.95 4.58 2.33 -0.27 42.14 1.60 0.21
Car -1.00 -1 1.48 867 458 928 510 1.67 1.95 4.52 2.75 -0.22 43.71 1.54 0.20
Car -1.00 -1 0.05 752 471 871 516 1.69 1.97 4.50 -0.23 0.10 49.31 0.05 0.18
Car -1.00 -1 -2.46 0 465 66 516 1.68 1.93 4.51 -29.14 -0.01 44.37 -3.05 0.18
Car -1.00 -1 1.38 981 472 1099 554 1.64 1.91 4.53 4.84 0.48 28.05 1.55 0.18
Car -1.00 -1 1.60 904 461 1041 541 1.69 1.95 4.70 3.52 0.25 29.46 1.72 0.18
Car -1.00 -1 -1.09 6 431 279 550 1.63 1.90 4.43 -10.33 0.02 19.88 -1.57 0.17
