Car -1.00 -1 0.51 0 423 397 626 1.69 1.95 4.54 -6.48 0.29 11.71 0.00 0.67
Car -1.00 -1 0.34 55 421 450 553 1.70 1.94 4.58 -7.65 -0.05 17.47 -0.07 0.59
Car -1.00 -1 0.49 0 424 343 579 1.66 1.91 4.45 -8.09 0.12 14.70 -0.02 0.57
Car -1.00 -1 0.48 0 428 401 594 1.66 1.93 4.44 -7.10 0.22 13.88 0.00 0.54
Car -1.00 -1 2.02 0 401 295 567 1.64 1.89 4.43 -8.03 -0.04 14.74 1.52 0.52
Car -1.00 -1 0.55 0 416 333 602 1.65 1.92 4.42 -7.34 0.18 12.46 0.02 0.50
Car -1.00 -1 0.56 0 428 413 566 1.63 1.91 4.43 -7.65 0.10 16.22 0.12 0.38
Car -1.00 -1 -1.14 89 391 377 535 1.78 1.98 4.71 -8.08 -0.32 18.12 -1.56 0.28
Car -1.00 -1 -1.33 513 450 599 508 1.69 1.94 4.56 -8.20 -0.36 40.29 -1.53 0.27
Car -1.00 -1 -2.85 1159 507 1351 585 1.63 1.90 4.42 9.94 1.18 28.60 -2.52 0.21
Car -1.00 -1 -2.88 462 449 617 505 1.67 1.95 4.51 -8.68 -0.42 40.04 -3.10 0.21
