Car -1.00 -1 -3.52 1217 470 1462 550 1.58 1.88 4.38 10.79 0.87 26.61 -3.13 0.73
Car -1.00 -1 2.56 1394 459 1600 599 1.59 1.88 4.41 9.70 0.74 15.54 3.11 0.72
Car -1.00 -1 2.76 1169 472 1387 545 1.62 1.91 4.42 10.53 0.94 29.51 3.10 0.68
Car -1.00 -1 2.49 1514 460 1600 632 1.60 1.87 4.32 9.76 0.77 12.86 3.14 0.67
Car -1.00 -1 2.40 1547 465 1600 660 1.65 1.91 4.43 9.62 0.86 11.84 3.08 0.64
Car -1.00 -1 2.65 1290 457 1600 567 1.72 1.95 4.57 10.47 0.73 21.09 3.11 0.60
Car -1.00 -1 -2.15 1386 462 1600 592 1.60 1.89 4.42 9.74 0.83 17.77 -1.65 0.57
Car -1.00 -1 -3.64 1348 460 1600 577 1.59 1.89 4.34 10.23 0.72 18.37 -3.13 0.56
Car -1.00 -1 -0.32 1246 467 1510 552 1.58 1.88 4.32 10.73 0.79 24.55 0.09 0.56
Car -1.00 -1 -3.57 1397 460 1600 598 1.67 1.93 4.48 10.17 0.77 16.45 -3.02 0.53
Car -1.00 -1 2.80 1164 479 1377 550 1.63 1.92 4.47 10.74 1.11 30.56 3.14 0.52
