Car -1.00 -1 -1.88 1118 463 1277 557 1.68 1.90 4.51 7.43 0.38 25.15 -1.59 0.40
Car -1.00 -1 -1.84 1127 467 1245 532 1.68 1.91 4.51 10.11 0.24 35.00 -1.56 0.33
Car -1.00 -1 -0.42 1103 468 1284 531 1.66 1.94 4.51 10.29 0.23 34.84 -0.13 0.32
Car -1.00 -1 -0.17 494 421 687 495 1.92 2.04 4.93 -6.29 -0.89 35.38 -0.35 0.29
Car -1.00 -1 1.32 1075 467 1165 522 1.65 1.90 4.49 9.75 0.13 40.93 1.55 0.26
Car -1.00 -1 1.92 726 438 814 492 1.74 1.95 4.57 -1.74 -0.91 45.76 1.89 0.26
Car -1.00 -1 0.22 1062 466 1311 562 1.75 1.99 4.76 7.40 0.46 25.19 0.51 0.24
Car -1.00 -1 0.03 698 443 827 492 1.69 1.94 4.56 -1.89 -0.85 45.69 -0.01 0.23
Car -1.00 -1 1.29 1104 465 1211 527 1.66 1.92 4.54 9.66 0.16 36.23 1.55 0.22
Car -1.00 -1 -1.40 544 430 645 502 1.80 1.98 4.72 -6.08 -0.65 35.29 -1.57 0.22
