Car -1.00 -1 -3.19 1065 469 1479 614 1.60 1.88 4.47 5.39 0.85 15.32 -2.85 0.79
Car -1.00 -1 0.96 0 479 13 623 1.61 1.91 4.47 -12.98 0.97 15.50 0.26 0.73
Car -1.00 -1 -3.34 944 471 1233 572 1.57 1.88 4.41 4.27 0.88 20.97 -3.14 0.71
Car -1.00 -1 -3.28 1034 466 1419 600 1.64 1.93 4.46 5.23 0.83 16.68 -2.98 0.62
Car -1.00 -1 -2.54 0 491 157 596 1.64 1.90 4.41 -13.97 1.24 21.03 -3.13 0.57
Car -1.00 -1 -3.39 1016 469 1372 593 1.65 1.93 4.52 5.19 0.88 18.13 -3.11 0.57
Car -1.00 -1 2.96 917 477 1168 569 1.62 1.89 4.40 3.98 1.01 23.66 3.13 0.56
Car -1.00 -1 -3.11 834 475 1021 544 1.67 1.94 4.47 2.52 1.02 32.13 -3.04 0.55
Car -1.00 -1 -3.10 889 482 1122 565 1.64 1.91 4.44 3.70 1.12 26.31 -2.97 0.55
Car -1.00 -1 -1.80 876 468 965 541 1.72 1.93 4.53 2.48 0.95 32.16 -1.72 0.55
Car -1.00 -1 -1.87 979 476 1095 574 1.64 1.90 4.48 3.86 1.06 23.49 -1.70 0.54
Car -1.00 -1 -3.01 891 478 1134 565 1.61 1.89 4.37 3.66 1.02 24.87 -2.86 0.53
