Car -1.00 -1 -2.03 1381 469 1600 561 1.61 1.87 4.50 12.80 0.91 24.42 -1.55 0.83
Car -1.00 -1 0.90 1529 469 1600 563 1.62 1.86 4.36 15.57 0.92 24.22 1.47 0.64
Car -1.00 -1 -0.22 1031 470 1226 538 1.63 1.91 4.42 7.57 0.89 31.70 0.01 0.55
Car -1.00 -1 2.55 1488 474 1600 564 1.61 1.92 4.57 15.55 0.95 24.11 3.12 0.54
Car -1.00 -1 -0.07 1013 474 1198 538 1.64 1.91 4.41 7.38 0.97 33.39 0.15 0.51
Car -1.00 -1 1.54 791 478 861 539 1.67 1.91 4.46 0.04 1.17 36.67 1.55 0.50
Car -1.00 -1 1.30 1036 475 1128 539 1.66 1.92 4.47 7.03 1.08 34.90 1.50 0.49
Car -1.00 -1 0.51 10 467 177 522 1.80 2.00 4.71 -25.77 0.89 44.16 -0.02 0.47
Car -1.00 -1 -0.19 1031 477 1248 552 1.63 1.92 4.46 7.13 1.04 28.87 0.05 0.46
Car -1.00 -1 1.24 1075 474 1177 544 1.63 1.89 4.46 7.48 1.04 31.73 1.47 0.44
Car -1.00 -1 -0.17 1003 474 1181 537 1.65 1.93 4.46 7.27 1.01 34.61 0.04 0.43
Car -1.00 -1 -0.02 1020 474 1225 545 1.66 1.93 4.47 7.20 0.98 30.67 0.21 0.40
Car -1.00 -1 0.56 43 472 203 523 1.77 2.02 4.66 -25.68 1.04 45.88 0.04 0.38
Car -1.00 -1 -2.19 0 464 106 522 1.70 1.95 4.54 -25.00 0.74 38.67 -2.76 0.36
