Car -1.00 -1 0.70 0 439 173 547 1.58 1.89 4.43 -12.20 0.82 19.61 0.15 0.72
Car -1.00 -1 0.55 159 431 388 505 1.62 1.90 4.52 -11.55 0.67 28.72 0.17 0.72
Car -1.00 -1 -1.67 1225 382 1494 489 1.82 1.97 4.71 10.71 -0.02 24.07 -1.25 0.69
Car -1.00 -1 -2.64 0 433 254 524 1.56 1.87 4.35 -12.21 0.71 22.81 -3.13 0.68
Car -1.00 -1 -1.01 0 439 193 541 1.63 1.89 4.44 -12.54 0.86 22.66 -1.51 0.66
Car -1.00 -1 0.53 26 438 291 519 1.57 1.88 4.42 -12.65 0.80 25.65 0.07 0.56
Car -1.00 -1 0.58 0 439 198 541 1.59 1.88 4.33 -12.39 0.84 20.96 0.05 0.55
Car -1.00 -1 -2.58 261 403 449 471 1.80 2.00 4.75 -11.89 -0.02 35.11 -2.91 0.54
Car -1.00 -1 3.51 172 420 377 487 1.60 1.89 4.41 -12.88 0.39 31.93 3.13 0.53
Car -1.00 -1 0.57 0 441 267 530 1.60 1.89 4.40 -12.51 0.89 24.15 0.09 0.50
