Car -1.00 -1 1.45 930 440 1028 512 1.69 1.92 4.54 4.08 -0.34 32.42 1.57 0.42
Car -1.00 -1 1.50 826 461 921 543 1.59 1.86 4.44 1.18 0.25 27.09 1.54 0.41
Car -1.00 -1 -0.87 585 455 735 528 1.69 1.94 4.55 -4.01 0.03 31.89 -1.00 0.39
Car -1.00 -1 -0.27 881 442 1067 510 1.66 1.95 4.59 4.05 -0.38 32.51 -0.15 0.37
Car -1.00 -1 1.51 809 463 897 538 1.61 1.88 4.45 0.86 0.24 29.56 1.54 0.34
Car -1.00 -1 -1.80 794 451 902 524 1.66 1.90 4.47 0.87 -0.05 31.23 -1.77 0.33
Car -1.00 -1 0.15 561 461 753 531 1.65 1.94 4.55 -3.89 0.14 31.59 0.02 0.32
Car -1.00 -1 -1.73 980 437 1061 495 1.72 1.94 4.50 6.67 -0.80 41.75 -1.57 0.31
Car -1.00 -1 -1.65 889 446 984 517 1.66 1.92 4.50 2.98 -0.20 32.30 -1.56 0.30
Car -1.00 -1 1.38 1006 433 1092 493 1.71 1.94 4.53 7.32 -0.86 40.28 1.56 0.28
Car -1.00 -1 2.17 572 457 697 525 1.66 1.93 4.52 -4.82 0.03 33.08 2.02 0.27
Car -1.00 -1 1.24 1207 443 1345 513 1.69 1.91 4.54 11.90 -0.29 33.11 1.58 0.25
Car -1.00 -1 1.62 651 419 728 479 1.80 1.95 4.50 -4.28 -1.41 43.54 1.52 0.24
Car -1.00 -1 -0.86 606 460 768 534 1.65 1.93 4.51 -3.21 0.17 30.60 -0.96 0.24
Car -1.00 -1 -3.32 1147 440 1340 508 1.69 1.94 4.47 11.28 -0.44 33.57 -2.99 0.23
