Car -1.00 -1 -1.73 797 469 971 617 1.59 1.87 4.47 0.95 0.59 15.94 -1.67 0.84
Car -1.00 -1 0.95 1523 534 1600 662 1.63 1.88 4.49 12.91 1.51 19.29 1.54 0.54
Car -1.00 -1 1.60 638 486 794 599 1.55 1.87 4.41 -1.43 0.75 19.72 1.52 0.42
Car -1.00 -1 1.49 823 471 972 600 1.66 1.93 4.68 1.11 0.61 18.85 1.55 0.34
Car -1.00 -1 -1.85 1087 498 1202 569 1.70 1.93 4.53 8.43 1.05 32.88 -1.60 0.34
Car -1.00 -1 1.88 1472 533 1600 660 1.60 1.91 4.47 12.49 1.46 18.94 2.47 0.32
Car -1.00 -1 -1.92 1206 507 1299 555 1.62 1.91 4.52 15.61 1.39 45.57 -1.59 0.31
Car -1.00 -1 1.40 987 495 1066 549 1.64 1.89 4.42 6.76 0.97 41.21 1.56 0.30
Car -1.00 -1 -1.73 722 476 898 600 1.62 1.93 4.58 0.05 0.66 19.14 -1.73 0.30
Car -1.00 -1 -3.17 1051 502 1247 570 1.70 1.94 4.59 8.69 1.15 33.22 -2.91 0.26
