Car -1.00 -1 2.05 13 458 160 514 1.68 1.93 4.53 -23.25 -0.13 40.58 1.53 0.24
Car -1.00 -1 3.62 7 458 181 512 1.65 1.93 4.48 -23.11 -0.18 40.62 3.11 0.24
Car -1.00 -1 1.55 648 463 750 527 1.65 1.93 4.57 -3.18 0.13 35.39 1.46 0.18
Car -1.00 -1 1.68 593 456 702 530 1.66 1.93 4.53 -4.00 0.08 30.73 1.55 0.16
Car -1.00 -1 -1.22 267 461 375 512 1.67 1.91 4.52 -17.20 -0.13 44.25 -1.59 0.15
Car -1.00 -1 1.59 678 465 764 526 1.65 1.93 4.57 -2.70 0.16 36.94 1.52 0.14
Car -1.00 -1 0.36 37 460 204 512 1.64 1.95 4.50 -22.84 -0.18 41.66 -0.14 0.14
Car -1.00 -1 1.98 239 457 345 507 1.66 1.93 4.50 -18.55 -0.29 45.05 1.59 0.13
Car -1.00 -1 -1.32 243 460 368 512 1.65 1.91 4.50 -17.11 -0.15 42.67 -1.70 0.13
Car -1.00 -1 1.57 631 460 738 528 1.63 1.90 4.52 -3.35 0.10 33.00 1.47 0.13
