Car -1.00 -1 -1.72 959 474 1134 584 1.56 1.86 4.54 3.55 0.58 20.36 -1.54 0.82
Car -1.00 -1 3.35 375 467 665 568 1.58 1.87 4.38 -4.83 0.43 21.12 3.13 0.62
Car -1.00 -1 -3.00 573 467 743 530 1.64 1.93 4.44 -4.27 0.21 34.70 -3.12 0.44
Car -1.00 -1 -2.95 573 469 745 533 1.62 1.90 4.40 -4.12 0.26 33.64 -3.08 0.43
Car -1.00 -1 -3.02 597 472 757 529 1.59 1.91 4.42 -3.96 0.27 36.53 -3.12 0.39
Car -1.00 -1 -2.72 565 466 751 534 1.63 1.91 4.43 -4.05 0.25 32.22 -2.85 0.39
Car -1.00 -1 -1.65 569 464 709 538 1.67 1.92 4.52 -4.24 0.26 31.12 -1.79 0.38
Car -1.00 -1 -1.41 655 469 726 529 1.66 1.92 4.46 -3.67 0.24 37.61 -1.51 0.38
Car -1.00 -1 -3.02 603 472 759 529 1.61 1.92 4.45 -3.95 0.28 37.59 -3.12 0.37
Car -1.00 -1 3.26 534 463 730 535 1.67 1.92 4.46 -4.43 0.19 30.96 3.11 0.35
Car -1.00 -1 3.23 408 466 687 565 1.63 1.91 4.41 -4.65 0.41 22.24 3.02 0.29
Car -1.00 -1 -1.54 618 466 721 532 1.68 1.96 4.55 -3.97 0.24 35.05 -1.65 0.27
