Car -1.00 -1 -1.78 1038 517 1168 592 1.53 1.86 4.41 6.27 1.34 28.20 -1.57 0.80
Car -1.00 -1 -1.71 959 510 1077 587 1.58 1.86 4.41 4.41 1.22 28.31 -1.56 0.77
Car -1.00 -1 1.31 1094 516 1233 593 1.57 1.87 4.44 7.59 1.34 28.16 1.57 0.76
Car -1.00 -1 -1.91 1152 517 1296 595 1.60 1.87 4.41 8.94 1.37 28.15 -1.60 0.71
Car -1.00 -1 -2.29 1540 507 1600 653 1.59 1.87 4.41 11.22 1.01 16.14 -1.69 0.66
Car -1.00 -1 -2.17 1394 507 1600 651 1.59 1.86 4.37 9.21 1.01 16.29 -1.65 0.62
Car -1.00 -1 -3.45 1139 522 1371 601 1.65 1.92 4.50 9.71 1.53 28.25 -3.12 0.56
Car -1.00 -1 -0.12 1022 520 1249 596 1.62 1.91 4.55 7.11 1.47 28.41 0.13 0.53
Car -1.00 -1 -0.01 901 514 1122 589 1.62 1.91 4.55 4.34 1.33 28.47 0.15 0.52
Car -1.00 -1 -0.26 1329 518 1600 656 1.61 1.89 4.44 9.13 1.16 16.29 0.25 0.48
