Car -1.00 -1 -1.47 648 471 729 532 1.62 1.88 4.52 -3.56 0.30 36.14 -1.56 0.51
Car -1.00 -1 2.80 607 473 778 532 1.60 1.90 4.47 -3.51 0.31 35.90 2.70 0.43
Car -1.00 -1 -1.45 633 469 719 533 1.58 1.86 4.52 -3.71 0.28 34.19 -1.56 0.39
Car -1.00 -1 1.71 624 464 716 533 1.60 1.88 4.57 -3.62 0.21 31.99 1.59 0.33
Car -1.00 -1 -1.43 621 470 716 543 1.61 1.86 4.47 -3.44 0.37 30.24 -1.54 0.26
Car -1.00 -1 1.84 433 463 533 521 1.64 1.91 4.43 -10.04 0.04 38.49 1.59 0.18
Car -1.00 -1 -1.56 612 469 735 546 1.60 1.88 4.40 -3.14 0.36 28.68 -1.67 0.17
Car -1.00 -1 0.23 389 464 555 520 1.63 1.92 4.44 -10.36 0.03 38.27 -0.04 0.17
Car -1.00 -1 1.80 415 448 513 503 1.73 1.94 4.50 -12.02 -0.50 43.57 1.53 0.14
Car -1.00 -1 2.90 396 448 533 501 1.71 1.93 4.44 -12.09 -0.56 43.45 2.63 0.13
