Car -1.00 -1 -1.78 950 476 1013 527 1.65 1.89 4.43 5.53 0.36 42.73 -1.66 0.47
Car -1.00 -1 -3.00 910 475 1053 526 1.63 1.91 4.40 5.55 0.31 42.77 -2.87 0.44
Car -1.00 -1 1.50 849 469 923 535 1.66 1.87 4.45 1.84 0.31 34.60 1.55 0.37
Car -1.00 -1 2.94 909 466 1043 516 1.73 1.97 4.65 5.64 -0.01 45.12 3.07 0.35
Car -1.00 -1 2.98 916 469 1053 519 1.67 1.94 4.51 5.78 0.10 43.87 3.11 0.30
Car -1.00 -1 3.01 911 463 1043 513 1.78 1.99 4.60 5.90 -0.10 46.82 3.14 0.25
Car -1.00 -1 -1.43 582 471 684 543 1.66 1.89 4.48 -4.49 0.40 31.72 -1.57 0.25
Car -1.00 -1 1.46 880 471 961 537 1.66 1.92 4.49 2.74 0.36 34.23 1.54 0.25
Car -1.00 -1 -2.16 1244 483 1314 531 1.70 1.95 4.53 17.17 0.60 47.16 -1.81 0.23
Car -1.00 -1 1.72 923 459 1023 511 1.81 2.00 4.70 5.75 -0.20 47.05 1.85 0.21
Car -1.00 -1 -1.88 944 469 1024 538 1.71 1.92 4.47 4.54 0.35 33.72 -1.74 0.21
Car -1.00 -1 -1.67 918 471 994 526 1.72 1.95 4.55 4.56 0.26 41.90 -1.56 0.21
