Car -1.00 -1 1.85 220 478 618 711 1.52 1.86 4.55 -3.06 0.94 10.55 1.57 0.88
Car -1.00 -1 -0.58 1333 494 1600 682 1.51 1.84 4.35 7.10 1.02 11.23 -0.02 0.84
Car -1.00 -1 -0.33 1063 483 1379 589 1.55 1.87 4.38 6.09 1.04 19.75 -0.03 0.76
Car -1.00 -1 -1.43 525 468 697 589 1.74 1.91 4.59 -3.37 0.98 20.49 -1.60 0.74
Car -1.00 -1 -3.47 1203 485 1600 619 1.56 1.86 4.35 7.25 1.01 15.88 -3.04 0.69
Car -1.00 -1 -1.67 887 479 960 539 1.67 1.91 4.52 2.83 1.23 37.58 -1.59 0.57
Car -1.00 -1 3.43 318 465 497 527 1.71 1.95 4.60 -12.28 0.80 36.94 3.10 0.42
Car -1.00 -1 -3.36 1032 485 1334 585 1.55 1.90 4.44 5.84 1.08 20.88 -3.09 0.39
Car -1.00 -1 -0.27 983 478 1242 571 1.64 1.93 4.48 5.30 1.04 23.72 -0.05 0.39
Car -1.00 -1 -0.34 1151 461 1334 524 1.73 1.99 4.67 12.12 0.68 36.76 -0.02 0.37
Car -1.00 -1 -0.45 1293 495 1600 673 1.55 1.87 4.38 7.13 1.07 12.27 0.08 0.36
