Car -1.00 -1 0.28 408 483 595 548 1.66 1.95 4.54 -8.66 1.23 33.67 0.03 0.63
Car -1.00 -1 0.29 413 485 586 546 1.63 1.93 4.43 -9.20 1.30 35.52 0.03 0.57
Car -1.00 -1 -1.33 451 482 557 544 1.69 1.92 4.50 -9.34 1.31 36.70 -1.58 0.46
Car -1.00 -1 0.35 415 480 585 540 1.69 1.94 4.54 -9.46 1.18 36.62 0.10 0.44
Car -1.00 -1 0.22 480 486 635 541 1.67 1.94 4.49 -8.44 1.39 39.60 0.01 0.41
Car -1.00 -1 1.43 512 482 641 540 1.73 1.95 4.58 -7.86 1.35 39.89 1.23 0.37
Car -1.00 -1 1.74 455 479 567 541 1.76 1.95 4.65 -9.58 1.27 38.46 1.49 0.35
Car -1.00 -1 0.29 454 483 615 540 1.69 1.95 4.57 -8.96 1.31 38.73 0.06 0.35
Car -1.00 -1 -2.49 0 452 204 614 1.70 1.91 4.40 -9.85 0.72 14.40 -3.09 0.35
Car -1.00 -1 1.73 545 483 634 540 1.73 1.96 4.59 -7.67 1.39 40.96 1.55 0.29
