Car -1.00 -1 2.07 688 466 786 516 1.70 1.96 4.63 -2.93 0.02 45.69 2.01 0.36
Car -1.00 -1 -2.57 741 460 879 511 1.75 2.01 4.74 -0.21 -0.17 46.83 -2.57 0.22
Car -1.00 -1 1.27 1020 460 1114 533 1.68 1.92 4.45 6.17 0.16 31.59 1.46 0.20
Car -1.00 -1 2.11 0 466 138 592 1.63 1.90 4.53 -12.28 0.52 18.75 1.54 0.18
Car -1.00 -1 -1.22 695 464 779 514 1.64 1.91 4.54 -2.79 -0.04 43.58 -1.28 0.18
Car -1.00 -1 -1.49 769 462 830 511 1.66 1.93 4.48 -0.65 -0.14 45.87 -1.50 0.18
Car -1.00 -1 -1.51 723 466 782 515 1.73 1.97 4.61 -2.30 0.01 46.57 -1.56 0.17
Car -1.00 -1 -0.77 1121 416 1259 470 1.76 1.98 4.54 13.61 -1.74 46.16 -0.48 0.17
Car -1.00 -1 -1.81 1136 415 1231 471 1.77 1.97 4.56 13.30 -1.73 46.19 -1.53 0.16
Car -1.00 -1 1.87 802 472 921 533 1.59 1.87 4.46 1.19 0.33 35.68 1.90 0.15
