Car -1.00 -1 1.59 802 460 862 512 1.74 1.94 4.54 0.50 -0.14 44.87 1.60 0.46
Car -1.00 -1 -2.80 760 469 898 518 1.64 1.92 4.53 0.45 0.10 44.97 -2.79 0.41
Car -1.00 -1 -1.58 786 462 853 521 1.71 1.92 4.56 0.12 0.03 38.95 -1.58 0.39
Car -1.00 -1 1.55 797 460 857 516 1.77 1.90 4.59 0.39 -0.07 42.50 1.55 0.28
Car -1.00 -1 1.47 788 460 862 521 1.82 2.00 4.66 0.36 0.01 40.66 1.48 0.27
Car -1.00 -1 0.19 1077 472 1214 521 1.66 1.94 4.51 11.71 0.22 45.00 0.44 0.22
Car -1.00 -1 1.36 1097 473 1188 522 1.66 1.93 4.50 11.55 0.25 45.16 1.61 0.21
Car -1.00 -1 1.53 818 468 884 525 1.69 1.94 4.55 1.06 0.20 39.78 1.56 0.19
Car -1.00 -1 -1.77 1043 478 1123 525 1.65 1.93 4.62 9.67 0.39 46.21 -1.57 0.18
Car -1.00 -1 -1.42 571 459 670 527 1.69 1.92 4.46 -5.14 0.09 33.82 -1.57 0.17
