Car -1.00 -1 1.57 913 466 997 517 1.68 1.91 4.52 4.73 0.03 43.77 1.68 0.24
Car -1.00 -1 -3.07 1296 462 1496 540 1.75 1.97 4.56 13.79 0.26 30.10 -2.64 0.23
Car -1.00 -1 -1.54 822 467 889 517 1.62 1.88 4.50 1.29 0.06 43.34 -1.51 0.21
Car -1.00 -1 0.95 1564 441 1600 491 1.72 1.94 4.55 30.57 -0.91 48.01 1.52 0.21
Car -1.00 -1 -1.48 717 464 776 516 1.66 1.89 4.51 -2.34 -0.01 43.29 -1.53 0.21
Car -1.00 -1 -0.31 1563 442 1600 493 1.77 1.97 4.53 30.80 -0.87 47.75 0.27 0.18
Car -1.00 -1 -1.49 717 462 775 512 1.67 1.92 4.59 -2.46 -0.10 45.31 -1.54 0.18
Car -1.00 -1 -0.32 226 419 370 487 1.76 1.97 4.54 -14.99 -1.06 36.54 -0.71 0.17
Car -1.00 -1 -2.06 1327 459 1494 543 1.82 1.98 4.68 13.94 0.25 30.04 -1.63 0.17
Car -1.00 -1 3.60 0 397 126 447 1.76 1.99 4.54 -28.75 -2.60 47.64 3.06 0.16
Car -1.00 -1 -1.52 805 467 870 516 1.64 1.92 4.57 0.70 0.04 44.71 -1.51 0.16
Car -1.00 -1 2.86 901 464 1039 515 1.69 1.96 4.57 5.26 -0.04 43.23 2.99 0.16
Car -1.00 -1 -1.64 883 468 949 517 1.64 1.92 4.49 3.45 0.06 44.64 -1.56 0.16
Car -1.00 -1 -1.57 891 462 970 513 1.64 1.92 4.45 3.83 -0.08 43.21 -1.48 0.16
