Car -1.00 -1 -1.77 983 485 1096 561 1.60 1.86 4.43 4.97 0.70 28.70 -1.59 0.75
Car -1.00 -1 -1.74 959 468 1048 535 1.73 1.92 4.67 5.14 0.30 35.32 -1.60 0.46
Car -1.00 -1 2.04 59 418 268 510 1.73 1.94 4.63 -13.49 -0.50 26.53 1.57 0.33
Car -1.00 -1 -2.79 920 474 1093 537 1.66 1.92 4.49 5.30 0.41 35.20 -2.64 0.33
Car -1.00 -1 -1.75 999 433 1077 490 1.79 1.96 4.55 7.72 -1.01 44.47 -1.57 0.27
Car -1.00 -1 -1.80 531 469 659 524 1.65 1.92 4.48 -7.04 0.20 40.79 -1.97 0.26
Car -1.00 -1 -3.73 1511 478 1600 591 1.61 1.90 4.42 13.38 0.65 19.41 -3.13 0.25
Car -1.00 -1 1.05 1538 478 1600 601 1.64 1.92 4.50 13.34 0.69 19.22 1.66 0.24
Car -1.00 -1 -2.71 930 478 1128 553 1.64 1.93 4.54 5.05 0.57 29.87 -2.54 0.23
Car -1.00 -1 -2.93 517 472 665 525 1.65 1.93 4.44 -7.16 0.24 40.70 -3.11 0.22
