Car -1.00 -1 -0.30 1074 484 1305 561 1.56 1.88 4.41 7.89 0.65 27.07 -0.01 0.65
Car -1.00 -1 -0.46 1306 478 1555 558 1.63 1.90 4.43 13.13 0.57 27.27 -0.02 0.58
Car -1.00 -1 1.29 1079 470 1198 545 1.65 1.90 4.44 7.64 0.40 30.43 1.53 0.52
Car -1.00 -1 1.58 780 472 843 527 1.68 1.91 4.60 -0.16 0.29 40.85 1.57 0.51
Car -1.00 -1 -0.98 1041 473 1253 549 1.66 1.91 4.46 7.77 0.46 30.01 -0.73 0.46
Car -1.00 -1 -0.36 1283 479 1513 554 1.63 1.90 4.39 13.16 0.57 28.82 0.07 0.46
Car -1.00 -1 -0.44 1263 477 1488 550 1.64 1.93 4.50 13.23 0.53 30.14 -0.03 0.43
Car -1.00 -1 -3.40 1240 482 1482 559 1.57 1.89 4.43 11.63 0.62 27.17 -2.99 0.40
Car -1.00 -1 -1.73 954 473 1041 536 1.71 1.94 4.67 5.25 0.40 37.29 -1.59 0.39
Car -1.00 -1 -0.27 1057 475 1270 548 1.64 1.93 4.51 8.15 0.48 29.99 -0.01 0.38
Car -1.00 -1 1.27 1277 483 1474 563 1.59 1.89 4.49 11.99 0.67 27.52 1.68 0.37
Car -1.00 -1 -1.53 778 476 846 535 1.69 1.89 4.59 -0.18 0.44 38.64 -1.53 0.37
Car -1.00 -1 0.24 1253 477 1434 551 1.63 1.94 4.48 12.61 0.55 30.22 0.63 0.34
