Car -1.00 -1 3.46 214 480 472 566 1.64 1.92 4.50 -9.78 1.10 25.58 3.10 0.75
Car -1.00 -1 -2.67 109 474 416 579 1.79 1.97 4.64 -10.06 1.02 22.66 -3.09 0.68
Car -1.00 -1 1.98 245 474 420 565 1.68 1.91 4.54 -9.92 1.04 25.57 1.61 0.66
Car -1.00 -1 3.78 0 456 151 654 1.81 1.97 4.69 -9.75 0.85 12.74 3.13 0.62
Car -1.00 -1 3.47 246 484 488 565 1.62 1.91 4.41 -9.65 1.16 26.56 3.12 0.54
Car -1.00 -1 0.40 340 485 543 555 1.64 1.93 4.47 -9.38 1.25 30.82 0.10 0.37
Car -1.00 -1 0.44 286 486 509 562 1.60 1.89 4.38 -9.45 1.20 27.90 0.12 0.35
Car -1.00 -1 0.42 311 482 526 555 1.62 1.91 4.43 -9.38 1.14 29.12 0.11 0.33
Car -1.00 -1 3.53 156 475 443 574 1.73 1.96 4.54 -9.82 1.04 23.62 3.14 0.33
Car -1.00 -1 1.78 421 482 553 554 1.69 1.92 4.54 -8.52 1.25 31.86 1.52 0.32
