Car -1.00 -1 -1.62 804 473 902 559 1.65 1.88 4.48 0.57 1.02 26.54 -1.60 0.81
Car -1.00 -1 -1.57 714 481 789 537 1.69 1.91 4.55 -2.35 1.31 40.27 -1.63 0.45
Car -1.00 -1 -0.95 0 535 35 702 1.60 1.88 4.60 -11.65 1.57 14.48 -1.62 0.29
Car -1.00 -1 1.64 707 476 779 534 1.64 1.89 4.49 -2.46 1.12 37.97 1.57 0.27
Car -1.00 -1 -3.00 1147 458 1283 510 1.79 1.98 4.65 14.30 0.55 46.14 -2.69 0.25
Car -1.00 -1 -1.62 840 458 918 528 1.70 1.94 4.50 1.33 0.67 33.60 -1.58 0.25
Car -1.00 -1 -1.54 877 480 959 534 1.66 1.95 4.63 2.98 1.28 41.89 -1.47 0.23
Car -1.00 -1 -3.09 770 458 945 524 1.68 1.96 4.53 0.78 0.60 33.77 -3.06 0.22
Car -1.00 -1 1.40 959 469 1022 519 1.70 1.93 4.59 6.11 0.95 47.13 1.53 0.21
Car -1.00 -1 -1.64 808 462 900 542 1.67 1.93 4.64 0.68 0.81 28.84 -1.62 0.21
Car -1.00 -1 -3.26 1487 427 1600 523 1.67 1.94 4.51 15.07 0.16 23.95 -2.70 0.20
Car -1.00 -1 1.37 864 455 949 526 1.66 1.93 4.50 2.18 0.60 33.00 1.44 0.20
