Car -1.00 -1 -1.58 940 489 1080 566 1.55 1.86 4.48 4.19 0.78 28.10 -1.43 0.72
Car -1.00 -1 -0.36 1245 476 1430 540 1.80 2.00 4.68 15.49 0.50 37.80 0.03 0.46
Car -1.00 -1 -1.92 1197 475 1312 537 1.76 1.96 4.65 13.15 0.46 38.32 -1.59 0.39
Car -1.00 -1 1.37 1117 479 1231 538 1.68 1.93 4.51 10.77 0.53 38.50 1.64 0.35
Car -1.00 -1 -3.32 1076 480 1241 537 1.65 1.93 4.46 10.39 0.52 38.59 -3.05 0.35
Car -1.00 -1 -1.95 1184 473 1268 521 1.69 1.93 4.54 15.13 0.23 46.99 -1.64 0.32
Car -1.00 -1 1.40 1081 480 1193 541 1.75 1.96 4.59 9.69 0.59 38.66 1.64 0.32
Car -1.00 -1 -3.43 1188 475 1361 534 1.72 1.95 4.55 13.86 0.40 38.49 -3.09 0.31
Car -1.00 -1 -0.38 1230 482 1400 539 1.73 1.98 4.58 15.62 0.60 39.82 -0.01 0.31
Car -1.00 -1 -2.02 1166 476 1257 536 1.72 1.94 4.59 11.99 0.46 38.70 -1.72 0.29
Car -1.00 -1 -0.09 1024 495 1163 542 1.63 1.90 4.39 9.72 0.95 44.56 0.13 0.27
