Car -1.00 -1 -1.62 221 540 388 604 1.70 1.94 4.51 -15.15 2.33 37.76 -2.01 0.59
Car -1.00 -1 -1.33 467 557 620 667 1.61 1.88 4.51 -4.70 2.04 22.47 -1.54 0.34
Car -1.00 -1 -2.61 125 543 305 600 1.60 1.90 4.43 -17.85 2.36 37.75 -3.05 0.32
Car -1.00 -1 1.84 270 541 401 601 1.66 1.93 4.63 -14.82 2.41 39.34 1.48 0.32
Car -1.00 -1 2.03 92 543 235 605 1.67 1.93 4.48 -19.55 2.43 38.17 1.56 0.31
Car -1.00 -1 0.47 82 544 262 603 1.66 1.92 4.41 -19.32 2.45 38.10 -0.00 0.29
Car -1.00 -1 -0.47 125 544 225 607 1.67 1.92 4.45 -19.15 2.45 37.71 -0.94 0.26
Car -1.00 -1 -1.08 79 547 220 610 1.70 1.95 4.50 -20.32 2.61 38.83 -1.56 0.25
Car -1.00 -1 -1.35 195 541 343 602 1.64 1.91 4.45 -16.41 2.37 38.24 -1.75 0.24
Car -1.00 -1 -1.46 643 565 720 628 1.63 1.90 4.47 -4.10 3.19 39.16 -1.57 0.24
