Car -1.00 -1 1.89 97 457 341 560 1.67 1.89 4.49 -10.60 0.32 22.92 1.45 0.66
Car -1.00 -1 -2.44 76 463 366 560 1.65 1.92 4.50 -10.66 0.39 23.05 -2.87 0.64
Car -1.00 -1 1.85 377 465 558 574 1.63 1.87 4.41 -5.70 0.47 21.27 1.59 0.42
Car -1.00 -1 -0.99 0 462 181 604 1.60 1.87 4.40 -10.37 0.51 16.66 -1.55 0.33
Car -1.00 -1 -1.44 5 467 188 528 1.72 1.95 4.57 -21.68 0.22 38.36 -1.96 0.31
Car -1.00 -1 3.61 5 468 192 526 1.71 1.98 4.58 -21.84 0.18 38.64 3.10 0.27
Car -1.00 -1 3.41 267 466 568 568 1.60 1.89 4.39 -6.55 0.42 21.15 3.11 0.23
Car -1.00 -1 2.39 395 465 601 579 1.65 1.95 4.51 -5.33 0.49 20.76 2.14 0.23
Car -1.00 -1 1.95 233 472 437 577 1.60 1.89 4.42 -8.10 0.55 21.78 1.60 0.22
Car -1.00 -1 1.93 316 467 499 574 1.63 1.90 4.45 -6.84 0.49 21.69 1.63 0.22
Car -1.00 -1 -1.07 56 471 200 530 1.72 1.97 4.57 -21.23 0.30 39.34 -1.57 0.22
Car -1.00 -1 -2.64 0 467 300 567 1.65 1.93 4.47 -11.75 0.45 22.35 -3.12 0.21
Car -1.00 -1 -2.53 0 469 169 528 1.67 1.94 4.48 -21.92 0.22 37.50 -3.06 0.20
Car -1.00 -1 0.83 61 470 237 529 1.73 1.98 4.60 -20.68 0.27 39.46 0.34 0.20
Car -1.00 -1 -2.14 7 465 295 566 1.72 1.95 4.55 -12.27 0.45 23.52 -2.62 0.20
Car -1.00 -1 0.78 189 470 469 569 1.64 1.93 4.49 -8.69 0.51 22.74 0.41 0.20
Car -1.00 -1 -1.15 189 468 393 570 1.63 1.91 4.47 -9.24 0.49 22.71 -1.54 0.19
