Car -1.00 -1 -1.71 1002 437 1098 500 1.74 1.94 4.54 7.10 -0.65 38.93 -1.53 0.39
Car -1.00 -1 0.85 1591 446 1600 513 1.80 1.94 4.62 24.49 -0.30 36.57 1.44 0.28
Car -1.00 -1 1.28 1107 450 1193 504 1.71 1.90 4.51 11.31 -0.44 43.25 1.54 0.26
Car -1.00 -1 -3.28 972 443 1133 502 1.72 1.94 4.52 7.17 -0.56 38.76 -3.10 0.24
Car -1.00 -1 -1.84 1106 444 1199 502 1.74 1.91 4.54 10.99 -0.56 41.75 -1.58 0.23
Car -1.00 -1 -2.03 1369 432 1600 536 1.69 1.92 4.54 12.07 -0.08 23.10 -1.55 0.21
Car -1.00 -1 -1.49 597 417 743 523 1.67 1.92 4.56 -2.46 -0.31 22.37 -1.60 0.21
Car -1.00 -1 -3.38 1076 448 1222 499 1.69 1.94 4.56 11.50 -0.61 43.98 -3.12 0.20
Car -1.00 -1 -3.17 1078 442 1235 499 1.69 1.94 4.49 10.90 -0.64 40.68 -2.91 0.19
Car -1.00 -1 -0.52 1348 437 1600 536 1.68 1.94 4.51 12.20 -0.07 22.72 -0.03 0.18
