Car -1.00 -1 1.86 381 457 494 519 1.67 1.91 4.53 -10.85 -0.05 36.65 1.58 0.60
Car -1.00 -1 3.41 349 463 529 523 1.68 1.94 4.61 -10.88 0.05 36.77 3.12 0.47
Car -1.00 -1 1.61 717 480 784 534 1.66 1.90 4.56 -2.10 0.51 41.62 1.55 0.37
Car -1.00 -1 2.79 335 455 487 517 1.67 1.93 4.48 -11.62 -0.12 36.18 2.48 0.33
Car -1.00 -1 1.38 419 488 623 571 1.57 1.88 4.37 -6.02 0.77 26.38 1.16 0.20
Car -1.00 -1 -2.80 291 461 473 521 1.63 1.94 4.48 -12.29 -0.00 36.04 -3.13 0.19
Car -1.00 -1 -1.29 421 461 527 521 1.63 1.91 4.45 -9.80 0.03 36.62 -1.55 0.19
Car -1.00 -1 1.92 301 465 399 514 1.72 1.95 4.56 -17.19 -0.04 46.93 1.57 0.19
Car -1.00 -1 3.33 307 474 445 519 1.66 1.94 4.48 -16.49 0.20 47.51 3.00 0.19
Car -1.00 -1 -0.61 1461 392 1600 489 1.98 2.10 4.95 17.16 -1.09 27.78 -0.06 0.19
