Car -1.00 -1 -1.35 328 481 647 674 1.57 1.88 4.50 -3.12 1.01 12.61 -1.60 0.89
Car -1.00 -1 -0.47 1255 482 1600 657 1.60 1.88 4.39 6.91 0.99 12.78 0.02 0.77
Car -1.00 -1 -0.33 1052 479 1344 580 1.59 1.88 4.41 6.18 1.02 21.29 -0.05 0.70
Car -1.00 -1 -0.35 1163 489 1539 613 1.59 1.89 4.40 7.18 1.11 17.48 0.04 0.69
Car -1.00 -1 -1.37 543 469 687 579 1.73 1.91 4.62 -3.60 0.98 22.08 -1.54 0.66
Car -1.00 -1 -1.85 1086 475 1266 580 1.61 1.90 4.49 5.89 1.01 21.74 -1.59 0.50
Car -1.00 -1 1.43 957 476 1082 563 1.68 1.90 4.53 3.98 1.08 26.58 1.58 0.44
Car -1.00 -1 1.39 1209 479 1541 618 1.67 1.91 4.54 7.40 1.07 17.53 1.79 0.42
Car -1.00 -1 -3.23 1124 484 1465 604 1.62 1.89 4.42 6.88 1.07 18.57 -2.88 0.40
Car -1.00 -1 1.50 876 476 948 536 1.74 1.93 4.62 2.61 1.17 39.18 1.57 0.40
Car -1.00 -1 0.31 338 470 510 530 1.74 2.00 4.66 -12.34 0.94 38.61 0.01 0.39
Car -1.00 -1 -2.08 1180 480 1358 601 1.64 1.89 4.48 6.69 1.09 19.42 -1.75 0.39
Car -1.00 -1 -0.42 1236 487 1600 646 1.59 1.89 4.41 7.05 1.03 13.78 0.06 0.36
Car -1.00 -1 2.55 489 468 747 580 1.73 1.99 4.67 -3.70 0.97 21.68 2.38 0.34
