Car -1.00 -1 1.68 485 484 690 614 1.64 1.87 4.47 -3.31 1.14 18.29 1.50 0.80
Car -1.00 -1 1.54 792 484 896 574 1.62 1.88 4.48 0.36 1.20 25.05 1.55 0.71
Car -1.00 -1 -1.57 794 484 907 583 1.61 1.86 4.49 0.37 1.17 22.99 -1.56 0.53
Car -1.00 -1 0.53 1547 226 1600 900 1.84 1.97 4.87 5.03 0.43 5.81 1.24 0.52
Car -1.00 -1 -0.52 1449 454 1600 507 1.72 1.96 4.54 24.61 0.40 43.91 -0.01 0.45
Car -1.00 -1 1.55 789 488 914 596 1.61 1.87 4.47 0.38 1.21 21.13 1.57 0.44
Car -1.00 -1 1.70 609 481 721 566 1.71 1.91 4.55 -3.48 1.21 27.83 1.57 0.34
Car -1.00 -1 -0.30 1521 453 1600 510 1.70 1.98 4.54 25.01 0.39 40.26 0.25 0.33
Car -1.00 -1 0.88 1499 455 1600 512 1.70 1.94 4.54 24.68 0.51 42.43 1.40 0.32
Car -1.00 -1 -1.58 780 476 848 537 1.70 1.92 4.59 -0.31 1.16 38.05 -1.59 0.31
Car -1.00 -1 -0.27 1477 459 1600 512 1.67 1.94 4.49 24.69 0.55 42.47 0.26 0.30
