Car -1.00 -1 -0.22 417 456 591 519 1.70 1.94 4.62 -8.93 -0.08 36.18 -0.46 0.51
Car -1.00 -1 -0.98 1221 479 1447 559 1.76 1.97 4.63 12.15 0.63 29.83 -0.59 0.40
Car -1.00 -1 -3.60 1378 483 1537 532 1.65 1.96 4.53 22.22 0.56 44.01 -3.14 0.30
Car -1.00 -1 -3.34 1478 482 1600 537 1.66 1.93 4.45 23.41 0.59 40.00 -2.81 0.28
Car -1.00 -1 1.04 1549 475 1600 532 1.71 1.92 4.56 25.99 0.41 40.85 1.61 0.25
Car -1.00 -1 1.00 1589 475 1600 531 1.71 1.91 4.49 27.44 0.41 41.10 1.58 0.25
Car -1.00 -1 2.63 1431 484 1596 535 1.62 1.91 4.40 22.98 0.59 41.86 3.13 0.24
Car -1.00 -1 -0.49 1410 485 1571 535 1.64 1.94 4.46 22.99 0.62 43.30 0.00 0.23
Car -1.00 -1 -2.02 1506 478 1600 534 1.68 1.92 4.44 24.17 0.48 40.12 -1.48 0.22
Car -1.00 -1 1.77 491 459 596 522 1.67 1.93 4.60 -7.70 0.01 36.18 1.56 0.22
Car -1.00 -1 1.07 1452 480 1596 537 1.69 1.95 4.56 22.10 0.55 39.76 1.57 0.21
