Car -1.00 -1 -0.93 0 336 76 537 1.70 1.90 4.55 -9.93 -0.43 13.03 -1.58 0.57
Car -1.00 -1 0.68 0 355 119 532 1.64 1.94 4.61 -10.03 -0.44 13.02 0.02 0.52
Car -1.00 -1 -2.15 1529 501 1600 554 1.66 1.93 4.50 26.03 1.17 42.35 -1.60 0.18
Car -1.00 -1 1.21 1282 497 1394 548 1.68 1.93 4.51 18.08 1.08 44.14 1.60 0.18
Car -1.00 -1 2.71 1257 497 1409 547 1.65 1.94 4.50 17.94 1.06 44.13 3.09 0.17
Car -1.00 -1 2.50 1526 500 1600 552 1.65 1.93 4.45 26.36 1.14 42.07 3.06 0.17
Car -1.00 -1 1.32 1033 497 1105 546 1.65 1.92 4.48 8.98 1.07 45.34 1.52 0.16
Car -1.00 -1 -1.97 1257 498 1359 549 1.68 1.93 4.50 17.24 1.12 44.64 -1.60 0.15
Car -1.00 -1 -1.68 0 333 136 539 1.77 2.05 4.93 -10.22 -0.43 13.36 -2.33 0.15
Car -1.00 -1 2.63 1272 497 1427 549 1.65 1.93 4.44 17.87 1.05 42.58 3.03 0.15
Car -1.00 -1 -3.44 1247 522 1455 588 1.59 1.91 4.40 13.32 1.57 31.71 -3.05 0.15
