Car -1.00 -1 0.15 237 490 576 602 1.60 1.91 4.59 -6.41 1.18 19.36 -0.17 0.74
Car -1.00 -1 3.55 0 495 131 621 1.65 1.91 4.43 -12.57 1.25 17.86 2.94 0.63
Car -1.00 -1 0.12 297 489 599 596 1.69 1.93 4.48 -6.32 1.23 21.15 -0.17 0.58
Car -1.00 -1 -2.56 0 500 194 613 1.62 1.89 4.38 -12.47 1.32 19.38 -3.13 0.56
Car -1.00 -1 -2.58 0 503 227 609 1.62 1.90 4.40 -12.48 1.39 20.49 -3.13 0.53
Car -1.00 -1 -1.57 0 496 238 611 1.63 1.90 4.45 -12.17 1.32 20.27 -2.12 0.51
Car -1.00 -1 3.45 24 491 313 586 1.65 1.90 4.46 -12.10 1.28 23.16 2.97 0.47
Car -1.00 -1 3.61 0 492 268 595 1.64 1.88 4.36 -12.13 1.25 21.37 3.09 0.46
Car -1.00 -1 -1.24 423 487 579 592 1.64 1.91 4.46 -5.57 1.21 21.98 -1.49 0.43
Car -1.00 -1 0.19 343 490 629 592 1.67 1.93 4.48 -5.91 1.26 22.11 -0.07 0.42
