Car -1.00 -1 3.33 274 440 436 496 1.74 1.97 4.58 -15.06 -0.76 41.42 2.98 0.36
Car -1.00 -1 2.01 302 440 402 498 1.72 1.94 4.55 -15.09 -0.67 41.40 1.66 0.33
Car -1.00 -1 1.68 577 483 668 543 1.70 1.91 4.55 -5.82 0.67 38.56 1.53 0.27
Car -1.00 -1 -1.68 646 468 800 566 1.74 1.93 4.56 -1.70 0.49 24.75 -1.75 0.27
Car -1.00 -1 3.21 571 480 809 567 1.59 1.88 4.41 -2.38 0.62 24.70 3.12 0.26
Car -1.00 -1 1.64 667 470 779 560 1.69 1.95 4.64 -1.82 0.49 26.19 1.57 0.22
Car -1.00 -1 -1.34 484 481 581 542 1.69 1.92 4.50 -8.38 0.61 37.84 -1.56 0.22
Car -1.00 -1 -1.45 561 480 686 561 1.61 1.90 4.53 -4.08 0.62 27.60 -1.60 0.22
Car -1.00 -1 1.72 538 481 633 540 1.67 1.92 4.47 -6.92 0.59 38.38 1.54 0.22
Car -1.00 -1 1.63 835 444 927 508 1.68 1.94 4.57 1.78 -0.39 36.31 1.68 0.20
