Car -1.00 -1 0.43 24 494 360 598 1.54 1.87 4.40 -10.02 1.21 20.02 -0.03 0.83
Car -1.00 -1 0.38 0 487 277 610 1.60 1.87 4.39 -10.30 1.11 17.60 -0.15 0.80
Car -1.00 -1 0.43 100 488 406 589 1.62 1.89 4.39 -9.79 1.19 21.66 0.00 0.79
Car -1.00 -1 0.60 0 495 159 645 1.61 1.88 4.44 -10.62 1.16 14.79 -0.02 0.79
Car -1.00 -1 0.79 0 484 18 666 1.57 1.87 4.42 -10.71 0.98 12.15 0.07 0.79
Car -1.00 -1 -3.66 1358 471 1600 594 1.54 1.86 4.35 9.84 0.86 17.08 -3.14 0.77
Car -1.00 -1 0.66 0 484 113 646 1.60 1.87 4.35 -10.49 1.01 13.63 -0.00 0.75
Car -1.00 -1 -0.60 1486 452 1600 622 1.74 1.92 4.45 10.13 0.74 14.02 0.03 0.75
Car -1.00 -1 0.40 154 481 450 583 1.71 1.93 4.50 -9.32 1.12 22.55 0.00 0.73
Car -1.00 -1 0.32 244 479 507 571 1.74 1.97 4.59 -9.05 1.13 25.41 -0.02 0.68
