Car -1.00 -1 -3.16 1465 459 1600 592 1.59 1.88 4.52 10.98 0.45 17.11 -2.59 0.67
Car -1.00 -1 2.91 966 462 1204 545 1.63 1.93 4.51 5.43 0.25 26.03 3.11 0.46
Car -1.00 -1 -0.27 1048 463 1297 546 1.61 1.94 4.59 7.24 0.28 26.08 0.00 0.36
Car -1.00 -1 1.96 961 462 1187 551 1.67 1.94 4.54 5.22 0.32 26.20 2.15 0.31
Car -1.00 -1 -0.10 1503 465 1600 592 1.60 1.96 4.64 12.14 0.52 17.97 0.49 0.23
Car -1.00 -1 1.84 331 485 445 541 1.64 1.91 4.45 -13.50 0.69 40.25 1.52 0.20
Car -1.00 -1 -2.18 1447 458 1600 598 1.67 1.92 4.60 10.74 0.48 17.54 -1.63 0.20
Car -1.00 -1 -1.18 182 470 297 520 1.77 1.97 4.68 -21.45 0.16 47.31 -1.61 0.19
Car -1.00 -1 -0.34 1125 459 1377 543 1.62 1.92 4.48 8.76 0.20 25.83 -0.01 0.18
Car -1.00 -1 2.81 847 453 984 503 1.69 1.96 4.56 3.55 -0.45 44.82 2.89 0.18
Car -1.00 -1 -2.37 310 485 465 538 1.61 1.92 4.45 -13.62 0.65 40.24 -2.70 0.18
Car -1.00 -1 -1.29 1111 452 1352 540 1.63 1.91 4.46 8.41 0.13 26.00 -0.98 0.17
Car -1.00 -1 2.31 1184 450 1427 536 1.64 1.92 4.50 10.05 0.06 26.04 2.68 0.16
