Car -1.00 -1 -1.83 1033 477 1236 602 1.53 1.85 4.47 4.20 0.99 17.84 -1.59 0.84
Car -1.00 -1 -2.23 1317 323 1600 900 1.75 1.91 4.62 3.80 0.70 4.89 -1.57 0.83
Car -1.00 -1 1.26 1105 448 1497 670 1.71 1.90 4.58 4.20 0.81 12.05 1.59 0.82
Car -1.00 -1 1.40 994 472 1148 572 1.70 1.92 4.59 4.50 1.02 23.80 1.59 0.79
Car -1.00 -1 -0.97 0 536 103 675 1.56 1.87 4.55 -11.84 1.67 16.51 -1.59 0.70
Car -1.00 -1 1.42 967 479 1078 555 1.65 1.91 4.49 4.55 1.16 29.74 1.57 0.58
Car -1.00 -1 -1.56 707 482 787 543 1.69 1.88 4.53 -2.30 1.32 37.29 -1.62 0.54
Car -1.00 -1 0.64 949 475 1126 552 1.67 1.91 4.47 5.01 1.06 29.37 0.81 0.41
Car -1.00 -1 -1.73 991 476 1119 559 1.67 1.90 4.57 4.94 1.09 27.73 -1.55 0.39
Car -1.00 -1 1.45 998 473 1155 565 1.68 1.92 4.63 4.91 1.03 25.34 1.64 0.39
Car -1.00 -1 1.42 1045 468 1353 624 1.61 1.90 4.64 4.31 0.91 15.42 1.69 0.39
