Car -1.00 -1 2.07 0 316 291 560 2.14 2.10 5.40 -7.58 0.02 13.89 1.57 0.48
Car -1.00 -1 -2.77 183 394 406 466 1.59 1.90 4.40 -11.30 -0.16 29.22 -3.14 0.41
Car -1.00 -1 0.43 157 394 391 471 1.63 1.94 4.45 -11.36 -0.11 28.22 0.05 0.40
Car -1.00 -1 0.34 215 395 427 465 1.62 1.91 4.43 -11.21 -0.19 30.63 -0.01 0.38
Car -1.00 -1 -2.78 243 391 449 462 1.68 1.93 4.46 -10.93 -0.27 31.57 -3.11 0.38
Car -1.00 -1 1.91 281 390 420 463 1.68 1.92 4.48 -10.77 -0.25 31.54 1.58 0.36
Car -1.00 -1 1.95 189 396 359 480 1.69 1.90 4.49 -11.13 0.01 27.79 1.57 0.36
Car -1.00 -1 -2.02 123 392 380 481 1.70 1.95 4.54 -11.10 0.00 26.37 -2.42 0.34
Car -1.00 -1 -2.73 98 392 357 478 1.68 1.94 4.48 -11.46 -0.05 26.12 -3.14 0.31
Car -1.00 -1 1.78 415 404 524 466 1.68 1.91 4.43 -9.09 -0.07 36.57 1.54 0.30
