Car -1.00 -1 2.96 962 474 1115 529 1.70 1.96 4.62 7.14 0.33 41.05 3.13 0.48
Car -1.00 -1 1.67 944 474 1043 524 1.66 1.92 4.53 6.16 0.30 44.56 1.81 0.47
Car -1.00 -1 -2.67 89 452 273 510 1.70 1.97 4.60 -19.38 -0.29 38.78 -3.13 0.42
Car -1.00 -1 2.99 928 475 1063 523 1.65 1.91 4.48 6.23 0.27 44.49 3.13 0.41
Car -1.00 -1 2.94 944 474 1081 524 1.64 1.92 4.47 6.67 0.27 43.51 3.09 0.38
Car -1.00 -1 0.13 406 457 647 539 1.64 1.92 4.51 -5.96 0.15 26.38 -0.09 0.38
Car -1.00 -1 2.91 946 471 1088 524 1.70 1.96 4.49 6.58 0.22 41.89 3.06 0.32
Car -1.00 -1 1.50 929 474 1003 523 1.67 1.94 4.52 5.30 0.28 45.35 1.61 0.31
Car -1.00 -1 -1.82 988 475 1053 526 1.66 1.91 4.50 6.97 0.34 43.65 -1.66 0.29
Car -1.00 -1 0.47 73 452 259 510 1.66 1.95 4.51 -19.28 -0.28 37.67 0.00 0.27
Car -1.00 -1 1.61 460 457 630 544 1.67 1.94 4.55 -5.58 0.22 26.72 1.40 0.25
Car -1.00 -1 0.72 1149 473 1247 528 1.72 1.96 4.58 12.69 0.33 41.96 1.01 0.24
