Car -1.00 -1 -2.06 1381 476 1599 568 1.70 1.94 4.66 13.36 1.09 25.62 -1.58 0.67
Car -1.00 -1 1.09 1449 481 1600 571 1.66 1.89 4.41 14.87 1.17 25.61 1.62 0.56
Car -1.00 -1 1.53 820 466 894 533 1.71 1.90 4.61 0.81 0.87 34.52 1.56 0.56
Car -1.00 -1 -2.13 1511 486 1600 573 1.61 1.88 4.43 16.10 1.23 25.50 -1.57 0.48
Car -1.00 -1 -1.77 1038 471 1156 542 1.64 1.90 4.50 6.65 0.96 31.32 -1.56 0.47
Car -1.00 -1 -3.63 1498 486 1600 568 1.56 1.90 4.44 16.29 1.16 25.32 -3.06 0.45
Car -1.00 -1 0.32 348 457 550 528 1.73 1.98 4.62 -9.68 0.61 32.41 0.03 0.45
Car -1.00 -1 0.48 67 464 227 516 1.84 2.02 4.75 -25.00 0.76 46.22 -0.02 0.44
Car -1.00 -1 -2.57 0 463 161 520 1.73 1.99 4.59 -24.37 0.73 40.52 -3.11 0.43
Car -1.00 -1 -0.52 1019 478 1211 548 1.61 1.92 4.49 7.16 1.10 31.03 -0.29 0.35
