Car -1.00 -1 1.77 526 461 622 523 1.66 1.91 4.52 -6.82 0.05 36.05 1.59 0.33
Car -1.00 -1 1.77 451 459 578 532 1.64 1.88 4.49 -7.23 0.13 30.84 1.54 0.30
Car -1.00 -1 -1.75 974 474 1050 528 1.68 1.91 4.53 6.45 0.35 42.10 -1.60 0.30
Car -1.00 -1 1.67 623 458 715 526 1.73 1.91 4.58 -3.92 0.06 34.42 1.56 0.27
Car -1.00 -1 1.93 613 455 711 530 1.77 1.97 4.72 -4.02 0.07 32.35 1.80 0.25
Car -1.00 -1 3.32 445 459 655 531 1.65 1.95 4.55 -6.28 0.09 30.23 3.12 0.24
Car -1.00 -1 1.69 578 462 675 525 1.67 1.92 4.51 -5.26 0.10 35.66 1.55 0.24
Car -1.00 -1 -0.01 485 459 657 520 1.65 1.92 4.40 -6.95 -0.04 36.06 -0.20 0.23
Car -1.00 -1 -1.34 474 458 585 525 1.65 1.91 4.56 -7.44 0.04 33.27 -1.56 0.22
Car -1.00 -1 2.01 523 454 615 530 1.67 1.93 4.52 -6.03 0.05 30.56 1.82 0.22
Car -1.00 -1 -1.34 393 450 538 527 1.65 1.94 4.67 -8.05 -0.02 29.54 -1.61 0.22
