Car -1.00 -1 -0.77 1342 340 1600 900 1.56 1.84 4.35 4.36 0.57 4.04 0.05 0.81
Car -1.00 -1 0.62 0 400 202 645 1.67 1.90 4.49 -7.20 0.59 9.75 -0.02 0.76
Car -1.00 -1 1.41 480 384 824 613 1.80 1.90 4.51 -1.05 0.49 12.32 1.33 0.67
Car -1.00 -1 0.51 0 393 295 570 1.65 1.89 4.38 -7.62 0.42 12.99 -0.02 0.67
Car -1.00 -1 0.67 0 385 214 601 1.70 1.92 4.41 -7.66 0.46 11.06 0.06 0.67
Car -1.00 -1 0.58 0 386 216 578 1.69 1.91 4.46 -8.20 0.40 12.23 -0.01 0.64
Car -1.00 -1 -0.58 1111 313 1600 707 1.74 1.95 4.59 4.26 0.33 6.67 -0.01 0.59
Car -1.00 -1 0.43 0 401 346 558 1.66 1.90 4.43 -7.65 0.45 14.60 -0.05 0.59
Car -1.00 -1 -0.61 1181 309 1600 799 1.77 1.94 4.48 4.32 0.44 5.64 0.04 0.58
Car -1.00 -1 -2.37 0 369 41 673 1.74 1.92 4.47 -7.71 0.49 8.29 -3.12 0.56
