Car -1.00 -1 -1.64 728 455 1008 692 1.58 1.87 4.46 0.35 0.82 10.69 -1.61 0.84
Car -1.00 -1 1.68 614 477 742 573 1.63 1.88 4.47 -2.70 1.06 23.66 1.57 0.70
Car -1.00 -1 -0.79 200 498 310 583 1.71 1.91 4.62 -12.57 1.56 27.80 -1.21 0.56
Car -1.00 -1 0.61 1483 311 1600 773 1.76 1.93 4.74 5.35 0.41 7.31 1.24 0.54
Car -1.00 -1 2.85 916 464 1076 526 1.74 1.97 4.66 5.14 0.80 38.05 2.98 0.47
Car -1.00 -1 2.87 923 470 1077 530 1.75 2.00 4.63 5.40 0.98 39.24 3.01 0.43
Car -1.00 -1 -3.28 934 480 1079 533 1.64 1.93 4.47 5.86 1.22 41.14 -3.14 0.32
Car -1.00 -1 -2.59 75 515 243 569 1.74 1.96 4.58 -22.51 2.42 42.39 -3.08 0.32
Car -1.00 -1 1.44 968 479 1048 533 1.67 1.91 4.46 5.88 1.23 41.11 1.58 0.32
Car -1.00 -1 3.64 32 519 206 574 1.71 1.97 4.55 -23.07 2.49 40.96 3.13 0.29
