Car -1.00 -1 -3.76 1474 471 1600 735 1.71 1.92 4.56 7.60 0.76 9.33 -3.07 0.73
Car -1.00 -1 -3.60 1309 463 1594 553 1.62 1.91 4.48 12.04 0.31 24.22 -3.14 0.55
Car -1.00 -1 2.70 1219 468 1464 549 1.64 1.91 4.44 11.08 0.37 26.98 3.09 0.45
Car -1.00 -1 -3.53 1272 462 1540 550 1.63 1.92 4.43 11.61 0.29 25.14 -3.10 0.42
Car -1.00 -1 1.27 1169 484 1315 559 1.65 1.90 4.44 10.08 0.71 30.37 1.59 0.32
Car -1.00 -1 -0.39 1175 477 1400 552 1.62 1.92 4.45 10.67 0.52 28.95 -0.04 0.32
Car -1.00 -1 2.74 1144 487 1353 558 1.61 1.89 4.38 10.21 0.72 30.18 3.07 0.31
Car -1.00 -1 -0.49 1397 453 1600 547 1.69 1.98 4.60 13.80 0.18 24.12 0.03 0.27
Car -1.00 -1 1.23 1273 466 1467 552 1.66 1.90 4.46 11.57 0.38 26.85 1.64 0.26
Car -1.00 -1 -0.65 1435 437 1594 489 1.79 1.99 4.63 25.25 -1.00 45.95 -0.15 0.24
