Car -1.00 -1 -2.84 355 482 556 552 1.69 1.95 4.52 -9.33 1.21 31.75 -3.12 0.52
Car -1.00 -1 1.86 393 484 522 557 1.70 1.93 4.57 -9.25 1.32 31.78 1.57 0.49
Car -1.00 -1 1.87 370 483 519 565 1.64 1.90 4.49 -8.23 1.21 27.41 1.57 0.47
Car -1.00 -1 -2.83 379 482 570 548 1.66 1.94 4.52 -9.21 1.21 33.06 -3.10 0.46
Car -1.00 -1 -2.86 394 485 578 549 1.68 1.94 4.51 -9.26 1.30 34.35 -3.13 0.44
Car -1.00 -1 -2.42 326 483 551 562 1.61 1.91 4.49 -8.47 1.15 27.40 -2.72 0.43
Car -1.00 -1 1.83 431 480 548 548 1.72 1.94 4.56 -9.10 1.24 34.25 1.57 0.41
Car -1.00 -1 -2.80 312 484 535 560 1.64 1.94 4.51 -9.17 1.21 28.81 -3.11 0.41
Car -1.00 -1 3.33 516 472 655 523 1.68 1.95 4.50 -8.40 0.99 43.98 3.14 0.32
Car -1.00 -1 3.34 503 472 647 525 1.68 1.96 4.48 -8.46 0.98 42.39 3.14 0.31
Car -1.00 -1 1.81 391 482 534 559 1.70 1.93 4.58 -8.63 1.25 30.13 1.53 0.29
Car -1.00 -1 1.79 470 482 581 547 1.72 1.94 4.58 -8.40 1.30 35.35 1.55 0.28
Car -1.00 -1 -1.39 290 484 477 567 1.61 1.89 4.40 -9.27 1.21 26.64 -1.72 0.27
Car -1.00 -1 -1.27 531 486 603 538 1.66 1.93 4.45 -8.74 1.46 42.52 -1.47 0.26
