Car -1.00 -1 0.82 0 374 56 732 1.69 1.91 4.45 -6.85 0.57 7.00 0.04 0.73
Car -1.00 -1 0.74 0 382 104 671 1.68 1.90 4.43 -7.28 0.53 8.39 0.02 0.70
Car -1.00 -1 -3.58 1103 374 1600 729 1.58 1.87 4.36 4.14 0.53 6.79 -3.03 0.69
Car -1.00 -1 0.68 0 377 157 630 1.70 1.93 4.50 -7.54 0.46 9.61 0.02 0.65
Car -1.00 -1 2.59 1072 389 1600 660 1.59 1.87 4.35 4.28 0.51 8.57 3.05 0.64
Car -1.00 -1 -0.95 1463 105 1600 900 1.74 1.93 4.57 4.48 0.33 3.14 0.01 0.64
Car -1.00 -1 -0.34 1045 372 1572 557 1.68 1.91 4.48 5.04 0.25 12.63 0.04 0.64
Car -1.00 -1 0.93 1171 365 1436 576 1.72 1.92 4.55 4.95 0.28 12.72 1.30 0.62
Car -1.00 -1 2.69 1074 386 1600 626 1.61 1.89 4.39 4.60 0.47 9.62 3.13 0.61
Car -1.00 -1 1.34 1174 359 1600 847 1.62 1.88 4.43 4.19 0.57 6.61 1.90 0.60
Car -1.00 -1 -1.10 1 386 335 553 1.72 1.92 4.55 -7.20 0.35 15.33 -1.54 0.60
