Car -1.00 -1 1.54 734 469 965 661 1.52 1.84 4.46 0.21 0.88 12.27 1.55 0.88
Car -1.00 -1 1.66 628 481 750 570 1.61 1.88 4.49 -2.65 1.14 25.10 1.55 0.76
Car -1.00 -1 -2.99 569 478 814 566 1.66 1.95 4.69 -2.65 1.05 25.14 -3.09 0.51
Car -1.00 -1 -1.52 736 490 799 543 1.64 1.90 4.43 -1.91 1.58 41.44 -1.56 0.45
Car -1.00 -1 -0.83 693 483 822 538 1.66 1.94 4.53 -2.34 1.37 41.09 -0.89 0.35
Car -1.00 -1 -1.95 1218 463 1365 542 1.78 1.99 4.69 11.41 0.87 31.10 -1.60 0.33
Car -1.00 -1 -1.62 919 482 994 534 1.71 1.92 4.57 4.52 1.40 44.26 -1.52 0.31
Car -1.00 -1 0.01 656 484 804 538 1.65 1.95 4.57 -3.11 1.36 41.02 -0.07 0.29
Car -1.00 -1 2.87 146 512 295 581 1.70 1.94 4.51 -16.22 2.04 33.44 2.42 0.28
Car -1.00 -1 3.12 536 483 696 541 1.75 1.98 4.68 -6.78 1.38 40.50 2.95 0.25
Car -1.00 -1 3.58 0 517 120 580 1.63 1.93 4.44 -22.01 2.13 34.23 3.01 0.24
