Car -1.00 -1 0.67 0 479 96 658 1.66 1.92 4.56 -10.34 0.99 12.84 -0.01 0.75
Car -1.00 -1 0.74 0 481 221 642 1.74 1.94 4.53 -9.96 1.05 14.93 0.15 0.68
Car -1.00 -1 0.51 0 480 343 601 1.66 1.92 4.42 -9.74 1.04 18.51 0.02 0.64
Car -1.00 -1 0.45 55 479 393 594 1.73 1.94 4.52 -9.65 1.08 20.34 0.01 0.57
Car -1.00 -1 -0.96 0 487 188 652 1.72 1.94 4.60 -9.97 1.17 15.44 -1.53 0.48
Car -1.00 -1 0.28 390 487 576 553 1.73 1.96 4.59 -9.41 1.38 34.59 0.01 0.46
Car -1.00 -1 0.29 374 487 562 552 1.67 1.92 4.49 -9.52 1.34 33.53 0.02 0.43
Car -1.00 -1 0.28 409 480 585 542 1.70 1.97 4.55 -9.39 1.19 35.98 0.02 0.41
Car -1.00 -1 -1.33 292 481 474 570 1.72 1.95 4.54 -9.33 1.22 26.82 -1.66 0.40
Car -1.00 -1 0.24 397 467 574 530 1.78 2.00 4.72 -10.11 0.87 37.37 -0.02 0.38
Car -1.00 -1 0.25 341 492 539 560 1.63 1.91 4.40 -9.76 1.44 31.83 -0.05 0.38
Car -1.00 -1 -0.94 22 486 286 616 1.61 1.91 4.51 -9.40 1.14 17.98 -1.42 0.38
