Car -1.00 -1 -0.77 1346 347 1600 900 1.56 1.83 4.33 4.37 0.58 4.08 0.05 0.82
Car -1.00 -1 0.53 0 381 295 558 1.64 1.88 4.37 -7.57 0.30 12.88 0.00 0.72
Car -1.00 -1 0.60 0 383 212 627 1.67 1.91 4.53 -7.17 0.47 9.81 -0.03 0.72
Car -1.00 -1 0.63 0 371 207 592 1.69 1.91 4.44 -7.62 0.35 10.80 0.01 0.67
Car -1.00 -1 0.47 0 387 352 543 1.66 1.90 4.43 -7.62 0.30 14.71 -0.01 0.67
Car -1.00 -1 -0.58 1120 309 1600 695 1.71 1.93 4.56 4.30 0.29 6.68 -0.00 0.66
Car -1.00 -1 -0.36 957 386 1600 617 1.59 1.88 4.36 3.62 0.45 9.77 -0.01 0.65
Car -1.00 -1 0.39 60 396 430 518 1.63 1.91 4.49 -7.66 0.26 18.17 -0.01 0.64
Car -1.00 -1 -0.63 1189 313 1600 797 1.76 1.93 4.46 4.33 0.45 5.62 0.02 0.63
Car -1.00 -1 -2.40 0 391 73 669 1.71 1.91 4.45 -7.78 0.59 8.85 -3.12 0.62
Car -1.00 -1 -1.98 1089 360 1550 636 1.63 1.86 4.40 3.69 0.37 9.71 -1.62 0.61
