Car -1.00 -1 -3.01 1556 480 1600 676 1.56 1.88 4.50 8.97 0.73 12.32 -2.38 0.76
Car -1.00 -1 2.95 750 465 1012 559 1.67 1.96 4.71 1.26 0.37 23.70 3.00 0.51
Car -1.00 -1 -0.31 890 465 1154 560 1.65 1.93 4.62 3.76 0.38 23.39 -0.15 0.44
Car -1.00 -1 1.69 771 456 908 558 1.76 1.96 4.61 0.32 0.32 24.14 1.70 0.30
Car -1.00 -1 3.09 713 468 952 557 1.65 1.93 4.44 0.34 0.41 24.51 3.10 0.29
Car -1.00 -1 -1.46 576 472 707 563 1.62 1.87 4.42 -3.33 0.51 24.97 -1.59 0.24
Car -1.00 -1 -1.49 651 462 768 555 1.67 1.91 4.48 -2.01 0.35 25.01 -1.57 0.23
Car -1.00 -1 0.00 1556 475 1600 656 1.62 1.92 4.62 9.97 0.71 13.50 0.64 0.23
Car -1.00 -1 -1.58 745 467 847 557 1.67 1.90 4.49 -0.33 0.42 25.86 -1.59 0.22
Car -1.00 -1 -2.67 686 469 925 556 1.63 1.91 4.43 -0.21 0.44 25.60 -2.68 0.19
Car -1.00 -1 -2.23 1481 464 1600 666 1.68 1.90 4.56 8.81 0.65 12.87 -1.63 0.19
Car -1.00 -1 -0.30 984 461 1249 556 1.66 1.97 4.55 5.47 0.31 23.61 -0.07 0.19
