Car 0.00 3 0.50 219.00 505.00 434.00 590.00 1.55 1.58 3.50 -9.56 1.47 24.05 0.12
Car 0.00 3 0.69 -179.00 499.00 213.00 636.00 1.60 1.88 3.86 -10.15 1.19 15.89 0.12
Car 0.00 3 -0.47 1345.00 458.00 1692.00 605.00 2.00 1.98 3.95 10.00 0.88 18.36 0.02
Car 0.00 3 0.63 -57.00 488.00 305.00 618.00 1.81 2.11 4.34 -10.45 1.20 18.83 0.12
Car 0.00 3 -3.69 1417.00 499.00 1888.00 644.00 1.65 1.93 4.52 10.06 1.21 15.56 -3.12
Car 0.00 3 0.31 310.00 475.00 552.00 574.00 2.18 2.60 4.85 -9.18 1.26 29.48 0.01
Car 0.00 3 0.56 101.00 495.00 372.00 599.00 1.68 1.81 3.82 -10.03 1.29 21.46 0.12
Car 0.00 3 0.31 274.00 475.00 521.00 583.00 2.17 2.06 4.55 -9.03 1.23 26.68 -0.02
Car 0.00 3 0.85 -836.00 451.00 10.00 727.00 2.00 2.15 5.17 -10.01 0.91 10.41 0.09
Car 0.00 3 -3.55 1253.00 475.00 1567.00 601.00 2.00 1.98 4.34 9.71 1.12 21.14 -3.12
