Car 0.00 2 3.39 392.00 470.00 558.00 526.00 1.51 1.88 4.13 -9.79 0.78 35.13 3.12
Car 0.00 3 -0.52 1559.00 504.00 1769.00 560.00 1.42 1.97 4.50 23.29 1.71 34.99 0.07
Car 0.00 2 -2.59 -26.00 461.00 310.00 587.00 1.74 1.79 4.04 -10.07 0.77 18.62 -3.08
Car 0.00 2 3.32 518.00 464.00 655.00 513.00 1.76 2.00 4.77 -8.99 0.68 47.14 3.13
Car 0.00 3 -2.77 274.00 459.00 496.00 538.00 1.77 2.07 4.50 -10.35 0.64 29.62 -3.10
Car 0.00 0 -2.53 -252.00 477.00 205.00 613.00 1.57 1.73 4.57 -10.49 0.88 15.67 -3.12
Car 0.00 3 3.53 135.00 468.00 416.00 561.00 1.68 1.87 4.54 -10.41 0.83 23.92 3.11
Car 0.00 1 2.61 1406.00 459.00 1611.00 541.00 2.75 2.21 5.92 23.60 1.03 43.52 3.11
Car 0.00 2 -2.67 61.00 466.00 379.00 570.00 1.65 1.86 4.51 -10.21 0.78 21.31 -3.11
Car 0.00 3 -2.74 206.00 460.00 453.00 547.00 1.76 1.93 4.52 -10.61 0.70 26.96 -3.12
Car 0.00 2 -0.58 1500.00 491.00 1711.00 552.00 1.71 2.15 5.03 23.37 1.53 37.70 -0.02
Car 0.00 1 -0.39 1318.00 489.00 1461.00 533.00 1.72 2.02 5.00 23.19 1.69 51.75 0.03
Car 0.00 1 2.87 1090.00 481.00 1263.00 533.00 1.51 1.97 4.78 10.75 1.13 38.73 3.14
