Car 0.00 3 1.10 591.00 485.00 709.00 538.00 1.92 2.49 4.93 -6.87 1.58 48.33 0.96
Car 0.00 0 -1.29 300.00 468.00 610.00 671.00 1.66 1.82 4.13 -3.44 0.87 12.44 -1.56
Car 0.00 3 -1.58 788.00 456.00 952.00 612.00 1.86 1.96 4.59 0.57 0.83 17.49 -1.55
Car 0.00 3 2.62 1442.00 441.00 1615.00 495.00 1.81 2.19 4.87 24.83 -0.06 44.47 3.13
Car 0.00 0 -1.59 706.00 473.00 1041.00 714.00 1.47 2.06 4.81 0.31 0.82 10.18 -1.56
Car 0.00 0 2.20 -468.00 499.00 106.00 720.00 1.75 1.91 4.87 -9.56 1.18 12.59 1.55
Car 0.00 0 -1.49 593.00 465.00 735.00 581.00 1.88 2.15 4.80 -2.86 0.92 23.07 -1.61
Car 0.00 3 -3.52 1399.00 444.00 1519.00 487.00 1.87 1.98 4.53 29.34 -0.18 58.24 -3.05
Car 0.00 0 -1.74 1369.00 445.00 1867.00 772.00 1.75 2.15 4.67 5.35 0.80 9.29 -1.22
Car 0.00 3 0.74 -13.00 513.00 196.00 579.00 1.76 2.28 4.92 -21.07 2.16 35.98 0.21
Car 0.00 0 2.03 79.00 505.00 280.00 592.00 1.76 2.22 4.59 -14.45 1.70 28.33 1.56
