Car 0.00 3 0.45 296.00 502.00 478.00 574.00 1.55 1.58 3.50 -9.79 1.49 28.03 0.11
Car 0.00 3 0.59 20.00 492.00 323.00 600.00 1.60 1.88 3.86 -10.30 1.16 19.86 0.11
Car 0.00 3 -0.40 1244.00 464.00 1513.00 581.00 2.00 1.98 3.95 9.83 0.93 22.55 0.01
Car 0.00 3 0.55 92.00 487.00 384.00 592.00 1.81 2.11 4.34 -10.62 1.22 22.80 0.11
Car 0.00 3 -3.59 1290.00 503.00 1640.00 614.00 1.65 1.93 4.52 9.92 1.36 19.75 -3.13
Car 0.00 3 0.27 363.00 476.00 573.00 561.00 2.18 2.60 4.85 -9.47 1.28 33.46 -0.00
Car 0.00 3 0.49 207.00 492.00 432.00 579.00 1.68 1.81 3.82 -10.24 1.29 25.43 0.11
Car 0.00 3 0.27 336.00 476.00 547.00 568.00 2.17 2.06 4.55 -9.34 1.25 30.67 -0.03
Car 0.00 3 0.69 -358.00 460.00 217.00 651.00 2.00 2.15 5.17 -10.09 0.92 14.38 0.08
Car 0.00 3 -3.49 1176.00 483.00 1429.00 586.00 2.00 1.98 4.34 9.51 1.27 25.32 -3.13
