Car 0.00 0 2.33 1186.00 504.00 1642.00 662.00 1.43 1.89 4.46 6.33 1.12 13.54 2.77
Car 0.00 2 2.81 657.00 490.00 837.00 563.00 1.82 2.05 4.44 -2.16 1.49 33.89 2.74
Car 0.00 3 -0.81 1215.00 515.00 1370.00 576.00 1.47 1.73 3.78 12.46 1.99 33.47 -0.46
Car 0.00 3 2.43 1059.00 506.00 1453.00 641.00 1.48 1.85 4.71 5.53 1.24 16.15 2.76
Car 0.00 3 2.95 577.00 502.00 707.00 544.00 1.45 1.82 4.50 -6.85 1.95 46.47 2.80
Car 0.00 3 -0.82 1283.00 507.00 1462.00 576.00 1.56 1.71 4.09 13.52 1.73 31.02 -0.40
Car 0.00 3 2.87 636.00 495.00 800.00 557.00 1.68 1.95 4.35 -3.16 1.58 36.24 2.79
Car 0.00 3 3.04 448.00 502.00 514.00 525.00 1.58 1.81 4.40 -24.98 3.11 90.52 2.77
Car 0.00 2 -0.97 1561.00 510.00 1819.00 613.00 1.74 1.87 4.34 16.34 1.66 23.73 -0.37
Car 0.00 3 -0.91 1326.00 487.00 1560.00 577.00 1.86 1.92 5.17 13.92 1.33 28.23 -0.45
Car 0.00 1 2.56 901.00 508.00 1191.00 607.00 1.47 1.93 4.51 3.72 1.41 21.27 2.73
Car 0.00 1 2.70 797.00 488.00 1067.00 594.00 1.80 1.95 4.67 1.97 1.27 23.59 2.78
Car 0.00 3 2.67 719.00 497.00 917.00 573.00 1.59 1.71 4.13 -0.18 1.43 28.42 2.66
Car 0.00 3 2.88 580.00 505.00 706.00 549.00 1.44 1.68 4.08 -6.43 1.97 43.86 2.73
Car 0.00 2 -0.23 525.00 490.00 662.00 541.00 1.98 2.08 5.24 -9.64 1.85 51.81 -0.41
Car 0.00 3 2.88 563.00 502.00 678.00 547.00 1.64 1.80 4.09 -8.08 2.10 49.14 2.72
Car 0.00 3 -0.91 1480.00 512.00 1682.00 600.00 1.68 1.58 3.81 15.80 1.75 26.24 -0.37
Car 0.00 3 2.84 595.00 503.00 732.00 554.00 1.57 1.80 4.11 -5.37 1.89 41.20 2.72
Car 0.00 3 -0.66 1117.00 509.00 1271.00 567.00 1.51 1.77 4.02 10.61 1.92 36.17 -0.38
