Car 0.00 3 0.41 137.00 480.00 418.00 575.00 1.64 1.70 4.59 -10.41 1.07 23.97 0.00
Car 0.00 2 -0.25 1043.00 469.00 1251.00 542.00 1.58 1.75 4.42 7.51 0.83 29.59 0.00
Car 0.00 3 -2.80 474.00 488.00 569.00 522.00 1.66 2.03 4.37 -15.87 1.82 65.38 -3.04
Car 0.00 3 -3.47 1136.00 429.00 1582.00 594.00 1.90 1.94 4.91 6.71 0.53 16.28 -3.08
Car 0.00 0 -2.57 10.00 480.00 342.00 591.00 1.69 1.97 4.63 -10.90 1.08 21.17 -3.05
Car 0.00 3 0.40 223.00 470.00 465.00 567.00 1.90 1.87 4.41 -10.25 1.02 26.82 0.04
Car 0.00 0 -3.74 1346.00 442.00 2226.00 696.00 1.51 1.69 4.79 6.43 0.65 8.82 -3.11
Car 0.00 0 -1.58 833.00 479.00 874.00 513.00 1.72 2.08 4.76 1.43 1.38 67.00 -1.56
Car 0.00 3 2.80 1078.00 468.00 1391.00 570.00 1.58 1.89 4.80 7.00 0.83 21.85 3.11
Car 0.00 3 -3.57 1219.00 414.00 1742.00 611.00 1.88 1.83 4.64 6.88 0.45 13.58 -3.10
Car 0.00 3 -0.52 1274.00 455.00 1953.00 654.00 1.51 1.77 4.84 6.72 0.71 11.12 0.03
Car 0.00 0 1.61 746.00 474.00 790.00 522.00 1.89 1.63 2.96 -2.40 1.14 51.52 1.57
