Car 0.00 3 0.38 279.00 440.00 400.00 484.00 1.94 2.18 4.65 -22.20 -0.34 57.20 0.01
Car 0.00 3 -1.98 1362.00 476.00 1523.00 542.00 1.43 1.76 4.51 14.55 0.88 29.88 -1.53
Car 0.00 1 0.47 127.00 447.00 281.00 499.00 1.84 1.91 4.72 -22.99 0.12 46.38 0.01
Car 0.00 0 -3.36 1250.00 459.00 1557.00 563.00 1.76 2.02 4.79 10.42 0.71 23.03 -2.93
Car 0.00 3 2.89 999.00 461.00 1132.00 508.00 1.84 2.08 4.96 9.74 0.58 51.38 3.07
Car 0.00 0 2.85 1075.00 456.00 1279.00 530.00 1.96 1.99 5.10 9.69 0.63 34.94 3.12
Car 0.00 1 1.04 1467.00 466.00 1672.00 551.00 1.84 1.94 4.85 17.37 0.84 29.63 1.57
Car 0.00 3 0.63 -69.00 446.00 97.00 498.00 1.74 1.86 4.62 -28.25 0.08 43.65 0.05
Car 0.00 3 0.39 208.00 444.00 346.00 488.00 1.75 2.08 4.79 -22.71 -0.16 51.88 -0.02
Car 0.00 1 0.23 477.00 454.00 650.00 510.00 1.59 2.25 4.72 -7.89 0.35 37.92 0.03
Car 0.00 3 -0.28 1073.00 459.00 1248.00 526.00 1.92 1.87 4.76 10.00 0.66 37.74 -0.02
Car 0.00 3 2.91 1029.00 469.00 1168.00 514.00 1.59 1.98 4.67 9.93 0.78 46.01 3.12
Car 0.00 3 2.88 1057.00 464.00 1219.00 521.00 1.75 1.89 4.74 9.98 0.72 40.37 3.12
Car 0.00 2 0.61 -150.00 447.00 43.00 504.00 1.75 1.99 4.91 -28.71 0.18 40.96 0.00
Car 0.00 3 2.96 976.00 465.00 1079.00 498.00 1.52 2.00 4.61 9.62 0.54 60.20 3.12
