Car 0.00 0 -1.75 97.00 531.00 173.00 579.00 1.72 1.82 4.61 -28.06 3.43 50.75 -2.25
Car 0.00 0 2.12 -136.00 495.00 189.00 644.00 2.24 2.12 5.89 -14.30 1.65 23.00 1.56
Car 0.00 0 -3.63 1487.00 376.00 1923.00 537.00 1.86 2.05 4.50 12.16 -0.15 17.67 -3.03
Car 0.00 0 -1.73 67.00 510.00 134.00 559.00 2.00 1.82 4.64 -32.67 2.92 56.27 -2.25
Car 0.00 0 -3.45 1190.00 436.00 1383.00 510.00 1.70 1.84 4.50 12.43 0.10 34.07 -3.10
Car 0.00 0 -0.24 1159.00 440.00 1324.00 498.00 1.47 1.72 4.44 12.70 -0.01 38.51 0.08
Car 0.00 0 -0.32 1131.00 449.00 1273.00 507.00 1.76 1.88 4.40 13.30 0.31 44.58 -0.03
Car 0.00 0 -0.53 1517.00 420.00 1692.00 482.00 1.76 1.90 4.58 26.11 -0.60 42.15 0.02
Car 0.00 0 -2.38 138.00 517.00 288.00 580.00 2.03 2.03 5.02 -23.32 2.98 47.62 -2.83
Car 0.00 0 -3.60 1477.00 382.00 1888.00 522.00 1.83 2.11 4.96 13.58 -0.26 20.21 -3.01
Car 0.00 0 -1.73 55.00 531.00 117.00 573.00 1.84 1.81 4.51 -35.73 3.95 60.37 -2.27
