Car 0.00 3 -0.41 1099.00 389.00 1711.00 626.00 1.84 1.91 4.34 5.10 0.56 10.92 0.03
Car 0.00 3 -2.59 -175.00 418.00 350.00 580.00 1.64 1.96 4.75 -7.55 0.63 13.95 -3.09
Car 0.00 3 -0.26 984.00 433.00 1270.00 527.00 1.52 1.97 4.37 5.73 0.71 21.69 0.00
Car 0.00 3 2.88 946.00 445.00 1218.00 528.00 1.51 1.92 4.81 5.63 0.92 24.48 3.11
Car 0.00 2 2.47 1162.00 375.00 2696.00 907.00 1.84 1.97 4.79 4.30 0.73 5.42 3.14
Car 0.00 1 -0.11 853.00 422.00 988.00 478.00 2.29 2.00 5.43 5.56 0.50 52.97 -0.01
Car 0.00 0 -1.79 756.00 416.00 908.00 519.00 1.83 2.08 4.06 0.77 0.55 24.43 -1.76
Car 0.00 3 -0.37 1077.00 400.00 1554.00 585.00 1.83 1.90 4.35 5.52 0.56 13.63 0.01
Car 0.00 0 -1.05 1431.00 27.00 6990.00 1808.00 2.13 2.11 5.57 4.66 0.58 2.60 0.01
Car 0.00 3 -0.52 1192.00 403.00 2054.00 719.00 1.78 2.61 4.09 5.19 0.72 8.54 0.02
