Car 0.00 3 0.41 138.00 485.00 375.00 561.00 1.65 1.87 4.70 -13.29 1.21 29.40 -0.01
Car 0.00 3 0.31 292.00 480.00 459.00 543.00 1.79 1.93 4.29 -13.47 1.23 37.60 -0.03
Car 0.00 3 0.41 206.00 476.00 408.00 550.00 1.74 1.98 4.29 -13.15 1.07 31.87 0.02
Car 0.00 3 0.48 -36.00 489.00 237.00 587.00 1.71 1.87 4.07 -13.64 1.25 23.73 -0.05
Car 0.00 3 0.54 -201.00 492.00 159.00 602.00 1.68 1.88 4.76 -14.24 1.26 21.27 -0.05
Car 0.00 3 0.47 63.00 480.00 328.00 575.00 1.86 1.96 4.58 -13.20 1.17 26.40 0.01
Car 0.00 3 0.31 338.00 476.00 507.00 537.00 1.95 2.17 5.06 -13.79 1.24 42.93 0.00
Car 0.00 3 0.68 -318.00 484.00 78.00 623.00 1.88 1.91 4.41 -13.76 1.18 18.40 0.04
Car 0.00 0 2.08 -535.00 426.00 432.00 905.00 1.71 1.97 4.90 -3.97 0.73 7.01 1.57
Car 0.00 3 0.40 242.00 482.00 419.00 548.00 1.70 1.89 4.10 -13.62 1.22 34.54 0.02
