Car 0.00 3 -3.59 1466.00 488.00 1683.00 565.00 1.74 1.78 4.21 18.58 0.85 31.17 -3.06
Car 0.00 0 0.70 -485.00 452.00 493.00 820.00 1.53 1.74 4.23 -4.10 0.64 6.72 0.15
Car 0.00 1 -0.31 1365.00 490.00 1537.00 545.00 1.54 1.88 4.28 19.22 0.78 38.50 0.16
Car 0.00 0 -3.59 1404.00 491.00 1970.00 686.00 1.68 1.75 4.37 8.54 0.91 12.79 -3.01
Car 0.00 3 1.95 1056.00 467.00 1118.00 501.00 1.83 2.04 4.20 15.71 -0.41 73.28 2.17
Car 0.00 3 2.25 1212.00 476.00 1303.00 511.00 1.65 1.90 4.59 22.66 0.12 65.03 2.58
Car 0.00 0 -3.36 1150.00 489.00 1343.00 559.00 1.60 1.81 4.27 10.73 0.81 31.85 -3.04
Car 0.00 3 2.25 1174.00 486.00 1253.00 518.00 1.57 1.83 4.00 21.06 0.55 67.12 2.56
Car 0.00 1 -2.83 194.00 452.00 700.00 664.00 1.84 1.84 4.47 -3.53 0.62 12.70 -3.10
Car 0.00 3 -0.64 1584.00 501.00 1724.00 553.00 1.76 1.82 3.95 30.64 1.30 46.40 -0.05
