Car 0.00 2 -0.34 1271.00 449.00 1642.00 573.00 1.81 1.91 4.82 9.65 0.61 19.56 0.12
Car 0.00 3 -3.48 1244.00 483.00 1513.00 557.00 1.40 1.94 4.54 10.92 0.97 25.08 -3.07
Car 0.00 2 1.79 663.00 440.00 807.00 556.00 2.57 2.12 6.67 -2.11 0.65 31.33 1.72
Car 0.00 3 -3.24 1145.00 475.00 1288.00 522.00 1.59 1.96 4.65 13.78 1.00 44.53 -2.94
Car 0.00 3 -0.55 1511.00 473.00 2159.00 652.00 1.52 1.73 4.53 9.23 0.80 11.82 0.12
Car 0.00 0 1.97 331.00 419.00 767.00 681.00 1.99 2.01 5.79 -2.33 0.64 12.56 1.79
Car 0.00 3 -3.54 1334.00 464.00 1758.00 588.00 1.55 1.85 4.59 9.49 0.71 16.87 -3.03
Car 0.00 3 -3.33 1174.00 475.00 1363.00 539.00 1.66 1.76 4.54 11.78 0.96 33.63 -3.00
Car 0.00 3 -3.47 1223.00 474.00 1453.00 550.00 1.65 1.77 4.49 11.48 0.93 28.35 -3.09
Car 0.00 3 -3.47 1270.00 480.00 1566.00 571.00 1.52 1.83 4.41 10.40 0.95 22.33 -3.03
