Car 0.00 0 -1.32 378.00 470.00 638.00 644.00 1.66 1.82 4.13 -3.39 0.89 14.17 -1.55
Car 0.00 3 -1.58 788.00 456.00 952.00 611.00 1.86 1.96 4.59 0.57 0.82 17.43 -1.55
Car 0.00 3 0.50 788.00 474.00 959.00 538.00 1.90 2.11 4.95 1.45 1.14 39.29 0.54
Car 0.00 3 2.62 1442.00 441.00 1615.00 495.00 1.81 2.19 4.87 24.83 -0.04 44.47 3.13
Car 0.00 0 -1.59 710.00 472.00 1045.00 713.00 1.47 2.06 4.81 0.34 0.81 10.18 -1.56
Car 0.00 0 -1.47 595.00 470.00 741.00 586.00 1.88 2.15 4.80 -2.78 1.01 23.07 -1.59
Car 0.00 3 -3.52 1399.00 444.00 1519.00 486.00 1.87 1.98 4.53 29.34 -0.21 58.24 -3.05
Car 0.00 0 -0.29 1206.00 450.00 1406.00 513.00 1.67 2.21 4.85 13.49 0.33 35.53 0.07
Car 0.00 0 -1.74 1366.00 438.00 1863.00 766.00 1.75 2.15 4.67 5.32 0.76 9.27 -1.22
Car 0.00 0 1.82 54.00 510.00 248.00 612.00 1.76 2.28 4.92 -13.39 1.72 25.21 1.33
Car 0.00 3 3.11 167.00 511.00 291.00 553.00 1.56 2.37 4.55 -24.77 2.53 51.96 2.67
