Car 0.00 3 -3.60 1390.00 495.00 1650.00 566.00 1.37 1.77 4.38 14.23 1.23 25.91 -3.10
Car 0.00 3 2.68 1271.00 490.00 1473.00 549.00 1.52 1.88 4.64 14.65 1.32 33.81 3.09
Car 0.00 0 1.72 601.00 470.00 736.00 579.00 1.90 1.91 4.50 -2.94 0.99 24.31 1.60
Car 0.00 3 2.65 1342.00 453.00 1637.00 565.00 2.41 2.15 5.59 14.98 0.87 28.55 3.13
Car 0.00 3 2.48 1550.00 476.00 1905.00 584.00 1.68 1.84 4.67 14.88 0.98 20.86 3.10
Car 0.00 3 -3.46 1177.00 490.00 1314.00 534.00 1.48 1.69 4.23 14.57 1.45 43.76 -3.14
Car 0.00 3 -3.42 1125.00 481.00 1245.00 524.00 1.80 1.86 4.62 15.37 1.38 53.91 -3.14
Car 0.00 3 2.70 1233.00 493.00 1400.00 545.00 1.56 1.86 4.43 15.13 1.50 38.81 3.07
Car 0.00 3 2.74 1247.00 494.00 1435.00 553.00 1.63 1.92 4.65 14.80 1.53 36.23 3.13
Car 0.00 3 -3.69 1465.00 492.00 1769.00 581.00 1.57 1.85 4.59 14.87 1.23 23.75 -3.13
