Car 0.00 3 -3.56 1209.00 448.00 1549.00 562.00 1.71 1.97 4.55 9.43 1.05 20.39 -3.13
Car 0.00 1 -0.33 1127.00 455.00 1360.00 532.00 1.47 1.84 4.05 9.20 1.10 25.68 0.01
Car 0.00 3 0.39 97.00 458.00 379.00 539.00 1.51 1.93 4.78 -10.85 1.18 25.21 -0.01
Car 0.00 0 3.59 -4.00 417.00 318.00 525.00 1.82 2.04 4.79 -11.27 0.59 22.89 3.13
Car 0.00 3 -3.43 1080.00 466.00 1280.00 531.00 1.41 1.88 4.03 9.02 1.38 29.21 -3.13
Car 0.00 3 3.36 424.00 434.00 548.00 478.00 1.67 1.89 4.36 -11.61 0.70 49.01 3.13
Car 0.00 0 2.59 1250.00 462.00 1651.00 586.00 1.60 2.12 4.50 9.13 1.15 17.63 3.07
Car 0.00 3 -3.51 1166.00 468.00 1436.00 553.00 1.42 1.92 4.12 9.27 1.28 23.01 -3.13
Car 0.00 0 -0.31 1059.00 458.00 1263.00 522.00 1.52 1.84 4.58 9.36 1.29 31.81 -0.02
Car 0.00 3 3.49 182.00 452.00 422.00 524.00 1.52 2.05 4.53 -10.65 1.09 28.01 3.13
Car 0.00 3 0.29 395.00 453.00 542.00 500.00 1.51 2.05 4.49 -10.89 1.31 43.49 0.04
Car 0.00 3 3.44 260.00 436.00 457.00 521.00 2.14 2.22 4.45 -11.25 1.05 33.43 3.11
