Car 0.00 3 -0.29 977.00 401.00 1390.00 567.00 1.84 1.91 4.34 4.60 0.51 15.13 0.01
Car 0.00 3 -2.69 16.00 412.00 412.00 537.00 1.64 1.96 4.75 -8.00 0.49 17.98 -3.11
Car 0.00 0 -0.83 1376.00 440.00 3605.00 1096.00 1.53 1.83 4.45 4.50 0.79 3.97 0.02
Car 0.00 3 -0.18 921.00 433.00 1152.00 511.00 1.52 1.97 4.37 5.06 0.67 26.04 0.02
Car 0.00 3 2.92 891.00 432.00 1120.00 502.00 1.51 1.92 4.81 4.89 0.64 28.70 3.09
Car 0.00 3 2.73 968.00 392.00 1711.00 664.00 1.84 1.97 4.79 3.94 0.62 9.62 3.12
Car 0.00 3 0.67 -646.00 391.00 219.00 648.00 1.74 2.02 5.10 -7.39 0.56 9.75 0.02
Car 0.00 0 -0.12 817.00 419.00 942.00 471.00 2.29 2.00 5.43 4.17 0.31 57.18 -0.05
Car 0.00 0 -1.02 -443.00 292.00 622.00 961.00 1.83 2.08 4.06 -2.33 0.51 5.62 -1.41
Car 0.00 3 3.74 -401.00 382.00 185.00 588.00 1.82 1.82 4.37 -8.46 0.42 12.24 3.13
Car 0.00 3 -0.28 975.00 399.00 1322.00 537.00 1.83 1.90 4.35 4.98 0.40 17.85 -0.01
Car 0.00 0 -0.59 1039.00 304.00 2330.00 772.00 2.13 2.11 5.57 4.39 0.47 6.88 -0.03
