Car 0.00 0 -3.79 1351.00 432.00 2777.00 887.00 1.73 2.09 4.84 5.55 0.66 6.33 -3.07
Car 0.00 3 -0.56 1519.00 487.00 1763.00 569.00 1.55 2.01 3.83 17.45 0.74 26.94 0.02
Car 0.00 3 -3.33 1097.00 477.00 1384.00 591.00 1.65 1.96 4.10 6.80 0.65 20.73 -3.01
Car 0.00 3 -3.23 973.00 475.00 1067.00 514.00 1.75 2.04 4.30 9.91 0.15 61.82 -3.08
Car 0.00 1 -3.45 1134.00 481.00 1568.00 626.00 1.55 2.06 4.52 6.47 0.70 15.80 -3.06
Car 0.00 0 -3.24 980.00 475.00 1094.00 517.00 1.72 2.23 4.75 9.78 0.17 56.41 -3.07
Car 0.00 2 -3.55 1168.00 496.00 1686.00 652.00 1.36 2.10 4.38 6.18 0.80 13.28 -3.12
Car 0.00 3 -0.46 1464.00 487.00 1681.00 558.00 1.47 1.92 3.82 17.43 0.69 29.34 0.07
Car 0.00 3 -0.29 1203.00 486.00 1324.00 524.00 1.53 2.12 4.55 19.58 0.58 55.63 0.05
Car 0.00 3 -3.63 1597.00 486.00 1750.00 534.00 1.80 2.03 4.74 34.93 0.74 51.74 -3.04
Car 0.00 3 -3.33 1029.00 479.00 1278.00 557.00 1.50 2.20 4.90 7.27 0.55 27.78 -3.07
Car 0.00 3 -3.43 1102.00 488.00 1467.00 606.00 1.47 2.09 4.52 6.63 0.75 18.38 -3.08
Car 0.00 3 -3.33 1068.00 479.00 1347.00 579.00 1.62 2.08 4.51 7.02 0.64 23.16 -3.04
