Car 0.00 3 -0.54 1577.00 497.00 1793.00 570.00 1.89 1.90 4.74 24.31 1.76 35.61 0.06
Car 0.00 0 -3.74 1495.00 492.00 2054.00 654.00 1.58 2.08 4.69 10.50 1.09 14.21 -3.11
Car 0.00 2 -3.56 1283.00 456.00 1658.00 596.00 2.02 2.15 4.83 10.07 0.84 19.95 -3.09
Car 0.00 3 -0.44 1247.00 463.00 1605.00 586.00 2.00 2.14 5.31 10.52 0.93 22.30 -0.00
Car 0.00 3 -3.51 1188.00 467.00 1457.00 564.00 1.96 2.15 5.09 10.88 0.97 27.77 -3.14
Car 0.00 2 -3.63 1370.00 479.00 1833.00 624.00 1.75 2.15 4.91 10.32 1.04 17.04 -3.09
Car 0.00 3 -3.51 1196.00 456.00 1511.00 562.00 1.91 2.50 5.23 10.36 0.74 25.03 -3.11
Car 0.00 3 -3.39 1130.00 472.00 1314.00 543.00 1.90 2.13 4.63 11.32 1.06 36.13 -3.09
Car 0.00 3 -3.41 1165.00 466.00 1412.00 554.00 1.96 2.44 5.20 11.17 0.94 30.70 -3.06
Car 0.00 3 -3.39 1105.00 477.00 1273.00 533.00 1.60 2.15 4.61 11.19 1.07 38.98 -3.11
Car 0.00 3 -0.17 1054.00 467.00 1192.00 521.00 1.98 2.40 4.94 11.70 0.94 49.76 0.06
