Car 0.00 0 1.87 281.00 420.00 461.00 517.00 1.70 2.11 4.58 -8.18 0.60 25.37 1.56
Car 0.00 1 1.85 428.00 428.00 553.00 506.00 1.80 1.82 4.81 -7.56 0.75 32.74 1.63
Car 0.00 0 -0.68 1415.00 390.00 2215.00 698.00 2.07 2.28 4.59 7.95 0.78 10.18 -0.02
Car 0.00 3 -0.65 1524.00 467.00 1759.00 555.00 1.83 1.94 4.16 19.78 1.67 29.33 -0.05
Car 0.00 3 -0.22 979.00 446.00 1149.00 502.00 1.50 1.89 4.58 8.14 1.05 37.33 -0.00
Car 0.00 3 2.56 1329.00 424.00 1877.00 632.00 1.81 1.96 4.25 8.04 0.86 12.75 3.12
Car 0.00 3 2.76 1117.00 453.00 1419.00 557.00 1.53 1.96 4.28 7.98 1.09 21.21 3.12
Car 0.00 2 -0.51 1244.00 421.00 1718.00 603.00 1.96 2.14 4.66 8.42 0.87 15.65 -0.02
Car 0.00 0 2.13 -210.00 427.00 220.00 600.00 1.54 1.77 4.61 -8.26 0.74 13.98 1.59
Car 0.00 3 2.71 1159.00 428.00 1544.00 569.00 1.82 2.10 4.67 8.15 0.86 18.57 3.12
Car 0.00 3 2.84 1040.00 439.00 1284.00 526.00 1.63 1.94 4.53 7.83 0.92 26.63 3.12
Car 0.00 3 2.91 1002.00 441.00 1178.00 507.00 1.64 1.88 4.35 8.28 0.98 34.78 3.14
Car 0.00 2 1.79 499.00 429.00 597.00 492.00 1.87 2.00 5.19 -7.77 0.74 41.56 1.61
Car 0.00 0 1.74 567.00 439.00 632.00 479.00 1.57 1.86 4.75 -7.80 0.89 53.00 1.59
