Car 0.00 2 -0.55 1418.00 459.00 2042.00 659.00 1.68 1.73 4.55 8.28 0.78 11.82 0.06
Car 0.00 3 -0.37 1258.00 458.00 1620.00 584.00 1.86 1.83 4.83 9.58 0.78 19.92 0.08
Car 0.00 3 -0.46 1334.00 447.00 1907.00 632.00 1.89 1.94 5.23 8.83 0.74 14.37 0.09
Car 0.00 3 -0.38 1362.00 493.00 1480.00 529.00 1.46 1.76 4.25 25.72 1.76 54.32 0.06
Car 0.00 1 1.69 770.00 476.00 818.00 513.00 2.00 2.06 5.71 -1.83 1.39 72.10 1.66
Car 0.00 3 -3.32 1062.00 485.00 1174.00 520.00 1.38 1.79 4.33 12.26 1.36 52.89 -3.09
Car 0.00 3 -3.45 1262.00 481.00 1561.00 576.00 1.59 1.74 4.56 10.43 1.02 22.62 -3.02
Car 0.00 3 -3.35 1097.00 475.00 1272.00 534.00 1.72 1.89 4.92 11.05 1.04 38.96 -3.07
Car 0.00 2 -3.40 1147.00 476.00 1347.00 546.00 1.79 1.88 4.77 11.27 1.08 33.82 -3.08
Car 0.00 3 -0.10 1093.00 477.00 1232.00 532.00 1.84 1.81 4.59 11.88 1.22 44.54 0.16
Car 0.00 3 -0.18 1064.00 477.00 1179.00 520.00 1.82 1.66 4.67 12.95 1.25 55.18 0.05
Car 0.00 3 -0.20 1084.00 480.00 1218.00 528.00 1.72 1.81 4.64 12.21 1.27 47.36 0.05
