Car 0.00 3 0.22 503.00 436.00 617.00 473.00 1.51 1.86 4.46 -9.59 0.72 53.70 0.04
Car 0.00 0 2.66 1214.00 457.00 1521.00 552.00 1.64 2.01 4.75 10.61 1.20 23.30 3.09
Car 0.00 3 -2.93 518.00 445.00 631.00 482.00 1.60 1.89 4.64 -9.39 1.12 56.18 -3.10
Car 0.00 3 0.26 443.00 435.00 584.00 482.00 1.49 1.84 4.30 -9.15 0.69 42.48 0.04
Car 0.00 2 -2.49 -413.00 395.00 81.00 565.00 1.78 2.07 4.11 -10.77 0.47 14.54 -3.13
Car 0.00 1 -3.75 1541.00 477.00 1815.00 562.00 2.11 2.18 5.79 23.70 2.14 33.75 -3.14
Car 0.00 2 2.77 1133.00 461.00 1368.00 531.00 1.51 2.02 4.67 10.57 1.31 29.02 3.12
Car 0.00 2 -0.21 975.00 448.00 1082.00 487.00 1.72 1.85 4.37 10.74 1.31 56.33 -0.02
Car 0.00 3 -0.59 1504.00 496.00 1699.00 549.00 1.41 2.07 4.34 23.59 2.44 36.68 -0.01
Car 0.00 3 -2.72 174.00 430.00 420.00 506.00 1.48 1.81 4.33 -9.98 0.61 25.93 -3.08
Car 0.00 0 2.91 997.00 447.00 1125.00 495.00 1.77 1.95 4.42 10.40 1.24 48.08 3.12
Car 0.00 3 -3.44 1094.00 460.00 1282.00 511.00 1.34 2.05 4.55 11.00 1.29 34.84 -3.13
Car 0.00 3 0.20 536.00 442.00 641.00 479.00 1.63 2.04 4.46 -9.20 1.05 58.86 0.04
Car 0.00 3 2.95 957.00 447.00 1053.00 481.00 1.58 1.77 4.40 10.70 1.28 62.17 3.12
