Car 0.00 3 -3.42 1163.00 480.00 1387.00 565.00 1.86 1.99 4.51 10.29 1.20 29.02 -3.08
Car 0.00 3 0.46 -27.00 457.00 331.00 585.00 2.00 2.17 4.76 -11.11 0.82 20.94 -0.02
Car 0.00 3 0.47 125.00 483.00 404.00 571.00 1.56 2.05 4.38 -10.61 1.06 23.88 0.05
Car 0.00 3 3.61 -90.00 487.00 274.00 607.00 1.62 1.83 4.14 -10.47 1.08 18.11 3.08
Car 0.00 3 3.44 325.00 474.00 536.00 549.00 1.82 1.91 4.78 -10.08 1.05 32.11 3.14
Car 0.00 3 -2.38 -613.00 429.00 48.00 652.00 2.00 1.95 4.93 -10.81 0.65 12.47 -3.09
Car 0.00 3 -0.22 1078.00 483.00 1207.00 543.00 2.00 1.98 3.95 10.82 1.46 43.12 0.02
Car 0.00 3 0.38 289.00 480.00 503.00 556.00 1.67 1.77 4.38 -10.02 1.10 29.35 0.05
Car 0.00 3 0.62 -307.00 445.00 293.00 626.00 2.00 2.30 5.87 -9.98 0.75 15.36 0.05
Car 0.00 3 0.41 222.00 485.00 479.00 565.00 1.58 2.15 4.62 -10.03 1.14 26.67 0.05
Car 0.00 3 0.34 393.00 473.00 601.00 548.00 2.00 2.15 5.17 -9.17 1.11 35.13 0.09
