Car 0.00 0 -2.13 1376.00 434.00 1977.00 707.00 1.72 1.70 4.77 6.51 0.69 10.45 -1.58
Car 0.00 0 -1.57 708.00 479.00 773.00 531.00 1.74 2.19 4.52 -3.12 1.25 45.27 -1.64
Car 0.00 3 -0.56 1383.00 480.00 1680.00 581.00 1.89 1.92 5.06 14.46 1.22 25.89 -0.05
Car 0.00 1 -1.71 802.00 485.00 880.00 531.00 1.49 2.16 4.39 0.44 1.33 44.36 -1.70
Car 0.00 0 -1.97 1207.00 478.00 1491.00 615.00 1.53 1.73 4.67 6.69 0.92 16.68 -1.59
Car 0.00 1 -1.75 852.00 462.00 985.00 546.00 2.00 2.46 6.12 2.32 0.90 33.82 -1.68
Car 0.00 0 2.20 -218.00 513.00 54.00 620.00 1.73 1.80 4.56 -16.95 1.73 23.72 1.58
Car 0.00 0 1.82 212.00 502.00 307.00 558.00 1.65 1.75 4.39 -18.31 1.91 40.65 1.40
Car 0.00 0 1.97 110.00 519.00 254.00 582.00 1.45 1.75 4.62 -17.19 2.10 33.68 1.50
Car 0.00 0 -1.53 726.00 482.00 817.00 552.00 1.54 2.00 4.29 -1.27 1.11 30.63 -1.57
Car 0.00 0 -1.72 880.00 467.00 1015.00 571.00 1.84 1.95 4.70 2.30 0.93 25.13 -1.63
Car 0.00 0 -1.94 1097.00 483.00 1292.00 571.00 1.36 1.73 4.65 6.42 0.96 22.45 -1.66
