Car 0.00 2 -0.54 1132.00 381.00 2012.00 718.00 1.84 1.91 4.34 4.61 0.63 7.93 -0.02
Car 0.00 3 3.80 -628.00 426.00 144.00 647.00 1.64 1.96 4.75 -8.19 0.75 10.43 3.14
Car 0.00 2 -0.28 951.00 442.00 1280.00 550.00 1.52 1.97 4.37 4.79 0.84 18.86 -0.03
Car 0.00 3 2.85 902.00 448.00 1213.00 543.00 1.51 1.92 4.81 4.51 0.94 21.44 3.06
Car 0.00 0 2.06 1432.00 177.00 6374.00 1984.00 1.84 1.97 4.79 4.10 0.67 2.38 3.10
Car 0.00 1 3.27 558.00 439.00 668.00 477.00 1.80 2.23 5.12 -8.51 0.99 62.31 3.14
Car 0.00 0 -0.10 795.00 429.00 937.00 488.00 2.29 2.00 5.43 3.09 0.80 50.00 -0.04
Car 0.00 0 -2.41 414.00 432.00 617.00 520.00 1.83 2.08 4.06 -6.04 0.81 28.11 -2.62
Car 0.00 3 -0.45 1085.00 397.00 1706.00 636.00 1.83 1.90 4.35 4.93 0.62 10.70 -0.02
Car 0.00 2 -0.74 1295.00 361.00 2820.00 898.00 1.78 2.61 4.09 4.81 0.66 5.55 -0.02
