Car 0.00 3 -0.29 978.00 400.00 1391.00 567.00 1.84 1.91 4.34 4.60 0.51 15.13 0.01
Car 0.00 3 -2.69 16.00 413.00 412.00 536.00 1.64 1.96 4.75 -8.00 0.49 17.97 -3.11
Car 0.00 0 -0.83 1376.00 440.00 3608.00 1094.00 1.53 1.83 4.45 4.50 0.78 3.96 0.02
Car 0.00 3 -0.18 921.00 433.00 1152.00 510.00 1.52 1.97 4.37 5.06 0.66 26.04 0.02
Car 0.00 3 2.92 891.00 432.00 1120.00 501.00 1.51 1.92 4.81 4.90 0.63 28.70 3.09
Car 0.00 3 2.73 968.00 392.00 1710.00 663.00 1.84 1.97 4.79 3.93 0.62 9.62 3.12
Car 0.00 1 0.67 -646.00 392.00 218.00 648.00 1.74 2.02 5.10 -7.39 0.56 9.75 0.02
Car 0.00 0 -0.12 817.00 419.00 942.00 471.00 2.29 2.00 5.43 4.16 0.30 57.18 -0.05
Car 0.00 0 -1.17 89.00 342.00 710.00 753.00 1.83 2.08 4.06 -1.93 0.48 7.77 -1.41
Car 0.00 3 3.74 -402.00 383.00 185.00 589.00 1.82 1.82 4.37 -8.46 0.43 12.24 3.13
Car 0.00 3 -0.28 975.00 398.00 1322.00 536.00 1.83 1.90 4.35 4.99 0.39 17.85 -0.01
Car 0.00 0 -0.60 1039.00 303.00 2332.00 772.00 2.13 2.11 5.57 4.39 0.46 6.87 -0.03
