Car 0.00 3 1.71 419.00 498.00 496.00 548.00 1.56 1.76 4.89 -12.18 1.71 41.58 1.43
Car 0.00 0 -1.34 427.00 473.00 652.00 627.00 1.66 1.82 4.13 -3.42 0.91 15.71 -1.56
Car 0.00 2 3.04 210.00 512.00 333.00 551.00 1.54 2.04 4.60 -23.61 2.59 53.29 2.62
Car 0.00 3 -1.58 788.00 456.00 952.00 611.00 1.86 1.96 4.59 0.57 0.82 17.43 -1.55
Car 0.00 3 2.62 1442.00 445.00 1615.00 499.00 1.81 2.19 4.87 24.83 0.09 44.47 3.13
Car 0.00 0 -1.59 710.00 472.00 1045.00 713.00 1.47 2.06 4.81 0.34 0.81 10.18 -1.56
Car 0.00 0 -1.47 595.00 470.00 741.00 586.00 1.88 2.15 4.80 -2.78 1.01 23.07 -1.59
Car 0.00 3 -3.52 1399.00 444.00 1519.00 487.00 1.87 1.98 4.53 29.34 -0.19 58.25 -3.05
Car 0.00 2 0.37 878.00 470.00 1052.00 530.00 1.72 2.12 4.82 4.22 0.93 38.26 0.48
Car 0.00 0 -1.75 1366.00 445.00 1867.00 773.00 1.75 2.15 4.67 5.33 0.80 9.27 -1.22
