Car 0.00 3 2.56 1359.00 464.00 1473.00 503.00 1.88 2.15 4.79 29.48 0.67 62.73 3.00
Car 0.00 0 -2.14 1423.00 487.00 1698.00 585.00 1.43 1.76 4.51 11.94 1.01 20.79 -1.62
Car 0.00 0 -1.60 741.00 472.00 805.00 527.00 1.76 2.02 4.79 -1.86 0.97 42.22 -1.65
Car 0.00 3 2.86 902.00 472.00 1063.00 530.00 1.84 2.08 4.96 5.16 1.02 41.82 2.98
Car 0.00 0 2.77 1018.00 460.00 1300.00 563.00 1.96 1.99 5.10 6.62 0.81 25.23 3.03
Car 0.00 0 0.86 1557.00 467.00 1904.00 593.00 1.84 1.94 4.85 14.72 0.91 20.85 1.48
Car 0.00 0 0.33 161.00 468.00 427.00 547.00 1.59 2.25 4.72 -11.17 0.77 26.60 -0.06
Car 0.00 2 -0.35 1010.00 465.00 1244.00 554.00 1.92 1.87 4.76 6.70 0.85 28.22 -0.11
Car 0.00 0 1.02 1271.00 482.00 1403.00 540.00 1.55 1.82 3.66 14.49 1.14 35.74 1.40
Car 0.00 3 2.87 942.00 482.00 1117.00 539.00 1.59 1.98 4.67 5.85 1.15 36.49 3.03
Car 0.00 3 2.82 983.00 474.00 1194.00 549.00 1.75 1.89 4.74 6.39 1.00 30.87 3.03
