Car 0.00 3 1.17 1269.00 443.00 1368.00 498.00 2.00 1.87 4.84 19.39 0.05 49.62 1.54
Car 0.00 3 0.95 1585.00 428.00 1753.00 495.00 1.93 1.95 4.64 26.15 -0.23 39.11 1.54
Car 0.00 0 -1.11 662.00 455.00 996.00 621.00 1.67 1.95 5.03 0.27 0.71 15.35 -1.09
Car 0.00 0 1.21 1264.00 451.00 1351.00 504.00 1.69 1.48 3.83 16.46 0.27 43.06 1.57
Car 0.00 3 1.65 688.00 472.00 726.00 510.00 2.20 1.93 3.92 -7.16 1.27 75.38 1.55
Car 0.00 3 1.28 1134.00 458.00 1224.00 512.00 1.96 2.00 4.97 13.64 0.60 48.82 1.55
Car 0.00 3 1.25 1202.00 445.00 1299.00 501.00 2.00 2.00 5.07 16.41 0.13 48.74 1.57
Car 0.00 3 1.07 1400.00 441.00 1524.00 502.00 1.92 1.80 4.44 21.51 0.07 42.61 1.54
Car 0.00 0 -1.68 1003.00 471.00 1071.00 527.00 1.58 1.60 3.48 6.30 0.86 37.79 -1.51
Car 0.00 3 -1.67 957.00 469.00 1013.00 515.00 1.88 1.92 4.80 6.86 0.93 54.77 -1.55
Car 0.00 2 2.01 143.00 504.00 395.00 625.00 1.63 1.83 4.70 -8.80 1.42 20.31 1.61
Car 0.00 3 1.74 658.00 474.00 715.00 516.00 2.00 1.97 5.18 -6.93 1.22 62.57 1.63
Car 0.00 0 -2.18 1323.00 473.00 2556.00 983.00 1.53 1.89 4.76 4.38 0.82 6.26 -1.57
Car 0.00 3 -1.68 968.00 466.00 1029.00 516.00 1.83 1.82 4.53 6.61 0.81 48.56 -1.55
Car 0.00 1 -2.05 1399.00 445.00 1607.00 542.00 1.67 1.72 4.18 12.81 0.44 24.06 -1.56
Car 0.00 0 2.10 280.00 491.00 606.00 639.00 1.54 1.76 4.70 -4.59 1.08 15.89 1.81
Car 0.00 3 -1.64 932.00 468.00 964.00 501.00 1.96 1.63 3.87 7.50 0.92 77.79 -1.55
Car 0.00 3 -2.18 1581.00 430.00 1846.00 537.00 1.82 1.82 4.58 16.92 0.27 24.24 -1.57
Car 0.00 3 1.94 345.00 472.00 517.00 573.00 1.96 1.92 4.79 -8.44 1.06 27.25 1.64
Car 0.00 2 -1.75 978.00 464.00 1063.00 524.00 1.86 1.99 4.93 6.53 0.81 42.72 -1.60
