Car 0.00 3 1.20 1239.00 424.00 1326.00 473.00 2.00 1.87 4.84 19.69 -0.90 54.34 1.55
Car 0.00 0 0.03 -3.00 446.00 558.00 639.00 1.67 1.95 5.03 -5.55 0.65 13.25 -0.37
Car 0.00 0 1.24 1228.00 433.00 1302.00 480.00 1.69 1.48 3.83 16.71 -0.50 47.88 1.57
Car 0.00 3 1.27 1177.00 429.00 1261.00 479.00 2.00 2.00 5.07 16.70 -0.67 53.56 1.57
Car 0.00 0 -1.66 990.00 449.00 1048.00 498.00 1.58 1.60 3.48 6.54 0.11 42.86 -1.51
Car 0.00 3 1.93 309.00 477.00 486.00 570.00 1.63 1.83 4.70 -8.63 1.01 25.66 1.61
Car 0.00 0 -1.96 1151.00 450.00 1598.00 671.00 1.53 1.89 4.76 4.52 0.63 11.31 -1.58
Car 0.00 3 -1.98 1310.00 427.00 1464.00 506.00 1.67 1.72 4.18 12.96 -0.08 29.25 -1.56
Car 0.00 0 1.80 524.00 462.00 685.00 560.00 1.54 1.76 4.70 -3.86 0.65 22.60 1.63
Car 0.00 3 -1.64 932.00 448.00 961.00 479.00 1.96 1.63 3.87 7.89 -0.45 82.65 -1.54
Car 0.00 2 1.89 434.00 451.00 571.00 535.00 1.96 1.92 4.79 -8.22 0.53 32.26 1.64
