Car 0.00 3 -0.35 1144.00 436.00 1299.00 513.00 2.99 2.45 5.61 18.24 1.52 53.19 -0.02
Car 0.00 3 2.50 1336.00 400.00 1955.00 634.00 1.83 2.07 4.34 7.72 0.69 11.67 3.08
Car 0.00 2 2.36 1516.00 390.00 2389.00 700.00 1.77 2.07 4.28 7.84 0.69 8.82 3.08
Car 0.00 2 2.64 1101.00 434.00 1438.00 547.00 1.54 2.05 4.43 7.45 0.80 19.71 3.00
Car 0.00 2 1.72 514.00 428.00 578.00 470.00 1.52 1.76 4.75 -9.46 0.44 50.04 1.53
Car 0.00 3 -0.33 965.00 425.00 1147.00 500.00 1.76 2.01 4.20 7.03 0.65 33.20 -0.12
Car 0.00 3 -0.23 912.00 417.00 1067.00 485.00 2.02 2.10 4.61 6.60 0.43 41.42 -0.07
Car 0.00 3 -0.28 1009.00 420.00 1223.00 509.00 1.74 1.94 4.13 7.19 0.59 27.85 -0.03
Car 0.00 3 -0.23 1000.00 419.00 1239.00 512.00 2.00 2.15 5.17 7.95 0.66 30.53 0.03
Car 0.00 3 2.92 933.00 428.00 1106.00 492.00 1.64 2.17 4.50 6.67 0.63 36.49 3.10
