Car 0.00 0 1.78 509.00 485.00 622.00 542.00 1.36 2.03 4.29 -6.75 1.09 32.90 1.57
Car 0.00 2 -0.65 1479.00 443.00 2159.00 673.00 1.80 1.79 4.67 8.69 0.74 11.28 0.01
Car 0.00 0 1.75 582.00 463.00 667.00 522.00 2.00 2.06 5.71 -7.37 0.82 46.34 1.59
Car 0.00 3 2.83 1096.00 485.00 1315.00 553.00 1.38 1.79 4.33 8.42 1.08 28.06 3.12
Car 0.00 3 2.61 1302.00 460.00 1846.00 635.00 1.72 1.89 4.92 8.14 0.82 13.98 3.14
Car 0.00 2 -0.33 1216.00 459.00 1564.00 590.00 1.84 1.81 4.59 8.66 0.81 19.58 0.08
Car 0.00 2 -0.30 1089.00 468.00 1302.00 549.00 1.82 1.66 4.67 8.92 0.93 30.52 -0.02
Car 0.00 3 -0.38 1157.00 469.00 1455.00 574.00 1.72 1.81 4.64 8.50 0.90 22.47 -0.02
Car 0.00 3 2.80 1124.00 487.00 1365.00 569.00 1.50 1.63 4.26 8.31 1.14 25.15 3.12
Car 0.00 2 -0.15 998.00 478.00 1129.00 526.00 1.78 1.82 4.85 9.35 1.26 49.73 0.03
