Car 0.00 0 -3.68 1600.00 483.00 1807.00 539.00 1.56 1.93 4.72 26.33 0.57 37.72 -3.07
Car 0.00 0 -1.98 951.00 487.00 1128.00 573.00 1.59 1.97 4.42 4.46 0.73 26.12 -1.81
Car 0.00 1 -0.27 1066.00 489.00 1221.00 544.00 1.62 2.20 4.14 10.04 0.76 39.08 -0.02
Car 0.00 0 -0.35 1225.00 489.00 1406.00 540.00 1.49 2.21 4.70 15.32 0.69 39.06 0.03
Car 0.00 3 -0.10 961.00 488.00 1042.00 519.00 1.60 1.97 4.23 10.19 0.65 69.89 0.05
Car 0.00 0 -0.30 1162.00 489.00 1285.00 530.00 1.43 1.99 3.95 15.14 0.66 47.23 0.01
Car 0.00 3 -3.27 965.00 492.00 1063.00 524.00 1.54 1.96 4.55 9.78 0.81 62.83 -3.12
Car 0.00 3 -1.56 717.00 473.00 810.00 570.00 1.90 1.81 4.92 -1.10 0.59 27.61 -1.60
Car 0.00 3 -0.27 1053.00 487.00 1196.00 542.00 1.74 2.04 4.23 10.27 0.75 42.38 -0.03
Car 0.00 3 -0.33 1203.00 494.00 1338.00 538.00 1.40 2.03 3.80 15.21 0.79 42.58 0.01
