Car 0.00 3 0.08 699.00 481.00 815.00 527.00 1.68 2.09 4.37 -2.26 0.48 49.51 0.03
Car 0.00 3 -3.25 1024.00 485.00 1223.00 559.00 1.54 2.03 4.17 6.87 0.66 28.78 -3.01
Car 0.00 1 0.09 648.00 484.00 798.00 536.00 1.52 2.00 4.56 -2.89 0.56 39.96 0.02
Car 0.00 3 -3.23 949.00 487.00 1081.00 532.00 1.53 1.89 4.52 7.12 0.62 45.63 -3.08
Car 0.00 0 0.27 393.00 479.00 719.00 588.00 1.59 2.10 4.72 -4.07 0.63 20.33 0.07
Car 0.00 2 -3.23 961.00 488.00 1107.00 535.00 1.49 1.90 4.71 7.33 0.65 43.06 -3.06
Car 0.00 3 -0.44 1433.00 483.00 1686.00 562.00 1.62 2.12 4.31 16.33 0.65 28.04 0.09
Car 0.00 3 -0.58 1533.00 482.00 1853.00 579.00 1.65 2.33 4.26 16.04 0.68 23.39 0.02
Car 0.00 0 -3.37 1069.00 473.00 1417.00 595.00 1.63 2.19 4.47 6.15 0.58 18.78 -3.05
Car 0.00 3 -3.35 1039.00 484.00 1288.00 572.00 1.55 1.95 4.21 6.47 0.65 23.98 -3.09
Car 0.00 3 0.50 108.00 484.00 496.00 613.00 1.50 1.79 4.31 -6.57 0.68 16.40 0.12
Car 0.00 3 -3.36 1068.00 481.00 1346.00 583.00 1.60 1.95 4.17 6.55 0.65 21.61 -3.07
Car 0.00 3 -0.41 1333.00 479.00 1532.00 545.00 1.73 2.15 4.49 17.18 0.56 35.50 0.04
Car 0.00 3 -3.29 1001.00 485.00 1184.00 543.00 1.52 1.89 4.82 7.76 0.61 35.89 -3.08
