Car 0.00 3 0.25 403.00 486.00 563.00 548.00 1.64 1.70 4.59 -10.96 1.49 40.16 -0.02
Car 0.00 3 -0.45 1371.00 410.00 1561.00 488.00 2.15 2.15 4.86 20.41 -0.65 40.16 0.02
Car 0.00 3 -0.17 946.00 464.00 1076.00 515.00 1.58 1.75 4.42 6.77 0.71 46.34 -0.02
Car 0.00 3 -3.29 968.00 441.00 1172.00 527.00 1.90 1.94 4.91 6.30 0.36 32.92 -3.10
Car 0.00 2 2.29 1598.00 308.00 3168.00 829.00 1.69 1.91 4.67 6.48 0.38 5.69 3.14
Car 0.00 2 -2.77 354.00 483.00 533.00 551.00 1.69 1.97 4.63 -11.37 1.39 37.38 -3.07
Car 0.00 3 2.73 1084.00 421.00 1502.00 586.00 1.74 1.89 4.65 5.96 0.41 16.37 3.08
Car 0.00 1 -3.60 1233.00 424.00 1855.00 643.00 1.55 1.83 4.43 6.20 0.54 11.28 -3.10
Car 0.00 3 -0.46 1191.00 424.00 1667.00 594.00 1.51 1.88 4.30 6.54 0.41 13.96 -0.02
Car 0.00 2 -3.37 999.00 443.00 1261.00 536.00 1.51 1.69 4.79 6.03 0.39 25.24 -3.13
Car 0.00 0 -1.57 799.00 470.00 846.00 510.00 1.72 2.08 4.76 -0.17 0.95 60.89 -1.57
Car 0.00 3 2.82 1071.00 443.00 1338.00 552.00 1.60 1.69 4.09 6.56 0.47 22.03 3.11
Car 0.00 1 0.63 -256.00 499.00 170.00 644.00 1.55 1.68 4.50 -11.46 1.30 16.70 0.03
Car 0.00 3 2.92 949.00 459.00 1120.00 522.00 1.58 1.89 4.80 6.33 0.63 38.43 3.09
Car 0.00 3 -3.34 991.00 436.00 1204.00 528.00 1.88 1.83 4.64 6.44 0.29 30.16 -3.13
Car 0.00 3 -0.23 1002.00 447.00 1245.00 532.00 1.51 1.77 4.84 6.43 0.42 27.53 0.00
Car 0.00 3 3.74 -189.00 515.00 33.00 589.00 1.73 1.78 4.93 -25.81 2.31 35.87 3.11
