Car 0.00 3 -2.50 -110.00 458.00 239.00 564.00 1.58 1.80 4.72 -12.08 0.28 20.48 -3.03
Car 0.00 3 -2.69 244.00 473.00 450.00 539.00 1.50 1.70 4.36 -11.34 0.33 30.73 -3.04
Car 0.00 2 1.20 1460.00 449.00 1699.00 567.00 2.00 2.10 5.29 14.43 0.24 24.39 1.73
Car 0.00 3 2.03 52.00 446.00 227.00 537.00 2.10 1.91 4.93 -16.95 -0.04 32.02 1.54
Car 0.00 0 1.54 884.00 472.00 975.00 552.00 1.58 1.81 4.48 2.38 0.38 27.50 1.63
Car 0.00 3 -2.95 518.00 475.00 683.00 538.00 1.59 1.74 4.06 -5.72 0.38 33.83 -3.12
Car 0.00 3 1.41 1239.00 480.00 1372.00 564.00 1.46 1.69 4.43 9.35 0.51 24.52 1.78
Car 0.00 0 0.41 118.00 471.00 526.00 591.00 1.53 1.72 4.99 -6.74 0.51 17.58 0.04
Car 0.00 0 2.39 1157.00 470.00 1679.00 658.00 1.55 1.71 4.46 5.64 0.60 11.93 2.83
Car 0.00 0 -2.91 457.00 465.00 653.00 541.00 1.76 1.84 4.38 -6.32 0.26 30.99 -3.12
Car 0.00 3 0.65 -386.00 478.00 318.00 678.00 1.39 1.72 4.57 -6.59 0.61 10.10 0.08
Car 0.00 3 -2.80 301.00 466.00 500.00 528.00 1.58 1.69 4.78 -11.12 0.14 34.02 -3.12
