Car 0.00 3 -1.53 667.00 425.00 714.00 460.00 1.46 1.86 4.36 -4.14 0.20 54.96 -1.61
Car 0.00 1 0.63 -377.00 352.00 7.00 499.00 2.87 2.17 6.18 -19.92 -0.24 26.12 -0.03
Car 0.00 1 -1.34 400.00 423.00 493.00 480.00 1.56 1.70 4.17 -9.86 0.40 36.87 -1.60
Car 0.00 1 1.68 615.00 412.00 693.00 470.00 1.85 2.05 4.91 -4.37 0.12 42.36 1.58
Car 0.00 1 1.92 292.00 416.00 390.00 469.00 1.70 1.77 4.27 -15.05 0.17 42.88 1.58
Car 0.00 2 -1.27 359.00 420.00 459.00 472.00 1.64 1.89 4.52 -12.46 0.28 41.96 -1.56
Car 0.00 0 -1.46 492.00 421.00 579.00 482.00 1.65 1.96 4.31 -7.16 0.39 36.39 -1.65
Car 0.00 1 1.92 198.00 412.00 323.00 475.00 1.77 1.92 4.66 -15.52 0.18 37.51 1.53
Car 0.00 1 -1.48 582.00 424.00 664.00 480.00 1.53 1.93 4.46 -4.73 0.40 37.06 -1.60
Car 0.00 1 1.77 449.00 426.00 537.00 474.00 1.49 1.90 4.75 -9.64 0.39 41.79 1.55
