Car 0.00 3 -1.51 604.00 432.00 664.00 476.00 1.46 1.86 4.36 -5.37 0.58 44.87 -1.63
Car 0.00 1 -1.36 405.00 421.00 531.00 501.00 1.83 2.02 5.03 -7.84 0.57 31.55 -1.60
Car 0.00 1 -1.22 216.00 426.00 372.00 507.00 1.56 1.70 4.17 -10.29 0.59 26.71 -1.58
Car 0.00 1 1.75 526.00 417.00 642.00 496.00 1.85 2.05 4.91 -5.06 0.48 32.27 1.59
Car 0.00 1 2.00 110.00 424.00 257.00 494.00 1.70 1.77 4.27 -15.42 0.54 32.56 1.56
Car 0.00 2 -1.19 179.00 420.00 329.00 491.00 1.64 1.89 4.52 -13.24 0.44 31.70 -1.58
Car 0.00 0 -1.39 343.00 425.00 479.00 512.00 1.65 1.96 4.31 -7.67 0.61 26.20 -1.68
Car 0.00 1 2.04 -75.00 417.00 134.00 506.00 1.77 1.92 4.66 -16.17 0.50 27.30 1.51
Car 0.00 1 -1.43 473.00 430.00 595.00 509.00 1.53 1.93 4.46 -5.30 0.66 27.04 -1.63
Car 0.00 1 1.85 294.00 432.00 426.00 496.00 1.49 1.90 4.75 -10.55 0.64 31.59 1.52
