Car 0.00 0 -1.67 655.00 479.00 723.00 527.00 1.59 1.97 4.42 -4.57 0.37 44.92 -1.77
Car 0.00 0 -0.41 1019.00 483.00 1289.00 579.00 1.62 2.20 4.14 6.00 0.66 22.81 -0.16
Car 0.00 0 -0.55 1277.00 482.00 1588.00 569.00 1.49 2.21 4.70 11.27 0.59 23.38 -0.11
Car 0.00 2 2.50 1454.00 476.00 1650.00 545.00 1.88 1.84 4.62 20.86 0.52 35.97 3.03
Car 0.00 2 -0.13 814.00 479.00 919.00 519.00 1.60 1.97 4.23 2.09 0.31 53.37 -0.09
Car 0.00 0 -0.43 1126.00 485.00 1313.00 545.00 1.43 1.99 3.95 9.99 0.56 31.57 -0.12
Car 0.00 2 2.98 823.00 486.00 955.00 530.00 1.54 1.96 4.55 2.61 0.59 46.27 3.03
Car 0.00 2 -1.39 110.00 410.00 511.00 746.00 1.90 1.81 4.92 -3.48 0.48 9.73 -1.73
Car 0.00 3 -0.21 772.00 479.00 853.00 511.00 1.78 1.80 4.33 -0.24 0.21 72.74 -0.21
Car 0.00 0 2.45 1598.00 485.00 1821.00 551.00 1.55 1.89 4.31 22.14 0.63 31.48 3.07
Car 0.00 2 2.47 1516.00 485.00 1715.00 545.00 1.52 1.89 4.22 21.23 0.60 33.72 3.03
Car 0.00 3 -0.39 987.00 479.00 1223.00 570.00 1.74 2.04 4.23 5.83 0.64 25.88 -0.17
Car 0.00 3 -0.50 1215.00 492.00 1435.00 563.00 1.40 2.03 3.80 10.69 0.72 26.78 -0.12
Car 0.00 3 -0.16 800.00 485.00 892.00 519.00 1.56 1.75 4.12 1.38 0.48 59.68 -0.14
