Car 0.00 2 -3.67 1324.00 422.00 2188.00 712.00 1.61 1.95 4.26 5.90 0.61 8.48 -3.07
Car 0.00 2 -3.33 970.00 458.00 1169.00 545.00 2.06 2.27 4.77 6.34 0.82 33.22 -3.14
Car 0.00 2 -3.59 1149.00 399.00 1805.00 652.00 1.90 2.19 4.70 5.57 0.47 11.29 -3.13
Car 0.00 2 2.84 1064.00 458.00 1381.00 578.00 1.61 2.02 4.17 5.95 0.71 19.25 3.14
Car 0.00 1 -0.45 1157.00 436.00 1552.00 593.00 1.82 2.09 4.34 6.93 0.57 16.79 -0.05
Car 0.00 2 0.40 182.00 475.00 440.00 573.00 1.88 2.00 4.68 -10.99 1.13 26.96 0.01
Car 0.00 2 2.36 1523.00 380.00 2774.00 807.00 1.57 2.01 3.85 5.86 0.50 6.03 3.13
Car 0.00 3 2.87 1016.00 435.00 1297.00 564.00 2.25 2.37 4.79 6.36 0.57 24.63 3.13
Car 0.00 2 -2.62 103.00 485.00 364.00 585.00 1.73 1.89 4.13 -11.39 1.23 24.21 -3.06
Car 0.00 1 2.86 1024.00 446.00 1323.00 572.00 1.92 2.24 4.50 5.92 0.66 21.84 3.13
Car 0.00 1 2.73 1131.00 426.00 1609.00 615.00 1.81 2.14 4.36 5.90 0.54 14.06 3.13
Car 0.00 2 0.31 277.00 486.00 480.00 560.00 1.70 2.12 4.45 -11.49 1.33 32.39 -0.03
