Car 0.00 3 2.65 1285.00 469.00 1690.00 610.00 1.71 1.76 4.43 8.64 0.89 16.63 3.13
Car 0.00 3 -3.53 1206.00 483.00 1564.00 586.00 1.42 1.83 4.64 8.39 0.94 19.13 -3.12
Car 0.00 3 -3.43 1104.00 469.00 1356.00 556.00 1.79 2.01 4.95 8.90 0.93 27.94 -3.13
Car 0.00 0 1.96 164.00 421.00 464.00 610.00 2.35 2.04 5.62 -7.27 0.60 18.61 1.59
Car 0.00 2 -0.45 1165.00 456.00 1487.00 573.00 1.90 1.87 4.90 8.65 0.77 21.96 -0.07
Car 0.00 2 -3.71 1423.00 481.00 2128.00 691.00 1.64 1.86 4.82 8.23 0.96 11.27 -3.08
Car 0.00 3 -3.70 1361.00 489.00 1882.00 644.00 1.56 1.78 4.70 8.74 1.03 14.06 -3.14
Car 0.00 3 -2.08 1549.00 485.00 1675.00 529.00 1.52 1.83 4.69 28.65 1.31 45.89 -1.52
Car 0.00 3 -2.04 1465.00 478.00 1598.00 533.00 1.90 2.06 5.32 25.89 1.27 46.26 -1.53
Car 0.00 3 2.86 1084.00 469.00 1302.00 546.00 1.76 1.90 4.72 8.85 0.89 30.53 3.14
