Car 0.00 1 -0.52 1459.00 495.00 1648.00 553.00 1.54 1.77 4.42 20.94 1.53 36.19 0.00
Car 0.00 3 -0.37 1138.00 457.00 1444.00 567.00 1.82 1.89 4.78 8.23 0.73 22.50 -0.01
Car 0.00 3 -3.73 1560.00 500.00 1784.00 571.00 1.60 1.77 4.31 20.80 1.60 30.95 -3.14
Car 0.00 3 -0.47 1377.00 474.00 1556.00 542.00 2.00 1.96 4.58 19.93 1.18 39.14 0.00
Car 0.00 0 1.99 163.00 477.00 415.00 602.00 1.60 1.60 4.76 -7.81 0.94 18.77 1.60
Car 0.00 3 2.90 1036.00 476.00 1203.00 538.00 1.71 1.76 4.43 8.52 1.07 36.66 3.12
Car 0.00 3 -3.34 1017.00 482.00 1178.00 531.00 1.42 1.83 4.64 8.41 1.12 39.23 -3.13
Car 0.00 0 1.77 528.00 454.00 633.00 538.00 2.35 2.04 5.62 -7.43 0.77 38.40 1.58
Car 0.00 3 -3.42 1092.00 478.00 1331.00 554.00 1.57 1.85 4.79 8.58 1.01 28.22 -3.12
Car 0.00 3 -0.31 1113.00 476.00 1361.00 555.00 1.49 1.87 4.42 8.26 0.90 25.47 0.00
