Car 0.00 1 1.79 344.00 484.00 521.00 597.00 1.71 1.96 4.47 -6.67 1.14 21.72 1.49
Car 0.00 3 0.35 1211.00 470.00 1348.00 513.00 1.55 2.09 4.46 17.41 0.85 48.29 0.70
Car 0.00 2 -1.67 899.00 463.00 964.00 515.00 2.20 2.42 4.81 4.74 0.87 57.36 -1.59
Car 0.00 0 2.37 -3175.00 523.00 26.00 1677.00 1.44 1.77 4.55 -4.83 0.97 4.08 1.50
Car 0.00 0 1.90 2.00 491.00 392.00 694.00 1.64 2.06 4.77 -6.12 1.07 12.93 1.45
Car 0.00 3 -2.09 880.00 472.00 1073.00 558.00 1.66 1.92 4.92 3.13 0.95 27.37 -1.98
Car 0.00 1 -1.76 752.00 471.00 872.00 558.00 1.69 1.79 4.17 -0.41 0.94 27.17 -1.78
Car 0.00 3 -1.59 847.00 469.00 903.00 524.00 1.92 1.96 4.46 1.80 0.99 47.57 -1.55
Car 0.00 0 -1.76 829.00 475.00 1090.00 641.00 1.48 1.96 4.37 1.25 0.85 13.83 -1.67
Car 0.00 2 1.68 549.00 496.00 625.00 548.00 1.54 1.91 4.98 -7.76 1.64 40.98 1.49
Car 0.00 2 1.70 487.00 493.00 653.00 605.00 1.52 1.97 4.31 -3.92 1.15 19.83 1.51
