Car 0.00 0 -1.62 700.00 466.00 772.00 521.00 1.74 2.19 4.52 -3.12 0.79 42.50 -1.69
Car 0.00 3 -0.67 1547.00 470.00 1954.00 602.00 1.89 1.92 5.06 14.52 1.00 19.88 -0.04
Car 0.00 1 -1.73 801.00 475.00 891.00 526.00 1.49 2.16 4.39 0.56 0.94 40.06 -1.72
Car 0.00 0 -2.15 1395.00 471.00 1989.00 707.00 1.53 1.73 4.67 6.79 0.81 10.63 -1.58
Car 0.00 1 -1.77 861.00 447.00 1020.00 546.00 2.00 2.46 6.12 2.47 0.59 29.15 -1.69
Car 0.00 0 1.88 117.00 495.00 239.00 561.00 1.65 1.75 4.39 -17.99 1.56 34.98 1.41
Car 0.00 0 2.06 -39.00 511.00 157.00 589.00 1.45 1.75 4.62 -16.98 1.72 28.01 1.51
Car 0.00 0 -1.57 718.00 474.00 815.00 550.00 1.54 2.00 4.29 -1.35 0.90 28.22 -1.61
Car 0.00 0 -1.76 909.00 453.00 1100.00 593.00 1.84 1.95 4.70 2.55 0.74 19.17 -1.63
Car 0.00 0 -2.03 1192.00 482.00 1497.00 607.00 1.36 1.73 4.65 6.49 0.87 16.36 -1.65
