Car 0.00 3 -2.69 32.00 469.00 317.00 558.00 1.91 2.28 5.54 -14.14 1.72 29.45 -3.14
Car 0.00 3 -0.44 1149.00 434.00 1649.00 609.00 1.67 1.85 4.41 6.37 0.86 13.52 -0.00
Car 0.00 3 3.72 -285.00 461.00 132.00 592.00 2.00 2.19 5.49 -14.33 1.44 21.24 3.13
Car 0.00 3 3.31 450.00 469.00 586.00 513.00 1.91 2.32 6.00 -12.67 2.50 59.83 3.10
Car 0.00 3 -2.83 335.00 466.00 501.00 525.00 2.11 2.28 5.66 -14.08 2.20 48.42 -3.11
Car 0.00 3 -0.46 1071.00 454.00 1512.00 588.00 1.50 2.12 4.70 6.23 1.01 15.98 -0.08
Car 0.00 3 -2.77 229.00 470.00 422.00 537.00 2.00 2.27 5.33 -14.65 2.06 40.33 -3.11
Car 0.00 3 0.60 -489.00 453.00 74.00 614.00 1.79 2.43 5.15 -12.33 1.15 16.05 -0.05
Car 0.00 2 0.20 418.00 436.00 599.00 507.00 3.62 2.77 9.16 -14.93 1.81 68.31 -0.01
Car 0.00 3 -2.61 -152.00 462.00 222.00 576.00 1.96 2.31 5.67 -14.00 1.48 23.80 -3.14
Car 0.00 3 -2.93 455.00 478.00 569.00 518.00 1.66 2.05 4.66 -12.31 2.69 56.75 -3.14
Car 0.00 3 3.34 405.00 482.00 523.00 521.00 1.54 1.96 4.64 -13.83 2.72 54.31 3.09
Car 0.00 3 -2.73 162.00 474.00 382.00 546.00 1.83 2.23 5.16 -14.12 1.96 34.86 -3.11
Car 0.00 3 0.12 558.00 478.00 643.00 504.00 1.54 2.04 4.94 -11.40 3.24 77.67 -0.03
Car 0.00 3 -1.20 931.00 468.00 1027.00 506.00 1.48 2.20 5.04 8.03 2.00 52.30 -1.05
