Car 0.00 3 0.38 273.00 440.00 395.00 484.00 1.94 2.18 4.65 -22.29 -0.36 56.78 0.01
Car 0.00 3 -1.99 1367.00 476.00 1530.00 543.00 1.43 1.76 4.51 14.50 0.86 29.51 -1.53
Car 0.00 1 0.48 119.00 447.00 274.00 499.00 1.84 1.91 4.72 -23.05 0.11 45.94 0.01
Car 0.00 0 -3.21 1167.00 458.00 1457.00 562.00 1.76 2.02 4.79 8.82 0.68 23.18 -2.85
Car 0.00 3 2.88 998.00 461.00 1132.00 508.00 1.84 2.08 4.96 9.66 0.58 51.01 3.07
Car 0.00 1 2.84 1075.00 456.00 1281.00 531.00 1.96 1.99 5.10 9.63 0.63 34.58 3.12
Car 0.00 0 1.03 1472.00 466.00 1681.00 553.00 1.84 1.94 4.85 17.31 0.85 29.27 1.56
Car 0.00 3 0.63 -81.00 446.00 87.00 498.00 1.74 1.86 4.62 -28.41 0.07 43.28 0.05
Car 0.00 3 0.39 200.00 443.00 339.00 488.00 1.75 2.08 4.79 -22.82 -0.18 51.45 -0.03
Car 0.00 1 0.23 471.00 454.00 646.00 510.00 1.59 2.25 4.72 -7.96 0.34 37.53 0.03
Car 0.00 3 -0.28 1072.00 458.00 1250.00 526.00 1.92 1.87 4.76 9.90 0.65 37.32 -0.03
Car 0.00 3 2.90 1028.00 469.00 1169.00 515.00 1.59 1.98 4.67 9.86 0.78 45.64 3.12
Car 0.00 3 2.87 1057.00 464.00 1221.00 521.00 1.75 1.89 4.74 9.91 0.71 39.99 3.12
Car 0.00 2 0.62 -160.00 446.00 36.00 503.00 1.75 1.99 4.91 -28.69 0.15 40.55 0.00
Car 0.00 3 2.96 975.00 465.00 1079.00 498.00 1.52 2.00 4.61 9.52 0.53 59.83 3.12
