Car 0.00 3 -3.36 1100.00 479.00 1276.00 547.00 1.86 1.99 4.51 10.26 1.21 35.88 -3.08
Car 0.00 3 -3.67 1481.00 461.00 1732.00 553.00 2.71 2.30 6.24 23.79 1.12 38.41 -3.12
Car 0.00 0 -2.46 -436.00 457.00 132.00 645.00 1.90 2.07 4.70 -10.63 0.84 13.89 -3.11
Car 0.00 3 0.38 289.00 486.00 498.00 552.00 1.56 2.05 4.38 -10.55 1.17 30.74 0.05
Car 0.00 3 -2.59 -76.00 454.00 314.00 592.00 2.00 1.95 4.93 -10.77 0.78 19.32 -3.09
Car 0.00 3 -2.50 -235.00 486.00 168.00 611.00 1.54 1.83 4.10 -11.24 0.99 16.57 -3.09
Car 0.00 3 -0.19 1044.00 481.00 1153.00 533.00 2.00 1.98 3.95 10.81 1.45 49.99 0.02
Car 0.00 3 0.47 61.00 461.00 452.00 582.00 2.00 2.30 5.87 -9.95 0.88 22.21 0.05
Car 0.00 3 2.47 1595.00 509.00 1825.00 575.00 1.61 2.14 4.57 23.03 1.86 32.78 3.08
Car 0.00 3 0.34 350.00 487.00 549.00 549.00 1.58 2.15 4.62 -10.02 1.25 33.52 0.05
