Car 0.00 0 2.23 1513.00 515.00 2186.00 730.00 1.43 1.89 4.46 8.14 1.11 10.11 2.90
Car 0.00 1 2.80 831.00 482.00 1026.00 558.00 1.82 2.05 4.44 2.52 1.21 31.43 2.88
Car 0.00 3 -0.85 1463.00 519.00 1653.00 588.00 1.47 1.73 3.78 16.95 1.89 29.07 -0.32
Car 0.00 2 2.36 1323.00 509.00 1855.00 677.00 1.48 1.85 4.71 7.73 1.16 12.82 2.90
Car 0.00 3 2.95 749.00 495.00 883.00 537.00 1.45 1.82 4.50 -0.41 1.61 44.58 2.94
Car 0.00 3 -0.86 1549.00 511.00 1776.00 592.00 1.56 1.71 4.09 17.65 1.68 26.48 -0.27
Car 0.00 3 2.87 808.00 488.00 983.00 552.00 1.68 1.95 4.35 1.83 1.32 33.91 2.92
Car 0.00 3 3.04 623.00 492.00 686.00 514.00 1.58 1.81 4.40 -12.47 2.39 90.67 2.90
Car 0.00 1 2.54 1111.00 509.00 1466.00 623.00 1.47 1.93 4.51 6.61 1.31 18.07 2.89
Car 0.00 1 2.66 992.00 484.00 1307.00 601.00 1.80 1.95 4.67 5.29 1.14 20.70 2.91
Car 0.00 3 2.66 899.00 492.00 1118.00 574.00 1.59 1.71 4.13 3.73 1.24 25.80 2.80
Car 0.00 3 2.88 750.00 498.00 881.00 543.00 1.44 1.68 4.08 -0.39 1.65 41.93 2.87
Car 0.00 2 -0.22 696.00 482.00 835.00 534.00 1.98 2.08 5.24 -2.45 1.50 50.23 -0.27
Car 0.00 3 2.88 735.00 494.00 852.00 539.00 1.64 1.80 4.09 -1.25 1.74 47.39 2.85
Car 0.00 3 2.84 766.00 495.00 908.00 548.00 1.57 1.80 4.11 0.31 1.57 39.15 2.85
Car 0.00 3 -0.69 1338.00 511.00 1521.00 575.00 1.51 1.77 4.02 15.44 1.83 32.12 -0.24
