Car 0.00 0 -3.36 989.00 490.00 1213.00 559.00 1.33 1.91 4.35 6.02 0.68 27.14 -3.14
Car 0.00 3 -0.49 1442.00 481.00 1694.00 567.00 1.70 1.85 4.22 15.96 0.66 27.06 0.04
Car 0.00 2 -1.25 -161.00 467.00 175.00 617.00 1.47 1.84 4.76 -9.19 0.48 14.91 -1.80
Car 0.00 3 -0.52 1389.00 480.00 1590.00 551.00 1.52 1.75 3.71 15.53 0.53 29.32 -0.03
Car 0.00 1 -0.52 1269.00 450.00 2314.00 780.00 1.68 2.04 4.84 5.62 0.64 7.98 0.10
Car 0.00 2 -3.46 1097.00 480.00 1517.00 629.00 1.59 1.93 4.29 5.71 0.70 15.20 -3.10
Car 0.00 1 -3.85 1432.00 493.00 3101.00 954.00 1.49 2.02 4.71 5.56 0.80 5.55 -3.06
Car 0.00 2 2.87 977.00 483.00 1171.00 557.00 1.60 1.79 4.09 5.97 0.65 29.60 3.07
Car 0.00 0 1.65 427.00 463.00 532.00 547.00 1.65 1.83 4.36 -7.23 0.25 27.54 1.39
Car 0.00 3 -0.51 1558.00 483.00 1857.00 577.00 1.49 1.85 3.84 15.49 0.64 22.20 0.10
