Car 0.00 0 -2.00 1046.00 451.00 1229.00 553.00 1.61 1.64 3.96 5.52 0.56 22.73 -1.76
Car 0.00 0 -1.94 956.00 461.00 1112.00 545.00 1.67 1.84 4.59 4.57 0.72 28.36 -1.78
Car 0.00 0 1.83 176.00 504.00 266.00 558.00 1.76 1.85 4.36 -22.05 2.17 45.78 1.38
Car 0.00 0 -1.86 728.00 476.00 784.00 505.00 1.51 1.84 4.59 -3.99 1.15 70.06 -1.92
Car 0.00 3 2.56 1501.00 428.00 1698.00 492.00 1.58 1.95 4.33 21.84 -0.27 35.49 3.11
Car 0.00 1 2.37 1543.00 421.00 1908.00 540.00 1.54 1.95 4.36 13.69 0.15 19.21 2.99
Car 0.00 0 -2.05 1141.00 431.00 1436.00 573.00 1.64 1.87 4.57 6.22 0.42 17.54 -1.71
Car 0.00 3 2.62 1235.00 444.00 1458.00 533.00 1.84 1.91 4.45 12.27 0.42 29.69 3.01
Car 0.00 0 1.89 117.00 506.00 233.00 570.00 1.72 1.75 4.78 -20.34 2.07 39.34 1.41
Car 0.00 1 1.74 243.00 475.00 323.00 540.00 2.77 2.38 5.90 -25.22 1.72 58.36 1.33
Car 0.00 0 -1.76 776.00 467.00 835.00 509.00 1.81 1.80 4.96 -1.05 0.85 59.36 -1.78
Car 0.00 0 1.93 18.00 519.00 153.00 581.00 1.37 1.68 4.33 -19.94 2.11 33.93 1.40
Car 0.00 0 -1.69 657.00 476.00 736.00 529.00 1.54 2.00 4.29 -4.28 1.04 40.71 -1.79
Car 0.00 0 -1.81 915.00 466.00 1025.00 531.00 1.52 1.77 4.59 3.72 0.75 33.31 -1.70
Car 0.00 0 -1.15 -146.00 517.00 1.00 580.00 1.54 1.79 4.51 -26.33 2.25 36.89 -1.77
