Car 0.00 3 -2.43 -495.00 463.00 81.00 641.00 1.76 1.99 4.66 -11.01 0.84 13.60 -3.11
Car 0.00 3 -3.34 1066.00 479.00 1228.00 542.00 1.86 1.99 4.51 9.81 1.23 38.60 -3.09
Car 0.00 3 -3.65 1423.00 462.00 1652.00 547.00 2.71 2.30 6.24 23.32 1.12 41.31 -3.13
Car 0.00 0 -2.54 -247.00 461.00 219.00 618.00 1.90 2.07 4.70 -10.79 0.86 16.37 -3.12
Car 0.00 3 0.35 317.00 485.00 509.00 546.00 1.56 2.05 4.38 -10.89 1.18 33.22 0.03
Car 0.00 3 -2.64 15.00 457.00 356.00 578.00 2.00 1.95 4.93 -11.01 0.80 21.77 -3.11
Car 0.00 3 -0.18 1019.00 481.00 1121.00 529.00 2.00 1.98 3.95 10.21 1.46 52.73 0.01
Car 0.00 3 0.43 127.00 463.00 475.00 571.00 2.00 2.30 5.87 -10.21 0.89 24.69 0.03
Car 0.00 3 2.51 1521.00 507.00 1728.00 567.00 1.61 2.14 4.57 22.64 1.88 35.67 3.07
Car 0.00 3 0.32 370.00 486.00 553.00 543.00 1.58 2.15 4.62 -10.42 1.26 36.00 0.03
