Car 0.00 0 1.93 158.00 418.00 394.00 536.00 1.70 2.11 4.58 -8.33 0.60 21.14 1.55
Car 0.00 1 1.89 361.00 419.00 513.00 508.00 1.80 1.82 4.81 -7.75 0.56 28.51 1.62
Car 0.00 3 -0.24 994.00 439.00 1187.00 503.00 1.50 1.89 4.58 7.92 0.85 33.20 -0.01
Car 0.00 2 2.37 1553.00 417.00 2449.00 736.00 1.81 1.96 4.25 7.97 0.85 8.62 3.12
Car 0.00 3 2.69 1185.00 441.00 1571.00 570.00 1.53 1.96 4.28 7.86 0.87 17.09 3.12
Car 0.00 2 -0.65 1386.00 398.00 2072.00 651.00 1.96 2.14 4.66 8.33 0.73 11.53 -0.02
Car 0.00 0 2.29 -783.00 415.00 13.00 685.00 1.54 1.77 4.61 -8.34 0.69 9.77 1.59
Car 0.00 3 2.61 1250.00 421.00 1766.00 606.00 1.82 2.10 4.67 8.05 0.81 14.44 3.12
Car 0.00 2 2.79 1076.00 436.00 1370.00 539.00 1.63 1.94 4.53 7.67 0.86 22.50 3.12
Car 0.00 3 2.88 1021.00 437.00 1223.00 512.00 1.64 1.88 4.35 8.07 0.87 30.65 3.13
Car 0.00 2 1.81 455.00 420.00 568.00 490.00 1.87 2.00 5.19 -8.01 0.51 37.34 1.60
Car 0.00 2 3.21 593.00 427.00 647.00 449.00 1.53 1.90 3.81 -12.36 0.02 93.90 3.08
Car 0.00 0 1.75 541.00 431.00 613.00 475.00 1.57 1.86 4.75 -8.03 0.59 48.78 1.59
