Car 0.00 3 -0.29 976.00 400.00 1389.00 566.00 1.84 1.91 4.34 4.59 0.51 15.13 0.01
Car 0.00 3 -2.69 16.00 415.00 412.00 538.00 1.64 1.96 4.75 -8.02 0.52 17.99 -3.11
Car 0.00 0 -0.83 1375.00 440.00 3600.00 1091.00 1.53 1.83 4.45 4.50 0.78 3.97 0.02
Car 0.00 3 -0.18 921.00 433.00 1152.00 510.00 1.52 1.97 4.37 5.06 0.66 26.04 0.02
Car 0.00 3 2.92 890.00 432.00 1119.00 501.00 1.51 1.92 4.81 4.88 0.63 28.70 3.09
Car 0.00 3 2.73 969.00 392.00 1711.00 663.00 1.84 1.97 4.79 3.95 0.62 9.62 3.12
Car 0.00 2 0.67 -646.00 393.00 218.00 649.00 1.74 2.02 5.10 -7.39 0.57 9.75 0.02
Car 0.00 0 -0.12 817.00 419.00 942.00 471.00 2.29 2.00 5.43 4.16 0.31 57.18 -0.05
Car 0.00 3 3.73 -400.00 384.00 185.00 589.00 1.82 1.82 4.37 -8.46 0.44 12.25 3.13
Car 0.00 3 -0.28 974.00 399.00 1321.00 537.00 1.83 1.90 4.35 4.98 0.40 17.85 -0.01
Car 0.00 0 -0.59 1039.00 304.00 2325.00 768.00 2.13 2.11 5.57 4.39 0.46 6.92 -0.02
