Car 0.00 1 2.72 1159.00 468.00 1451.00 575.00 1.82 2.05 4.44 8.47 0.88 22.44 3.09
Car 0.00 3 -3.37 1037.00 485.00 1209.00 538.00 1.45 1.82 4.50 8.43 1.18 35.92 -3.13
Car 0.00 3 2.81 1127.00 475.00 1379.00 564.00 1.68 1.95 4.35 8.41 0.96 25.01 3.13
Car 0.00 3 3.04 882.00 481.00 950.00 505.00 1.58 1.81 4.40 5.93 1.53 83.49 3.11
Car 0.00 1 2.43 1504.00 465.00 2187.00 686.00 1.80 1.95 4.67 8.97 0.88 11.32 3.10
Car 0.00 3 2.53 1292.00 486.00 1663.00 615.00 1.59 1.71 4.13 8.58 1.02 16.66 3.01
Car 0.00 3 2.84 1045.00 485.00 1215.00 542.00 1.44 1.68 4.08 8.04 1.15 33.34 3.08
Car 0.00 2 -0.25 977.00 467.00 1148.00 529.00 1.98 2.08 5.24 7.82 0.92 41.78 -0.06
Car 0.00 3 2.85 1021.00 485.00 1168.00 540.00 1.64 1.80 4.09 8.27 1.29 38.82 3.06
Car 0.00 2 2.80 1063.00 482.00 1254.00 550.00 1.57 1.80 4.11 7.98 1.09 30.36 3.06
