Car 0.00 3 -1.71 953.00 474.00 1031.00 535.00 1.80 1.81 4.37 5.23 1.09 40.10 -1.58
Car 0.00 3 -1.66 966.00 481.00 1048.00 545.00 1.59 1.75 4.70 4.82 1.14 34.03 -1.51
Car 0.00 0 -1.51 695.00 478.00 784.00 546.00 1.67 2.05 4.69 -2.27 1.11 33.83 -1.57
Car 0.00 3 -1.62 911.00 475.00 952.00 513.00 2.04 2.00 5.00 5.87 1.34 70.79 -1.54
Car 0.00 2 -1.73 986.00 471.00 1103.00 556.00 1.73 1.87 4.38 4.83 0.95 28.38 -1.56
Car 0.00 3 1.95 351.00 498.00 439.00 545.00 1.98 2.01 5.01 -19.41 2.29 56.53 1.62
Car 0.00 0 1.81 510.00 493.00 585.00 537.00 1.62 1.85 4.40 -11.06 1.76 49.93 1.60
Car 0.00 0 1.88 410.00 470.00 504.00 541.00 2.87 2.15 6.15 -16.00 1.54 54.62 1.59
Car 0.00 0 -1.75 1015.00 464.00 1181.00 587.00 1.79 1.84 4.53 4.40 0.88 21.03 -1.55
Car 0.00 0 1.92 350.00 496.00 453.00 551.00 1.79 2.05 4.50 -15.18 1.88 44.98 1.59
