Car 0.00 1 1.06 1385.00 412.00 1665.00 535.00 2.00 2.16 5.47 12.98 0.10 23.84 1.56
Car 0.00 2 1.76 319.00 505.00 460.00 597.00 1.59 1.84 4.52 -8.72 1.56 25.39 1.43
Car 0.00 0 0.97 1577.00 420.00 1947.00 553.00 1.59 1.99 4.37 12.94 0.23 17.77 1.59
Car 0.00 1 -1.73 996.00 459.00 1100.00 539.00 2.00 2.03 4.95 6.12 0.79 35.18 -1.56
Car 0.00 1 -1.76 1063.00 463.00 1209.00 569.00 1.77 1.80 4.46 5.73 0.82 23.73 -1.52
Car 0.00 1 -1.88 1127.00 482.00 1350.00 600.00 1.44 1.74 4.22 5.72 0.93 17.96 -1.57
Car 0.00 3 -1.69 963.00 471.00 1030.00 520.00 1.69 1.93 4.51 6.39 0.95 47.63 -1.56
Car 0.00 0 1.74 509.00 468.00 690.00 609.00 1.74 1.75 4.55 -3.13 0.90 18.17 1.57
Car 0.00 0 -1.93 1223.00 483.00 1598.00 667.00 1.41 1.72 4.36 5.30 0.86 12.08 -1.52
Car 0.00 3 -1.71 976.00 479.00 1053.00 528.00 1.49 1.91 4.25 6.19 1.08 41.74 -1.56
Car 0.00 0 2.23 -1532.00 433.00 364.00 1375.00 1.62 1.75 4.27 -3.31 0.80 4.36 1.58
Car 0.00 3 1.83 501.00 485.00 609.00 558.00 2.00 1.88 5.27 -8.19 1.51 38.33 1.62
Car 0.00 3 1.74 596.00 484.00 662.00 535.00 1.88 1.82 4.48 -7.85 1.53 50.05 1.58
