Car 0.00 3 0.08 696.00 491.00 815.00 537.00 1.68 2.09 4.37 -2.30 0.86 48.69 0.04
Car 0.00 3 -3.25 1041.00 495.00 1250.00 571.00 1.54 2.03 4.17 7.06 0.87 27.54 -3.00
Car 0.00 1 0.10 635.00 495.00 791.00 547.00 1.52 2.00 4.56 -3.11 0.88 38.74 0.02
Car 0.00 3 -3.24 955.00 496.00 1090.00 542.00 1.53 1.89 4.52 7.21 0.96 44.61 -3.08
Car 0.00 0 0.29 363.00 489.00 708.00 605.00 1.59 2.10 4.72 -4.16 0.80 19.29 0.07
Car 0.00 2 -3.23 965.00 498.00 1114.00 545.00 1.49 1.90 4.71 7.33 0.97 42.07 -3.06
Car 0.00 3 0.10 658.00 492.00 804.00 546.00 1.66 1.82 4.58 -2.75 0.87 41.44 0.03
Car 0.00 3 -0.45 1455.00 490.00 1719.00 571.00 1.62 2.12 4.31 16.33 0.80 27.03 0.09
Car 0.00 3 -0.44 1439.00 495.00 1674.00 570.00 1.62 2.08 4.22 17.08 0.93 29.42 0.09
Car 0.00 3 -0.60 1566.00 491.00 1905.00 593.00 1.65 2.33 4.26 16.04 0.84 22.31 0.02
Car 0.00 0 -3.37 1077.00 485.00 1444.00 613.00 1.63 2.19 4.47 6.07 0.75 17.83 -3.04
Car 0.00 3 -3.37 1060.00 493.00 1324.00 586.00 1.55 1.95 4.21 6.67 0.83 22.84 -3.09
Car 0.00 3 0.53 47.00 492.00 470.00 632.00 1.50 1.79 4.31 -6.57 0.78 15.17 0.12
Car 0.00 3 -3.38 1076.00 495.00 1370.00 602.00 1.60 1.95 4.17 6.48 0.88 20.57 -3.07
Car 0.00 3 -0.43 1348.00 489.00 1552.00 556.00 1.73 2.15 4.49 17.19 0.81 34.53 0.04
Car 0.00 3 -0.33 1244.00 490.00 1401.00 545.00 1.77 2.40 4.46 17.38 0.88 43.68 0.05
Car 0.00 3 -3.28 988.00 495.00 1176.00 554.00 1.52 1.89 4.82 7.22 0.87 34.77 -3.08
Car 0.00 3 -0.44 1386.00 492.00 1602.00 562.00 1.66 2.02 4.33 17.03 0.88 32.00 0.05
