Car 0.00 2 -3.63 1406.00 491.00 1629.00 572.00 1.74 1.78 4.21 16.36 0.92 29.68 -3.12
Car 0.00 0 0.97 -2034.00 409.00 143.00 1179.00 1.53 1.74 4.23 -4.54 0.64 3.70 0.08
Car 0.00 0 -0.33 1292.00 490.00 1467.00 548.00 1.54 1.88 4.28 16.40 0.81 37.05 0.09
Car 0.00 0 -3.69 1407.00 490.00 2093.00 725.00 1.68 1.75 4.37 7.58 0.89 10.65 -3.08
Car 0.00 3 1.95 972.00 466.00 1035.00 501.00 1.83 2.04 4.20 10.59 -0.41 71.50 2.10
Car 0.00 3 2.24 1130.00 477.00 1220.00 513.00 1.65 1.90 4.59 18.09 0.21 63.74 2.51
Car 0.00 0 -3.38 1075.00 482.00 1279.00 557.00 1.60 1.81 4.27 8.42 0.64 29.83 -3.11
Car 0.00 3 2.25 1091.00 485.00 1170.00 518.00 1.57 1.83 4.00 16.33 0.53 65.73 2.49
Car 0.00 0 3.54 -150.00 430.00 556.00 710.00 1.84 1.84 4.47 -4.44 0.57 9.74 3.11
Car 0.00 3 -0.66 1506.00 501.00 1643.00 554.00 1.76 1.82 3.95 27.33 1.29 45.71 -0.12
