Car 0.00 3 0.23 385.00 487.00 536.00 542.00 1.64 1.70 4.59 -12.42 1.49 42.74 -0.05
Car 0.00 3 -0.59 1541.00 415.00 1735.00 473.00 1.84 2.28 5.68 30.24 -0.93 46.82 -0.02
Car 0.00 3 -0.42 1287.00 428.00 1455.00 497.00 2.15 2.15 4.86 18.99 -0.24 43.84 -0.01
Car 0.00 3 -0.16 896.00 471.00 1016.00 517.00 1.58 1.75 4.42 5.08 0.94 49.61 -0.05
Car 0.00 3 2.49 1313.00 404.00 2164.00 704.00 1.69 1.91 4.67 6.22 0.53 8.95 3.10
Car 0.00 2 -2.80 341.00 482.00 509.00 543.00 1.69 1.97 4.63 -12.74 1.33 39.93 -3.10
Car 0.00 3 2.78 1007.00 442.00 1347.00 574.00 1.74 1.89 4.65 5.35 0.57 19.52 3.05
Car 0.00 2 -3.51 1117.00 451.00 1573.00 613.00 1.55 1.83 4.43 5.81 0.68 14.47 -3.13
Car 0.00 3 -0.39 1088.00 446.00 1458.00 579.00 1.51 1.88 4.30 5.99 0.56 17.14 -0.06
Car 0.00 2 2.93 946.00 456.00 1174.00 535.00 1.51 1.69 4.79 5.22 0.56 28.43 3.12
Car 0.00 0 -0.85 1560.00 294.00 2927.00 804.00 1.88 1.91 4.56 6.45 0.32 6.13 -0.04
Car 0.00 0 -1.56 755.00 472.00 802.00 512.00 1.72 2.08 4.76 -2.26 1.04 59.28 -1.60
Car 0.00 1 0.56 -150.00 492.00 215.00 612.00 1.55 1.68 4.50 -12.11 1.22 19.29 -0.00
Car 0.00 3 -0.70 1589.00 403.00 1913.00 518.00 1.94 2.08 4.81 17.90 -0.17 24.43 -0.07
Car 0.00 3 2.94 897.00 468.00 1053.00 523.00 1.58 1.89 4.80 4.88 0.84 41.61 3.05
Car 0.00 3 2.96 934.00 448.00 1124.00 529.00 1.88 1.83 4.64 5.33 0.48 33.35 3.12
Car 0.00 3 -0.21 943.00 459.00 1157.00 532.00 1.51 1.77 4.84 5.41 0.62 30.72 -0.03
Car 0.00 3 -0.63 1489.00 414.00 1756.00 506.00 1.88 2.15 4.98 18.91 -0.22 29.91 -0.07
Car 0.00 3 3.70 -176.00 505.00 35.00 572.00 1.73 1.78 4.93 -27.11 2.04 37.98 3.08
