Car 0.00 2 -3.50 1132.00 437.00 1561.00 611.00 2.06 2.27 4.77 6.78 0.70 16.86 -3.11
Car 0.00 2 -3.80 1376.00 328.00 2427.00 749.00 2.25 2.37 4.79 6.58 0.41 8.27 -3.13
Car 0.00 1 -3.96 1541.00 309.00 3236.00 894.00 1.92 2.24 4.50 6.07 0.48 5.50 -3.13
Car 0.00 2 -3.47 1100.00 462.00 1460.00 591.00 1.76 2.20 4.74 6.87 0.86 19.44 -3.13
Car 0.00 2 0.58 -254.00 484.00 196.00 632.00 1.70 2.12 4.45 -11.07 1.10 16.49 -0.01
Car 0.00 2 0.64 -407.00 485.00 115.00 661.00 1.66 2.04 4.07 -10.38 1.06 13.64 -0.01
Car 0.00 2 -0.91 -137.00 505.00 96.00 592.00 1.67 1.82 4.54 -18.45 1.66 27.58 -1.50
Car 0.00 1 0.48 2.00 469.00 364.00 601.00 2.06 2.21 5.20 -11.19 1.11 22.07 0.01
Car 0.00 1 -0.28 1081.00 484.00 1340.00 574.00 1.60 2.08 4.51 7.57 1.16 25.08 0.01
Car 0.00 1 -3.57 1210.00 459.00 1721.00 634.00 1.67 2.17 4.51 6.86 0.81 13.92 -3.11
Car 0.00 2 -3.42 1083.00 477.00 1383.00 584.00 1.68 2.02 4.60 7.03 1.04 22.08 -3.11
