Car 0.00 0 -0.06 1098.00 446.00 1283.00 518.00 1.92 2.49 4.93 10.35 0.38 36.03 0.22
Car 0.00 0 -1.29 300.00 467.00 613.00 670.00 1.66 1.82 4.13 -3.42 0.86 12.43 -1.56
Car 0.00 3 -1.58 788.00 456.00 952.00 612.00 1.86 1.96 4.59 0.57 0.82 17.42 -1.55
Car 0.00 3 2.62 1442.00 442.00 1614.00 496.00 1.81 2.19 4.87 24.83 -0.01 44.47 3.13
Car 0.00 0 -1.59 710.00 472.00 1045.00 713.00 1.47 2.06 4.81 0.34 0.81 10.18 -1.56
Car 0.00 0 -1.47 593.00 468.00 739.00 583.00 1.88 2.15 4.80 -2.82 0.96 23.07 -1.59
Car 0.00 3 -3.52 1399.00 444.00 1519.00 486.00 1.87 1.98 4.53 29.34 -0.21 58.25 -3.05
Car 0.00 0 2.07 -38.00 502.00 253.00 616.00 1.93 2.37 6.06 -13.97 1.63 24.95 1.56
Car 0.00 2 1.37 585.00 495.00 661.00 537.00 1.67 2.21 4.85 -8.68 1.91 52.96 1.20
Car 0.00 0 -1.74 1365.00 444.00 1860.00 771.00 1.75 2.15 4.67 5.33 0.79 9.30 -1.22
Car 0.00 3 0.73 11.00 513.00 220.00 579.00 1.76 2.28 4.92 -20.25 2.14 35.76 0.22
