Car 0.00 0 -1.76 1021.00 460.00 1160.00 564.00 1.64 1.60 4.01 4.60 0.70 22.37 -1.56
Car 0.00 0 -1.84 1078.00 461.00 1317.00 602.00 1.50 1.79 4.15 4.52 0.70 15.92 -1.56
Car 0.00 0 0.33 306.00 475.00 505.00 551.00 1.86 1.86 4.72 -11.37 1.15 34.04 0.00
Car 0.00 3 -1.66 921.00 463.00 976.00 511.00 1.78 1.78 4.01 4.80 0.66 49.86 -1.56
Car 0.00 0 0.40 152.00 478.00 396.00 579.00 1.90 1.78 4.27 -11.47 1.19 26.22 -0.01
Car 0.00 0 -1.65 936.00 458.00 999.00 515.00 1.82 1.76 4.21 4.84 0.56 43.39 -1.54
Car 0.00 3 0.63 -144.00 506.00 60.00 588.00 2.00 1.75 4.35 -23.73 2.08 34.32 0.02
Car 0.00 0 1.73 592.00 480.00 718.00 565.00 1.51 1.78 4.38 -3.38 1.00 25.50 1.60
Car 0.00 1 -1.72 981.00 450.00 1081.00 543.00 1.89 1.56 4.04 4.51 0.57 28.17 -1.56
Car 0.00 0 1.62 758.00 468.00 799.00 507.00 2.00 1.97 4.85 -2.60 0.94 68.99 1.58
