Car 0.00 0 2.36 -1203.00 390.00 378.00 1107.00 1.69 1.85 4.62 -3.97 0.67 5.39 1.72
Car 0.00 2 -0.35 1276.00 466.00 1647.00 591.00 1.68 1.73 4.55 9.22 0.82 18.51 0.11
Car 0.00 3 -0.26 1220.00 463.00 1485.00 558.00 1.86 1.83 4.83 10.99 0.83 26.48 0.13
Car 0.00 3 -0.30 1245.00 455.00 1617.00 580.00 1.89 1.94 5.23 9.88 0.75 20.88 0.14
Car 0.00 3 -0.34 1376.00 489.00 1483.00 522.00 1.46 1.76 4.25 28.83 1.68 60.01 0.11
Car 0.00 1 1.69 840.00 475.00 883.00 508.00 2.00 2.06 5.71 2.23 1.34 79.16 1.71
Car 0.00 3 -3.29 1100.00 482.00 1200.00 513.00 1.38 1.79 4.33 15.24 1.28 59.24 -3.04
Car 0.00 3 -3.36 1232.00 477.00 1457.00 550.00 1.59 1.74 4.56 11.93 0.98 29.14 -2.97
Car 0.00 3 -3.31 1126.00 473.00 1275.00 523.00 1.72 1.89 4.92 13.47 1.01 45.42 -3.02
Car 0.00 3 -3.35 1159.00 476.00 1326.00 535.00 1.79 1.88 4.77 13.30 1.11 40.30 -3.03
Car 0.00 1 -0.52 1430.00 445.00 2022.00 642.00 1.80 1.96 4.59 9.00 0.69 12.92 0.09
Car 0.00 3 -0.07 1123.00 475.00 1244.00 523.00 1.84 1.81 4.59 14.42 1.16 50.88 0.21
