Car 0.00 0 -2.96 981.00 460.00 1094.00 501.00 1.89 1.93 5.09 10.19 0.52 60.61 -2.80
Car 0.00 3 0.53 -63.00 481.00 243.00 591.00 1.79 1.93 4.29 -13.01 1.13 22.31 0.00
Car 0.00 2 0.70 -372.00 472.00 65.00 616.00 1.74 1.98 4.29 -12.84 0.94 16.61 0.05
Car 0.00 0 1.73 616.00 422.00 748.00 548.00 2.78 2.24 5.98 -3.43 0.36 30.95 1.62
Car 0.00 2 0.19 504.00 475.00 623.00 520.00 1.72 1.86 4.42 -10.63 1.11 50.85 -0.01
Car 0.00 0 1.63 772.00 475.00 811.00 506.00 1.59 1.85 4.77 -1.94 1.12 69.97 1.60
Car 0.00 3 0.32 383.00 485.00 536.00 536.00 1.56 1.87 4.47 -12.06 1.31 41.32 0.04
Car 0.00 1 0.31 298.00 486.00 488.00 549.00 1.65 1.90 4.76 -12.28 1.33 35.70 -0.02
Car 0.00 2 0.48 84.00 473.00 361.00 569.00 1.95 2.17 5.06 -13.23 1.09 27.69 0.03
Car 0.00 3 0.65 -223.00 483.00 127.00 604.00 1.70 1.89 4.10 -13.36 1.08 19.30 0.05
