Car 0.00 3 0.78 -137.00 460.00 112.00 542.00 1.71 2.05 4.52 -18.55 0.17 28.43 0.20
Car 0.00 3 -2.53 56.00 465.00 382.00 572.00 1.71 1.76 5.08 -10.42 0.43 22.21 -2.97
Car 0.00 3 -2.84 512.00 468.00 767.00 564.00 1.59 1.85 4.17 -3.12 0.39 22.75 -2.98
Car 0.00 0 0.34 445.00 470.00 744.00 579.00 1.61 1.95 4.31 -3.49 0.48 20.31 0.17
Car 0.00 3 -2.90 645.00 474.00 822.00 548.00 1.64 1.90 3.80 -1.92 0.43 29.92 -2.96
Car 0.00 2 2.55 1205.00 473.00 1378.00 535.00 1.70 2.09 4.25 13.75 0.35 36.75 2.91
Car 0.00 3 -2.39 -131.00 476.00 279.00 609.00 1.63 2.31 4.55 -10.20 0.62 17.57 -2.92
Car 0.00 3 0.84 -269.00 452.00 12.00 540.00 1.66 2.23 4.40 -19.23 0.06 25.88 0.20
Car 0.00 0 1.44 1109.00 448.00 1265.00 571.00 1.98 2.03 5.24 6.64 0.25 23.29 1.72
Car 0.00 1 0.95 -1295.00 378.00 141.00 951.00 1.86 1.93 4.49 -5.57 0.53 5.39 0.15
Car 0.00 0 -2.59 -202.00 409.00 468.00 676.00 1.94 2.09 4.48 -5.46 0.35 10.54 -3.07
