Car 0.00 3 3.04 893.00 479.00 980.00 507.00 1.33 1.91 4.35 6.35 0.08 67.27 3.14
Car 0.00 0 2.33 1402.00 478.00 3236.00 986.00 1.53 2.12 4.93 5.37 0.78 5.16 3.13
Car 0.00 3 2.98 936.00 470.00 1109.00 540.00 1.75 2.04 4.30 5.52 0.34 34.27 3.14
Car 0.00 0 -3.33 957.00 467.00 1187.00 551.00 1.72 2.23 4.75 5.73 0.38 28.87 -3.14
Car 0.00 3 -0.39 1259.00 487.00 1411.00 544.00 1.57 1.84 3.80 15.69 0.70 38.45 -0.00
Car 0.00 1 -0.40 1280.00 476.00 1463.00 545.00 1.79 2.06 4.23 15.72 0.52 36.03 0.01
Car 0.00 0 -0.52 1380.00 489.00 1633.00 565.00 1.53 2.12 4.55 15.57 0.77 28.76 -0.02
Car 0.00 3 -3.20 918.00 475.00 1054.00 520.00 1.49 2.02 4.71 6.06 0.20 45.68 -3.07
Car 0.00 3 -3.28 930.00 476.00 1079.00 526.00 1.50 1.96 4.56 6.07 0.29 41.30 -3.13
Car 0.00 0 -3.68 1531.00 486.00 1665.00 527.00 1.51 1.96 4.21 31.76 0.60 51.53 -3.13
