Car 0.00 2 3.42 334.00 471.00 525.00 535.00 1.51 1.88 4.13 -9.79 0.79 31.10 3.12
Car 0.00 1 -2.48 -278.00 458.00 172.00 621.00 1.74 1.79 4.04 -10.10 0.76 14.59 -3.08
Car 0.00 2 3.34 489.00 465.00 640.00 519.00 1.76 2.00 4.77 -8.96 0.75 43.10 3.13
Car 0.00 3 3.46 241.00 458.00 473.00 540.00 1.76 2.00 4.53 -10.55 0.64 28.42 3.11
Car 0.00 2 -2.72 183.00 457.00 446.00 549.00 1.77 2.07 4.50 -10.36 0.66 25.59 -3.10
Car 0.00 3 3.60 -14.00 465.00 336.00 578.00 1.68 1.87 4.54 -10.43 0.79 19.89 3.12
Car 0.00 1 2.57 1464.00 457.00 1694.00 549.00 2.75 2.21 5.92 23.58 1.02 39.42 3.11
Car 0.00 3 -2.58 -129.00 465.00 278.00 595.00 1.65 1.86 4.51 -10.24 0.78 17.28 -3.11
Car 0.00 3 -2.68 92.00 459.00 389.00 561.00 1.76 1.93 4.52 -10.62 0.70 22.93 -3.12
Car 0.00 2 -0.63 1580.00 493.00 1823.00 561.00 1.71 2.15 5.03 23.38 1.51 33.60 -0.02
Car 0.00 1 -0.42 1360.00 491.00 1518.00 539.00 1.72 2.02 5.00 23.23 1.69 47.65 0.03
Car 0.00 1 2.84 1121.00 483.00 1316.00 541.00 1.51 1.97 4.78 10.76 1.13 34.65 3.14
