Car 0.00 3 -3.40 1049.00 457.00 1247.00 527.00 1.71 1.97 4.55 9.22 1.37 32.50 -3.13
Car 0.00 1 -0.22 1021.00 465.00 1171.00 516.00 1.47 1.84 4.05 9.20 1.56 37.78 0.01
Car 0.00 0 2.34 1540.00 480.00 2323.00 696.00 1.60 2.19 4.92 9.52 1.19 10.81 3.06
Car 0.00 2 3.44 278.00 437.00 476.00 506.00 1.82 2.04 4.79 -11.29 0.92 35.05 3.13
Car 0.00 2 -0.40 1382.00 480.00 1576.00 543.00 1.86 2.21 4.96 21.96 2.32 40.27 0.10
Car 0.00 2 0.49 84.00 461.00 373.00 545.00 1.47 1.94 4.61 -10.44 1.20 23.84 0.08
Car 0.00 3 -3.34 996.00 472.00 1132.00 518.00 1.41 1.88 4.03 9.02 1.85 41.31 -3.13
Car 0.00 3 3.72 -431.00 434.00 67.00 590.00 1.76 1.96 4.52 -11.73 0.88 15.59 3.08
Car 0.00 3 3.32 498.00 442.00 596.00 477.00 1.67 1.89 4.36 -11.58 1.05 61.15 3.13
Car 0.00 0 2.77 1066.00 469.00 1287.00 541.00 1.60 2.12 4.50 9.09 1.55 29.73 3.07
Car 0.00 0 2.56 1338.00 465.00 1808.00 612.00 1.73 2.03 4.81 9.93 1.24 16.24 3.11
Car 0.00 0 -0.23 985.00 467.00 1129.00 513.00 1.52 1.84 4.58 9.36 1.78 43.92 -0.02
