Car 0.00 2 -0.61 1525.00 483.00 1794.00 569.00 1.55 2.01 3.83 16.18 0.63 24.44 -0.03
Car 0.00 3 -3.38 1074.00 476.00 1410.00 605.00 1.65 1.96 4.10 5.82 0.64 17.76 -3.06
Car 0.00 3 -3.24 921.00 477.00 1018.00 517.00 1.75 2.04 4.30 7.09 0.24 58.95 -3.12
Car 0.00 1 -3.52 1131.00 481.00 1674.00 656.00 1.55 2.06 4.52 5.70 0.71 12.83 -3.11
Car 0.00 0 -3.25 928.00 477.00 1047.00 520.00 1.72 2.23 4.75 7.19 0.29 53.54 -3.11
Car 0.00 1 2.63 1186.00 501.00 1871.00 698.00 1.36 2.10 4.38 5.52 0.80 10.30 3.12
Car 0.00 3 -0.51 1460.00 482.00 1696.00 556.00 1.47 1.92 3.82 16.05 0.55 26.84 0.03
Car 0.00 3 -0.31 1160.00 486.00 1285.00 525.00 1.53 2.12 4.55 17.03 0.56 53.20 0.00
Car 0.00 3 -3.66 1564.00 480.00 1720.00 528.00 1.80 2.03 4.74 32.54 0.47 49.99 -3.08
Car 0.00 3 -0.42 1410.00 487.00 1622.00 556.00 1.50 1.92 3.85 16.24 0.67 29.55 0.08
Car 0.00 3 -3.35 989.00 482.00 1266.00 566.00 1.50 2.20 4.90 5.97 0.60 24.83 -3.12
Car 0.00 3 -3.48 1085.00 489.00 1524.00 625.00 1.47 2.09 4.52 5.75 0.74 15.41 -3.13
Car 0.00 3 -3.36 1033.00 480.00 1352.00 592.00 1.62 2.08 4.51 5.85 0.66 20.21 -3.08
