Car 0.00 3 0.08 694.00 500.00 813.00 546.00 1.68 2.09 4.37 -2.35 1.19 48.24 0.03
Car 0.00 3 -3.25 1034.00 503.00 1245.00 581.00 1.54 2.03 4.17 6.83 1.04 27.16 -3.01
Car 0.00 1 0.10 632.00 503.00 790.00 556.00 1.52 2.00 4.56 -3.12 1.14 38.33 0.02
Car 0.00 3 -3.32 1003.00 504.00 1193.00 572.00 1.52 1.84 4.11 6.58 1.08 29.96 -3.10
Car 0.00 3 -3.24 957.00 505.00 1094.00 551.00 1.53 1.89 4.52 7.23 1.25 44.14 -3.08
Car 0.00 0 0.29 349.00 499.00 704.00 617.00 1.59 2.10 4.72 -4.18 0.93 18.82 0.07
Car 0.00 2 -3.23 964.00 506.00 1115.00 554.00 1.49 1.90 4.71 7.25 1.24 41.57 -3.06
Car 0.00 3 0.10 654.00 501.00 801.00 555.00 1.66 1.82 4.58 -2.83 1.15 41.05 0.03
Car 0.00 3 -0.46 1464.00 497.00 1734.00 580.00 1.62 2.12 4.31 16.30 0.96 26.58 0.09
Car 0.00 3 -0.44 1446.00 503.00 1685.00 579.00 1.62 2.08 4.22 17.05 1.10 29.00 0.09
Car 0.00 3 -0.61 1574.00 499.00 1918.00 602.00 1.65 2.33 4.26 16.01 0.98 22.03 0.02
Car 0.00 0 -3.38 1082.00 494.00 1460.00 626.00 1.63 2.19 4.47 6.05 0.88 17.38 -3.04
Car 0.00 3 -3.38 1059.00 501.00 1328.00 596.00 1.55 1.95 4.21 6.56 0.97 22.39 -3.09
Car 0.00 3 -0.25 1200.00 504.00 1329.00 547.00 1.62 2.15 4.47 17.85 1.33 50.61 0.09
Car 0.00 3 0.54 22.00 502.00 460.00 645.00 1.50 1.79 4.31 -6.59 0.89 14.75 0.12
Car 0.00 3 -3.38 1080.00 504.00 1381.00 614.00 1.60 1.95 4.17 6.45 1.02 20.10 -3.07
Car 0.00 3 -0.43 1353.00 496.00 1561.00 564.00 1.73 2.15 4.49 17.15 1.02 34.10 0.04
Car 0.00 3 -0.33 1247.00 498.00 1405.00 553.00 1.77 2.40 4.46 17.34 1.15 43.24 0.05
Car 0.00 3 -3.29 993.00 503.00 1183.00 562.00 1.52 1.89 4.82 7.30 1.10 34.45 -3.08
Car 0.00 3 -0.44 1388.00 500.00 1606.00 571.00 1.66 2.02 4.33 16.92 1.07 31.65 0.05
