Car 0.00 1 0.92 1492.00 383.00 1940.00 558.00 2.00 2.16 5.47 12.03 0.04 17.62 1.52
Car 0.00 2 -1.84 1023.00 478.00 1184.00 571.00 1.47 1.78 4.13 4.95 0.94 22.97 -1.63
Car 0.00 1 -1.76 978.00 452.00 1112.00 551.00 2.00 2.03 4.95 4.88 0.70 28.75 -1.60
Car 0.00 0 -1.83 1079.00 452.00 1305.00 604.00 1.77 1.80 4.46 4.83 0.72 17.27 -1.56
Car 0.00 0 -2.02 1200.00 474.00 1630.00 677.00 1.44 1.74 4.22 5.01 0.81 11.41 -1.61
Car 0.00 2 -1.71 927.00 471.00 1006.00 527.00 1.69 1.93 4.51 4.53 0.93 41.14 -1.60
Car 0.00 0 2.10 -740.00 431.00 404.00 1065.00 1.74 1.75 4.55 -3.60 0.82 5.85 1.55
Car 0.00 0 -2.26 1475.00 469.00 2965.00 1018.00 1.41 1.72 4.36 4.82 0.76 5.51 -1.54
Car 0.00 2 1.75 539.00 498.00 606.00 539.00 1.44 1.82 4.21 -9.87 1.85 48.94 1.55
Car 0.00 3 0.91 1586.00 381.00 1999.00 533.00 2.00 2.18 5.49 14.93 -0.14 19.96 1.55
Car 0.00 3 -1.73 950.00 477.00 1044.00 536.00 1.49 1.91 4.25 4.72 1.00 35.26 -1.60
Car 0.00 1 1.88 360.00 488.00 506.00 579.00 2.00 1.88 5.27 -9.70 1.49 31.32 1.58
Car 0.00 0 1.77 502.00 487.00 583.00 546.00 1.88 1.82 4.48 -9.68 1.55 43.05 1.55
