Car 0.00 2 2.83 1092.00 488.00 1280.00 549.00 1.62 1.92 4.79 10.18 1.37 35.73 3.11
Car 0.00 0 -3.35 1072.00 492.00 1228.00 546.00 1.73 1.95 4.98 11.26 1.69 43.88 -3.10
Car 0.00 0 -3.36 1080.00 479.00 1245.00 550.00 2.04 2.10 4.54 10.29 1.34 38.62 -3.10
Car 0.00 1 -3.25 939.00 487.00 1007.00 510.00 1.75 1.94 5.09 11.52 2.26 98.96 -3.14
Car 0.00 3 -0.55 1550.00 506.00 1775.00 577.00 1.85 1.89 5.05 23.60 2.00 35.51 0.04
Car 0.00 0 -0.13 1029.00 478.00 1155.00 532.00 2.00 2.20 4.59 10.43 1.38 49.50 0.07
Car 0.00 0 -0.44 1410.00 496.00 1566.00 557.00 2.00 1.98 4.39 23.12 1.96 43.92 0.04
Car 0.00 0 -3.57 1262.00 494.00 1571.00 594.00 1.61 1.74 4.64 10.34 1.27 22.18 -3.14
Car 0.00 3 -3.44 1159.00 482.00 1372.00 567.00 1.90 1.94 4.47 10.52 1.29 30.29 -3.10
Car 0.00 0 -0.36 1223.00 492.00 1488.00 583.00 1.67 1.83 4.53 10.52 1.32 25.16 0.04
Car 0.00 1 -0.39 1321.00 488.00 1494.00 547.00 2.17 2.28 5.72 22.88 1.85 49.51 0.04
