Car 0.00 3 -0.29 1147.00 461.00 1383.00 547.00 1.80 1.79 4.67 9.76 0.74 28.16 0.04
Car 0.00 1 -0.59 1435.00 437.00 2102.00 659.00 1.86 1.83 4.83 8.61 0.68 11.81 0.04
Car 0.00 3 -0.44 1383.00 487.00 1521.00 529.00 1.46 1.76 4.25 23.34 1.40 46.86 0.02
Car 0.00 1 1.70 700.00 466.00 756.00 508.00 2.00 2.06 5.71 -4.93 0.85 63.49 1.62
Car 0.00 3 -3.35 1042.00 477.00 1174.00 518.00 1.38 1.79 4.33 10.04 0.98 44.90 -3.13
Car 0.00 3 -3.63 1404.00 473.00 1905.00 626.00 1.59 1.74 4.56 9.40 0.86 14.54 -3.06
Car 0.00 3 -3.41 1100.00 463.00 1323.00 538.00 1.72 1.89 4.92 9.40 0.74 30.91 -3.11
Car 0.00 0 -3.48 1175.00 467.00 1443.00 560.00 1.79 1.88 4.77 9.82 0.87 25.77 -3.12
Car 0.00 3 -0.15 1086.00 466.00 1258.00 533.00 1.84 1.81 4.59 10.00 0.83 36.53 0.12
Car 0.00 3 -0.21 1042.00 467.00 1176.00 518.00 1.82 1.66 4.67 10.60 0.85 47.25 0.01
Car 0.00 3 -0.24 1070.00 471.00 1233.00 529.00 1.72 1.81 4.64 10.15 0.92 39.36 0.01
