Car 0.00 3 -2.45 -84.00 459.00 281.00 574.00 1.58 1.80 4.72 -10.75 0.33 19.08 -2.97
Car 0.00 3 -2.67 303.00 475.00 515.00 545.00 1.50 1.70 4.36 -9.36 0.40 29.25 -2.98
Car 0.00 3 -2.36 -440.00 452.00 9.00 610.00 1.60 1.80 3.72 -11.46 0.39 14.21 -3.04
Car 0.00 3 2.11 92.00 446.00 286.00 542.00 2.10 1.91 4.93 -14.95 0.03 30.57 1.66
Car 0.00 0 1.53 979.00 474.00 1088.00 567.00 1.58 1.81 4.48 4.04 0.48 24.11 1.69
Car 0.00 3 -2.94 587.00 478.00 760.00 544.00 1.59 1.74 4.06 -3.55 0.46 31.99 -3.05
Car 0.00 2 1.38 1377.00 481.00 1544.00 577.00 1.46 1.69 4.43 10.92 0.55 21.77 1.84
Car 0.00 0 0.45 134.00 468.00 582.00 604.00 1.53 1.72 4.99 -5.61 0.50 15.80 0.11
Car 0.00 0 2.30 1347.00 467.00 2049.00 713.00 1.55 1.71 4.46 6.41 0.62 9.33 2.90
Car 0.00 3 1.53 959.00 472.00 1031.00 537.00 1.67 1.77 4.21 4.92 0.31 35.30 1.67
Car 0.00 0 -2.90 522.00 467.00 729.00 548.00 1.76 1.84 4.38 -4.34 0.34 29.19 -3.05
Car 0.00 0 0.76 -532.00 480.00 311.00 734.00 1.39 1.72 4.57 -5.93 0.64 8.34 0.14
Car 0.00 3 -2.78 364.00 466.00 569.00 532.00 1.58 1.69 4.78 -8.93 0.17 32.52 -3.05
