Car 0.00 3 -0.45 1406.00 426.00 1632.00 500.00 1.92 2.49 4.93 19.30 -0.16 35.15 0.05
Car 0.00 0 -1.29 301.00 467.00 614.00 670.00 1.66 1.82 4.13 -3.40 0.85 12.40 -1.55
Car 0.00 3 -1.58 788.00 456.00 952.00 611.00 1.86 1.96 4.59 0.57 0.81 17.43 -1.55
Car 0.00 2 1.62 587.00 496.00 636.00 538.00 1.90 2.11 4.95 -10.38 2.25 60.76 1.45
Car 0.00 3 2.62 1442.00 442.00 1614.00 496.00 1.81 2.19 4.87 24.83 0.00 44.47 3.13
Car 0.00 0 -1.59 710.00 472.00 1045.00 713.00 1.47 2.06 4.81 0.34 0.81 10.18 -1.56
Car 0.00 0 -1.47 592.00 469.00 738.00 585.00 1.88 2.15 4.80 -2.84 0.99 23.07 -1.59
Car 0.00 3 -3.52 1399.00 444.00 1519.00 486.00 1.87 1.98 4.53 29.34 -0.21 58.25 -3.05
Car 0.00 3 1.16 623.00 489.00 730.00 536.00 1.67 2.21 4.85 -5.71 1.58 47.08 1.04
Car 0.00 0 -1.74 1365.00 440.00 1861.00 768.00 1.75 2.15 4.67 5.32 0.77 9.29 -1.22
Car 0.00 0 0.74 15.00 512.00 223.00 578.00 1.76 2.28 4.92 -20.12 2.12 35.70 0.23
