Car 0.00 3 -1.66 951.00 477.00 1021.00 535.00 1.73 1.81 4.41 5.11 1.15 40.69 -1.54
Car 0.00 3 -1.73 964.00 473.00 1057.00 545.00 1.80 1.81 4.37 5.01 1.05 34.77 -1.59
Car 0.00 2 -1.68 981.00 478.00 1083.00 556.00 1.59 1.75 4.70 4.60 1.04 28.68 -1.52
Car 0.00 0 -1.51 698.00 481.00 783.00 547.00 1.67 2.05 4.69 -2.33 1.20 35.12 -1.58
Car 0.00 3 -1.63 911.00 472.00 956.00 514.00 2.04 2.00 5.00 5.54 1.20 65.44 -1.54
Car 0.00 2 -1.77 1009.00 467.00 1164.00 575.00 1.73 1.87 4.38 4.63 0.89 22.95 -1.57
Car 0.00 3 2.02 222.00 506.00 343.00 567.00 1.98 2.01 5.01 -19.72 2.37 45.69 1.62
Car 0.00 0 1.88 405.00 500.00 511.00 557.00 1.62 1.85 4.40 -11.36 1.77 38.92 1.59
Car 0.00 0 1.94 306.00 473.00 433.00 561.00 2.87 2.15 6.15 -16.28 1.64 45.06 1.59
Car 0.00 0 -1.82 1054.00 452.00 1304.00 625.00 1.79 1.84 4.53 4.19 0.78 15.72 -1.56
Car 0.00 0 1.99 219.00 505.00 362.00 576.00 1.79 2.05 4.50 -15.23 1.95 35.89 1.59
