Car 0.00 1 2.76 1096.00 468.00 1225.00 512.00 1.50 1.66 4.31 12.52 0.74 47.10 3.02
Car 0.00 0 -1.75 871.00 475.00 934.00 520.00 1.72 1.70 4.77 3.07 1.12 51.33 -1.69
Car 0.00 1 1.89 230.00 497.00 336.00 556.00 1.86 1.84 5.02 -18.80 1.90 43.59 1.48
Car 0.00 0 -1.63 641.00 483.00 679.00 511.00 1.74 2.19 4.52 -11.07 1.77 83.25 -1.76
Car 0.00 0 -2.31 1505.00 465.00 2398.00 768.00 1.42 1.66 4.55 6.75 0.75 8.40 -1.64
Car 0.00 0 -1.88 930.00 478.00 1030.00 530.00 1.51 1.84 4.59 4.84 1.08 40.15 -1.76
Car 0.00 0 1.98 155.00 512.00 285.00 570.00 1.50 1.74 4.73 -18.16 2.08 37.75 1.53
Car 0.00 1 -0.67 1470.00 445.00 1669.00 509.00 1.73 2.54 4.51 22.32 0.21 37.76 -0.14
Car 0.00 0 2.00 5.00 468.00 217.00 591.00 2.77 2.38 5.90 -18.02 1.42 32.01 1.49
Car 0.00 0 -1.82 1019.00 459.00 1153.00 547.00 1.81 1.80 4.96 5.90 0.74 29.13 -1.62
Car 0.00 2 2.50 1590.00 447.00 1774.00 502.00 1.63 2.23 4.50 28.12 0.16 41.29 3.10
Car 0.00 3 2.80 1010.00 469.00 1125.00 516.00 1.93 1.80 4.58 10.61 0.99 55.25 2.99
Car 0.00 0 -1.63 719.00 484.00 793.00 538.00 1.54 2.00 4.29 -2.26 1.25 39.07 -1.69
Car 0.00 0 -1.70 761.00 475.00 815.00 517.00 1.84 1.95 4.70 -1.87 1.22 59.37 -1.73
Car 0.00 3 2.63 1232.00 459.00 1355.00 503.00 1.77 1.83 4.75 20.59 0.51 55.37 2.99
Car 0.00 0 2.17 -149.00 525.00 104.00 618.00 1.52 1.82 4.84 -17.10 1.98 25.59 1.58
