Car 0.00 0 -1.71 977.00 480.00 1068.00 553.00 1.64 1.60 4.01 4.76 1.12 30.86 -1.56
Car 0.00 0 -1.75 1005.00 485.00 1140.00 572.00 1.50 1.79 4.15 4.68 1.09 24.40 -1.56
Car 0.00 3 0.26 416.00 494.00 572.00 554.00 1.86 1.86 4.72 -11.22 1.81 42.47 0.00
Car 0.00 3 -1.65 910.00 484.00 956.00 524.00 1.78 1.78 4.01 4.94 1.58 58.34 -1.56
Car 0.00 0 1.77 456.00 455.00 686.00 628.00 2.11 2.11 5.86 -3.55 0.97 18.72 1.58
Car 0.00 3 0.30 327.00 496.00 504.00 572.00 1.90 1.78 4.27 -11.32 1.74 34.69 -0.01
Car 0.00 0 -1.64 922.00 486.00 974.00 533.00 1.82 1.76 4.21 4.99 1.61 51.87 -1.54
Car 0.00 3 0.52 58.00 515.00 215.00 579.00 2.00 1.75 4.35 -23.50 2.60 42.76 0.02
Car 0.00 0 1.67 708.00 493.00 772.00 540.00 1.51 1.78 4.38 -3.00 1.60 44.05 1.60
Car 0.00 3 -2.50 -128.00 519.00 61.00 597.00 1.93 1.59 4.14 -23.62 2.40 34.49 -3.10
Car 0.00 0 -2.49 -221.00 516.00 22.00 606.00 2.06 1.82 4.83 -23.46 2.28 31.85 -3.12
Car 0.00 1 -1.69 952.00 476.00 1024.00 546.00 1.89 1.56 4.04 4.66 1.17 36.66 -1.56
Car 0.00 0 -2.62 -14.00 509.00 323.00 614.00 1.51 1.83 4.60 -11.02 1.48 20.75 -3.10
