Car 0.00 0 -1.71 982.00 478.00 1073.00 540.00 1.50 1.79 4.15 5.21 0.99 33.03 -1.55
Car 0.00 3 -1.64 918.00 475.00 957.00 510.00 1.78 1.78 4.01 5.90 1.18 66.97 -1.55
Car 0.00 0 1.67 685.00 458.00 778.00 537.00 2.11 2.11 5.86 -2.69 0.79 36.83 1.60
Car 0.00 3 0.24 451.00 479.00 587.00 537.00 1.90 1.78 4.27 -10.65 1.31 43.53 -0.00
Car 0.00 0 -1.63 928.00 474.00 970.00 513.00 1.82 1.76 4.21 5.87 1.13 60.51 -1.53
Car 0.00 3 0.45 215.00 488.00 339.00 539.00 2.00 1.75 4.35 -22.65 1.78 51.76 0.03
Car 0.00 3 -2.63 131.00 491.00 275.00 542.00 1.80 1.89 4.41 -23.18 1.71 46.67 -3.09
Car 0.00 2 -2.60 35.00 488.00 214.00 555.00 2.06 1.82 4.83 -22.84 1.66 40.85 -3.11
Car 0.00 1 -1.67 949.00 471.00 1004.00 526.00 1.89 1.56 4.04 5.36 1.01 45.29 -1.55
Car 0.00 0 -2.75 266.00 487.00 489.00 556.00 1.51 1.83 4.60 -10.53 1.19 29.59 -3.09
