Car 0.00 2 -0.65 1459.00 414.00 1753.00 523.00 2.00 2.33 4.71 16.26 -0.02 26.32 -0.10
Car 0.00 0 2.51 1155.00 445.00 1681.00 643.00 1.56 1.93 4.24 5.62 0.64 12.15 2.95
Car 0.00 2 3.65 -145.00 507.00 32.00 559.00 1.53 2.21 4.47 -30.59 2.15 43.53 3.04
Car 0.00 1 0.56 -295.00 494.00 117.00 629.00 1.63 2.05 4.37 -13.09 1.26 18.17 -0.06
Car 0.00 3 2.67 1209.00 445.00 1384.00 506.00 1.67 2.24 4.64 14.86 0.18 39.79 3.03
Car 0.00 2 -0.26 882.00 467.00 1124.00 553.00 1.54 2.06 4.57 3.61 0.81 26.16 -0.12
Car 0.00 2 3.00 837.00 472.00 1005.00 540.00 1.61 1.95 4.26 2.50 0.96 34.06 3.07
Car 0.00 2 2.81 851.00 453.00 1086.00 548.00 1.90 2.29 4.84 3.23 0.69 29.06 2.92
Car 0.00 2 2.84 886.00 464.00 1149.00 562.00 1.55 2.12 4.33 3.46 0.77 23.28 2.99
Car 0.00 2 -0.47 1015.00 422.00 1544.00 606.00 1.84 2.21 5.61 5.37 0.49 15.28 -0.13
Car 0.00 2 -0.71 1581.00 438.00 1890.00 539.00 1.64 2.17 4.30 17.09 0.35 23.70 -0.09
Car 0.00 2 2.70 976.00 431.00 1355.00 595.00 2.00 2.17 4.69 4.77 0.57 17.98 2.96
Car 0.00 2 0.97 1368.00 436.00 1604.00 542.00 1.81 1.93 4.24 12.62 0.37 24.34 1.45
Car 0.00 2 2.96 802.00 462.00 976.00 535.00 1.90 2.19 4.70 1.77 0.82 36.79 3.00
Car 0.00 2 0.40 -165.00 470.00 211.00 605.00 1.91 2.06 4.80 -13.18 1.07 20.88 -0.16
Car 0.00 2 2.97 793.00 475.00 919.00 526.00 1.61 2.02 4.17 1.00 1.08 44.72 3.00
Car 0.00 2 2.78 940.00 469.00 1212.00 580.00 1.57 2.02 3.87 4.03 0.86 20.63 2.97
Car 0.00 2 -0.59 1395.00 423.00 1617.00 508.00 1.75 2.00 4.05 15.69 -0.10 29.07 -0.10
Car 0.00 3 0.19 335.00 484.00 468.00 537.00 1.88 2.00 4.68 -16.87 1.60 49.91 -0.13
Car 0.00 2 2.90 855.00 469.00 1025.00 540.00 1.57 2.01 3.85 2.82 0.84 31.62 2.99
Car 0.00 3 2.97 779.00 462.00 909.00 525.00 2.25 2.37 4.79 0.66 0.94 50.11 2.98
Car 0.00 2 3.42 312.00 489.00 441.00 541.00 1.73 1.89 4.13 -16.86 1.68 47.12 3.08
