Car 0.00 3 -0.34 1059.00 401.00 1563.00 599.00 1.84 1.91 4.34 5.13 0.59 12.87 0.04
Car 0.00 3 -2.64 -38.00 418.00 410.00 558.00 1.64 1.96 4.75 -7.46 0.60 16.00 -3.08
Car 0.00 3 -0.23 977.00 437.00 1237.00 523.00 1.52 1.97 4.37 5.89 0.76 23.65 0.01
Car 0.00 3 2.90 941.00 446.00 1192.00 522.00 1.51 1.92 4.81 5.76 0.93 26.43 3.12
Car 0.00 3 -3.66 1074.00 399.00 2116.00 770.00 1.84 1.97 4.79 4.29 0.75 7.35 -3.14
Car 0.00 1 0.81 -1007.00 394.00 124.00 732.00 1.74 2.02 5.10 -7.10 0.65 7.69 0.06
Car 0.00 1 -0.11 860.00 421.00 990.00 475.00 2.29 2.00 5.43 5.97 0.46 54.93 -0.00
Car 0.00 0 -1.57 778.00 410.00 910.00 527.00 1.83 2.08 4.06 0.99 0.51 21.99 -1.53
Car 0.00 3 -2.46 -591.00 380.00 124.00 628.00 1.82 1.82 4.37 -8.09 0.50 10.32 -3.12
Car 0.00 3 -0.32 1049.00 407.00 1458.00 567.00 1.83 1.90 4.35 5.59 0.58 15.58 0.02
Car 0.00 0 -0.78 1211.00 247.00 3506.00 1028.00 2.13 2.11 5.57 4.67 0.55 4.56 0.01
Car 0.00 3 -0.43 1135.00 399.00 1795.00 647.00 1.78 2.61 4.09 5.27 0.63 10.49 0.03
