Car 0.00 3 0.09 658.00 483.00 801.00 537.00 1.68 2.09 4.37 -2.72 0.59 40.54 0.03
Car 0.00 2 -3.34 1086.00 480.00 1393.00 587.00 1.54 2.03 4.17 6.40 0.61 19.58 -3.02
Car 0.00 1 0.12 573.00 496.00 771.00 561.00 1.52 2.00 4.56 -3.43 0.88 30.82 0.01
Car 0.00 3 -3.39 1059.00 484.00 1323.00 574.00 1.52 1.84 4.11 6.46 0.63 22.20 -3.11
Car 0.00 3 -3.27 970.00 485.00 1136.00 540.00 1.53 1.89 4.52 6.77 0.59 36.54 -3.08
Car 0.00 0 0.44 -26.00 484.00 609.00 687.00 1.59 2.10 4.72 -4.40 0.73 11.14 0.07
Car 0.00 2 -3.27 983.00 486.00 1170.00 544.00 1.49 1.90 4.71 6.92 0.61 34.06 -3.07
Car 0.00 3 0.08 688.00 487.00 802.00 525.00 1.46 2.06 4.33 -2.78 0.57 50.22 0.03
Car 0.00 3 0.13 595.00 484.00 778.00 549.00 1.66 1.82 4.58 -3.35 0.65 33.31 0.03
Car 0.00 0 -3.60 1242.00 486.00 2004.00 728.00 1.63 2.19 4.47 5.87 0.78 9.82 -3.06
Car 0.00 3 -3.50 1155.00 475.00 1587.00 617.00 1.55 1.95 4.21 6.30 0.59 14.79 -3.10
Car 0.00 3 -0.30 1255.00 481.00 1411.00 530.00 1.62 2.15 4.47 17.47 0.46 43.03 0.08
Car 0.00 1 0.86 -917.00 517.00 92.00 839.00 1.50 1.79 4.31 -6.75 0.92 7.22 0.11
Car 0.00 3 -3.54 1206.00 484.00 1733.00 663.00 1.60 1.95 4.17 6.19 0.74 12.45 -3.08
Car 0.00 3 -0.54 1485.00 467.00 1765.00 553.00 1.73 2.15 4.49 16.87 0.38 26.61 0.03
Car 0.00 3 -0.40 1323.00 473.00 1521.00 539.00 1.77 2.40 4.46 17.01 0.39 35.79 0.05
Car 0.00 3 -3.34 1025.00 482.00 1274.00 556.00 1.52 1.89 4.82 6.97 0.56 26.87 -3.08
Car 0.00 3 -0.55 1539.00 471.00 1842.00 563.00 1.66 2.02 4.33 16.48 0.46 24.07 0.05
Car 0.00 2 -3.33 1038.00 485.00 1293.00 566.00 1.50 1.97 4.47 6.64 0.62 24.51 -3.07
