Car 0.00 3 0.45 191.00 486.00 290.00 518.00 1.62 1.81 4.26 -30.08 1.65 64.37 0.02
Car 0.00 3 0.56 143.00 477.00 264.00 520.00 2.00 2.00 4.85 -29.64 1.33 59.65 0.10
Car 0.00 3 -0.15 960.00 465.00 1091.00 517.00 1.72 2.09 4.12 6.65 0.70 42.28 0.01
Car 0.00 3 0.64 -167.00 476.00 26.00 539.00 2.00 2.03 4.95 -29.56 1.23 41.40 0.02
Car 0.00 3 0.25 436.00 469.00 597.00 528.00 2.00 2.10 5.09 -10.74 0.99 43.72 0.00
Car 0.00 3 0.59 -59.00 480.00 106.00 530.00 1.84 1.99 4.91 -29.88 1.29 46.70 0.02
Car 0.00 3 0.55 106.00 487.00 231.00 526.00 1.74 1.92 4.73 -29.87 1.63 56.97 0.06
Car 0.00 0 3.43 352.00 468.00 531.00 532.00 2.00 2.08 5.10 -12.29 0.96 40.23 3.14
Car 0.00 3 0.56 38.00 489.00 181.00 531.00 1.69 1.98 4.85 -29.74 1.64 52.04 0.05
Car 0.00 3 0.56 -12.00 481.00 142.00 532.00 2.00 2.06 4.82 -30.05 1.43 49.53 0.02
