Car 0.00 3 0.09 698.00 484.00 815.00 529.00 1.68 2.09 4.37 -2.29 0.56 49.41 0.04
Car 0.00 3 -3.23 1021.00 487.00 1221.00 561.00 1.54 2.03 4.17 6.76 0.69 28.49 -3.00
Car 0.00 2 0.10 638.00 487.00 789.00 538.00 1.52 2.00 4.56 -3.18 0.63 39.92 0.02
Car 0.00 3 -3.23 952.00 489.00 1084.00 534.00 1.53 1.89 4.52 7.19 0.70 45.53 -3.08
Car 0.00 0 0.27 390.00 481.00 718.00 591.00 1.59 2.10 4.72 -4.07 0.67 20.20 0.07
Car 0.00 2 -3.23 965.00 490.00 1111.00 537.00 1.49 1.90 4.71 7.45 0.72 42.91 -3.06
Car 0.00 3 0.10 661.00 484.00 804.00 537.00 1.66 1.82 4.58 -2.76 0.61 42.31 0.03
Car 0.00 3 -0.44 1435.00 483.00 1688.00 562.00 1.62 2.12 4.31 16.33 0.66 27.96 0.09
Car 0.00 3 -0.43 1421.00 488.00 1648.00 561.00 1.62 2.08 4.22 17.08 0.76 30.28 0.09
Car 0.00 3 -0.59 1541.00 484.00 1865.00 582.00 1.65 2.33 4.26 16.03 0.72 23.12 0.02
Car 0.00 0 -3.36 1068.00 475.00 1416.00 598.00 1.63 2.19 4.47 6.09 0.61 18.66 -3.05
Car 0.00 3 -3.36 1051.00 486.00 1303.00 575.00 1.55 1.95 4.21 6.68 0.69 23.81 -3.09
Car 0.00 3 0.51 97.00 484.00 492.00 614.00 1.50 1.79 4.31 -6.56 0.68 16.15 0.12
Car 0.00 3 -3.37 1067.00 486.00 1346.00 588.00 1.60 1.95 4.17 6.50 0.73 21.51 -3.07
Car 0.00 3 -0.42 1334.00 481.00 1533.00 547.00 1.73 2.15 4.49 17.18 0.62 35.44 0.04
Car 0.00 3 -3.30 1009.00 487.00 1193.00 545.00 1.52 1.89 4.82 7.95 0.67 35.73 -3.08
Car 0.00 3 -0.43 1377.00 485.00 1586.00 554.00 1.66 2.02 4.33 17.10 0.70 32.74 0.05
