Car 0.00 3 2.43 1591.00 455.00 2003.00 591.00 2.01 1.97 5.11 15.23 0.81 19.83 3.09
Car 0.00 3 -3.54 1324.00 480.00 1543.00 541.00 1.37 1.77 4.38 14.46 0.95 30.03 -3.09
Car 0.00 3 2.72 1232.00 477.00 1411.00 531.00 1.52 1.88 4.64 14.90 1.01 37.85 3.10
Car 0.00 3 2.55 1503.00 482.00 1843.00 577.00 1.56 1.90 4.77 14.97 1.03 22.34 3.14
Car 0.00 0 1.66 686.00 463.00 772.00 538.00 1.90 1.91 4.50 -2.60 0.79 34.29 1.59
Car 0.00 3 2.70 1288.00 448.00 1542.00 547.00 2.41 2.15 5.59 15.23 0.70 32.65 3.14
Car 0.00 3 2.56 1440.00 470.00 1725.00 559.00 1.68 1.84 4.67 15.14 0.87 25.25 3.10
Car 0.00 3 -3.44 1156.00 480.00 1281.00 521.00 1.48 1.69 4.23 14.93 1.15 47.90 -3.13
Car 0.00 3 -3.40 1112.00 472.00 1223.00 512.00 1.80 1.86 4.62 15.75 1.01 58.03 -3.13
Car 0.00 3 -2.08 1578.00 470.00 1677.00 508.00 1.96 2.25 5.33 44.16 1.03 69.22 -1.52
Car 0.00 3 2.77 1213.00 484.00 1381.00 538.00 1.63 1.92 4.65 15.08 1.30 40.33 3.13
Car 0.00 3 -3.63 1394.00 481.00 1647.00 557.00 1.57 1.85 4.59 15.31 1.05 27.81 -3.13
