Car 0.00 3 0.40 825.00 460.00 1005.00 526.00 1.92 2.49 4.93 2.73 0.75 38.77 0.47
Car 0.00 0 -1.29 299.00 467.00 611.00 671.00 1.66 1.82 4.13 -3.42 0.86 12.41 -1.56
Car 0.00 3 -1.58 788.00 456.00 953.00 612.00 1.86 1.96 4.59 0.57 0.82 17.41 -1.55
Car 0.00 3 2.62 1442.00 442.00 1614.00 496.00 1.81 2.19 4.87 24.83 -0.02 44.47 3.13
Car 0.00 0 -1.59 710.00 473.00 1045.00 713.00 1.47 2.06 4.81 0.34 0.81 10.18 -1.56
Car 0.00 0 -1.48 595.00 468.00 738.00 583.00 1.88 2.15 4.80 -2.82 0.96 23.07 -1.60
Car 0.00 3 -3.52 1399.00 444.00 1519.00 487.00 1.87 1.98 4.53 29.33 -0.20 58.25 -3.05
Car 0.00 1 1.93 246.00 490.00 405.00 562.00 1.93 2.37 6.06 -14.69 1.60 37.25 1.56
Car 0.00 1 1.52 581.00 498.00 635.00 536.00 1.67 2.21 4.85 -10.22 2.14 58.27 1.34
Car 0.00 0 -1.74 1366.00 445.00 1862.00 771.00 1.75 2.15 4.67 5.33 0.80 9.30 -1.22
Car 0.00 0 0.73 10.00 513.00 219.00 578.00 1.76 2.28 4.92 -20.31 2.14 35.81 0.21
