Car 0.00 2 -1.69 968.00 467.00 1090.00 559.00 1.71 1.91 4.86 4.12 0.86 26.24 -1.53
Car 0.00 0 2.25 -289.00 502.00 151.00 653.00 1.58 2.13 4.65 -11.21 1.26 16.22 1.65
Car 0.00 3 -1.66 945.00 475.00 1036.00 540.00 1.51 1.84 4.68 4.13 0.93 32.27 -1.53
Car 0.00 3 -1.64 929.00 475.00 1004.00 536.00 1.69 1.91 4.35 4.21 1.06 38.22 -1.53
Car 0.00 1 2.14 31.00 507.00 250.00 594.00 1.60 1.95 4.48 -14.45 1.64 26.71 1.64
Car 0.00 0 -1.40 580.00 454.00 725.00 568.00 2.08 2.14 4.70 -3.46 0.80 25.88 -1.54
Car 0.00 0 -2.04 1189.00 388.00 1974.00 830.00 1.85 1.94 4.84 3.96 0.64 7.83 -1.57
Car 0.00 1 -1.85 1064.00 445.00 1369.00 643.00 1.82 2.02 4.38 4.12 0.74 14.12 -1.57
Car 0.00 0 2.02 200.00 506.00 407.00 594.00 1.51 2.03 4.50 -10.38 1.54 25.28 1.63
Car 0.00 1 -1.76 992.00 466.00 1167.00 597.00 1.79 1.79 4.82 3.88 0.91 20.05 -1.57
