Car 0.00 3 -1.62 924.00 480.00 969.00 519.00 1.77 1.87 4.67 5.66 1.39 59.66 -1.53
Car 0.00 0 2.13 4.00 493.00 229.00 586.00 1.91 2.17 5.05 -16.39 1.52 29.31 1.62
Car 0.00 0 -1.54 785.00 476.00 821.00 509.00 2.08 2.14 4.70 -1.49 1.48 82.16 -1.55
Car 0.00 0 1.78 558.00 480.00 639.00 532.00 1.80 2.00 4.66 -8.39 1.30 46.46 1.61
Car 0.00 2 1.97 272.00 499.00 397.00 553.00 1.58 2.12 4.76 -16.22 1.81 41.61 1.60
Car 0.00 0 -1.95 1153.00 458.00 1596.00 701.00 1.62 1.82 4.46 4.32 0.77 10.78 -1.57
Car 0.00 0 -2.35 1498.00 470.00 3753.00 1306.00 1.46 1.67 4.34 4.39 0.78 4.43 -1.57
Car 0.00 0 -1.81 1006.00 486.00 1160.00 574.00 1.44 1.75 4.46 4.62 1.03 23.24 -1.61
Car 0.00 1 -1.75 961.00 482.00 1054.00 541.00 1.49 1.79 4.00 4.89 1.10 34.39 -1.61
Car 0.00 0 1.83 469.00 475.00 547.00 530.00 2.56 2.32 5.62 -15.79 1.60 62.41 1.58
Car 0.00 0 1.96 158.00 496.00 388.00 607.00 1.58 1.81 4.68 -9.02 1.26 20.90 1.55
