Car 0.00 3 0.21 368.00 461.00 691.00 587.00 1.68 2.09 4.37 -4.17 0.45 19.03 -0.01
Car 0.00 0 0.44 -246.00 454.00 521.00 698.00 1.52 2.00 4.56 -4.70 0.55 9.37 -0.03
Car 0.00 3 -3.45 1049.00 480.00 1481.00 625.00 1.53 1.89 4.52 5.26 0.68 15.31 -3.12
Car 0.00 1 -3.50 1098.00 484.00 1644.00 655.00 1.49 1.90 4.71 5.45 0.73 12.96 -3.10
Car 0.00 3 0.14 517.00 474.00 723.00 545.00 1.46 2.06 4.33 -4.37 0.38 28.71 -0.01
Car 0.00 3 0.36 23.00 450.00 597.00 656.00 1.66 1.82 4.58 -4.51 0.52 11.80 -0.01
Car 0.00 3 0.15 483.00 471.00 723.00 552.00 1.51 1.93 4.63 -4.33 0.40 26.24 -0.01
Car 0.00 2 -0.58 1557.00 487.00 1905.00 592.00 1.62 2.15 4.47 15.91 0.79 22.24 0.05
Car 0.00 3 0.18 423.00 462.00 698.00 573.00 1.70 1.93 4.25 -4.24 0.41 21.50 -0.01
Car 0.00 1 -3.90 1440.00 473.00 2968.00 902.00 1.52 1.89 4.82 5.76 0.74 5.81 -3.12
Car 0.00 3 0.27 179.00 467.00 642.00 625.00 1.54 1.87 4.55 -4.34 0.56 14.12 -0.03
