Car 0.00 1 2.76 1073.00 473.00 1324.00 567.00 1.82 2.05 4.44 7.50 0.98 25.52 3.05
Car 0.00 3 2.93 970.00 489.00 1126.00 537.00 1.45 1.82 4.50 6.86 1.32 39.08 3.11
Car 0.00 3 2.84 1045.00 480.00 1262.00 558.00 1.68 1.95 4.35 7.28 1.07 28.17 3.09
Car 0.00 3 3.04 830.00 486.00 896.00 509.00 1.58 1.81 4.40 2.51 1.88 86.52 3.07
Car 0.00 0 2.40 1529.00 514.00 2168.00 695.00 1.47 1.93 4.51 9.32 1.17 11.68 3.07
Car 0.00 1 2.54 1319.00 472.00 1815.00 641.00 1.80 1.95 4.67 8.44 0.94 14.54 3.07
Car 0.00 3 2.59 1179.00 489.00 1479.00 597.00 1.59 1.71 4.13 7.91 1.10 19.87 2.97
Car 0.00 3 2.86 976.00 490.00 1129.00 542.00 1.44 1.68 4.08 6.53 1.31 36.47 3.04
Car 0.00 2 -0.24 915.00 473.00 1072.00 530.00 1.98 2.08 5.24 5.94 1.13 44.94 -0.10
Car 0.00 3 2.87 956.00 489.00 1090.00 539.00 1.64 1.80 4.09 6.56 1.45 41.97 3.02
Car 0.00 3 2.82 992.00 487.00 1162.00 548.00 1.57 1.80 4.11 6.65 1.24 33.50 3.02
