Car 0.00 3 0.09 670.00 547.00 802.00 597.00 1.68 2.09 4.37 -2.72 2.76 43.58 0.03
Car 0.00 3 -3.31 1061.00 547.00 1322.00 638.00 1.54 2.03 4.17 6.60 1.77 22.71 -3.02
Car 0.00 1 0.11 599.00 556.00 777.00 616.00 1.52 2.00 4.56 -3.36 2.51 33.93 0.01
Car 0.00 3 -3.37 1036.00 549.00 1266.00 628.00 1.52 1.84 4.11 6.60 1.91 25.30 -3.11
Car 0.00 3 -3.25 957.00 549.00 1110.00 599.00 1.53 1.89 4.52 6.72 2.56 39.56 -3.09
Car 0.00 0 0.37 169.00 553.00 653.00 709.00 1.59 2.10 4.72 -4.37 1.49 14.21 0.07
Car 0.00 2 -3.25 971.00 550.00 1142.00 603.00 1.49 1.90 4.71 6.96 2.47 37.11 -3.07
Car 0.00 3 0.12 618.00 548.00 784.00 608.00 1.66 1.82 4.58 -3.25 2.47 36.36 0.03
Car 0.00 2 -0.55 1574.00 535.00 1916.00 634.00 1.62 2.12 4.31 16.07 1.60 22.16 0.08
Car 0.00 3 -0.51 1539.00 541.00 1834.00 628.00 1.62 2.08 4.22 16.82 1.78 24.71 0.09
Car 0.00 0 -3.48 1152.00 544.00 1695.00 722.00 1.63 2.19 4.47 5.90 1.36 12.89 -3.06
Car 0.00 3 -3.45 1114.00 544.00 1465.00 661.00 1.55 1.95 4.21 6.52 1.53 17.85 -3.10
Car 0.00 3 -0.28 1226.00 544.00 1371.00 590.00 1.62 2.15 4.47 17.47 2.75 46.09 0.08
Car 0.00 2 0.69 -363.00 573.00 300.00 785.00 1.50 1.79 4.31 -6.73 1.43 10.31 0.11
Car 0.00 3 -3.46 1135.00 551.00 1542.00 693.00 1.60 1.95 4.17 6.22 1.54 15.53 -3.08
Car 0.00 3 -0.49 1418.00 534.00 1665.00 611.00 1.73 2.15 4.49 16.88 1.87 29.67 0.03
Car 0.00 3 -0.37 1284.00 538.00 1464.00 598.00 1.77 2.40 4.46 17.01 2.33 38.83 0.05
Car 0.00 3 -3.31 1004.00 547.00 1225.00 614.00 1.52 1.89 4.82 6.96 2.07 29.93 -3.09
Car 0.00 3 -0.50 1458.00 538.00 1720.00 618.00 1.66 2.02 4.33 16.50 1.84 27.24 0.05
Car 0.00 2 -3.30 1014.00 550.00 1239.00 622.00 1.50 1.97 4.47 6.65 2.02 27.58 -3.07
