Car 0.00 1 1.02 1411.00 406.00 1733.00 542.00 2.00 2.16 5.47 12.60 0.10 21.75 1.55
Car 0.00 2 1.75 247.00 506.00 404.00 609.00 1.59 1.84 4.52 -9.05 1.51 23.00 1.38
Car 0.00 2 -1.81 1025.00 483.00 1154.00 559.00 1.47 1.78 4.13 5.61 1.05 27.25 -1.60
Car 0.00 1 -1.74 988.00 457.00 1100.00 542.00 2.00 2.03 4.95 5.61 0.76 33.00 -1.57
Car 0.00 1 -1.78 1064.00 460.00 1231.00 578.00 1.77 1.80 4.46 5.36 0.79 21.54 -1.53
Car 0.00 0 -1.92 1142.00 484.00 1410.00 622.00 1.44 1.74 4.22 5.43 0.93 15.74 -1.59
Car 0.00 2 -1.70 948.00 472.00 1019.00 523.00 1.69 1.93 4.51 5.62 0.99 45.44 -1.57
Car 0.00 0 1.80 350.00 460.00 628.00 662.00 1.74 1.75 4.55 -3.35 0.83 13.36 1.55
Car 0.00 0 -2.01 1273.00 482.00 1792.00 720.00 1.41 1.72 4.36 5.09 0.83 9.85 -1.53
Car 0.00 3 -1.71 965.00 478.00 1047.00 530.00 1.49 1.91 4.25 5.59 1.05 39.55 -1.57
Car 0.00 3 1.84 456.00 485.00 575.00 562.00 2.00 1.88 5.27 -8.79 1.46 35.93 1.60
Car 0.00 3 1.75 562.00 484.00 632.00 538.00 1.88 1.82 4.48 -8.67 1.52 47.65 1.57
