Car 0.00 0 1.77 463.00 480.00 659.00 603.00 1.41 1.76 4.28 -3.50 0.88 17.31 1.57
Car 0.00 0 2.52 -327.00 500.00 420.00 785.00 1.49 1.75 4.68 -5.53 1.08 9.73 2.00
Car 0.00 2 2.10 -293.00 491.00 149.00 696.00 1.78 1.83 4.52 -9.53 1.18 13.86 1.50
Car 0.00 2 -1.68 913.00 454.00 974.00 504.00 2.00 2.03 4.95 5.06 0.39 54.86 -1.59
Car 0.00 2 -1.66 938.00 457.00 1004.00 513.00 1.77 1.80 4.46 4.97 0.51 43.56 -1.55
Car 0.00 0 -1.70 973.00 467.00 1066.00 530.00 1.41 1.72 4.36 4.79 0.69 31.63 -1.55
Car 0.00 2 -2.16 1450.00 411.00 1757.00 536.00 1.64 1.77 4.48 11.75 0.06 19.38 -1.61
Car 0.00 3 1.17 1397.00 420.00 1546.00 486.00 1.60 2.00 4.44 17.54 -0.44 34.37 1.64
Car 0.00 0 -1.76 1040.00 440.00 1220.00 574.00 1.76 1.78 4.42 4.51 0.51 19.28 -1.53
Car 0.00 1 1.68 603.00 468.00 705.00 550.00 1.62 1.75 4.27 -3.76 0.82 27.96 1.54
