Car 0.00 3 3.03 889.00 605.00 998.00 639.00 1.33 1.91 4.35 5.33 5.49 53.44 3.13
Car 0.00 3 2.89 978.00 598.00 1276.00 715.00 1.75 2.04 4.30 4.92 2.63 20.56 3.13
Car 0.00 3 -0.50 1386.00 616.00 1635.00 691.00 1.48 1.95 4.27 14.90 3.47 27.36 -0.00
Car 0.00 0 2.80 1034.00 597.00 1499.00 757.00 1.72 2.23 4.75 5.19 2.15 15.18 3.13
Car 0.00 3 -0.56 1461.00 614.00 1715.00 700.00 1.57 1.84 3.80 15.03 3.21 24.83 -0.02
Car 0.00 2 -0.59 1514.00 602.00 1837.00 712.00 1.79 2.06 4.23 15.08 2.88 22.43 -0.00
Car 0.00 3 2.85 1017.00 594.00 1357.00 726.00 1.70 1.92 4.19 5.08 2.32 17.83 3.13
Car 0.00 2 -0.08 922.00 597.00 1108.00 663.00 1.68 2.04 4.84 5.31 3.73 34.36 0.08
Car 0.00 3 -3.25 931.00 614.00 1129.00 678.00 1.49 2.02 4.71 5.29 3.85 31.91 -3.08
Car 0.00 0 1.52 605.00 595.00 655.00 637.00 1.65 1.83 4.36 -7.93 5.24 53.61 1.37
Car 0.00 3 2.94 953.00 610.00 1181.00 685.00 1.50 1.96 4.56 5.37 3.35 27.56 3.14
Car 0.00 3 -3.49 1299.00 610.00 1484.00 670.00 1.50 2.02 4.11 15.55 4.02 34.44 -3.07
