Car 0.00 3 0.31 348.00 483.00 517.00 538.00 1.65 1.87 4.70 -12.28 1.25 39.28 0.01
Car 0.00 3 0.24 438.00 479.00 565.00 529.00 1.79 1.93 4.29 -12.27 1.27 47.48 -0.01
Car 0.00 3 0.33 389.00 476.00 536.00 531.00 1.74 1.98 4.29 -12.08 1.11 41.74 0.04
Car 0.00 3 0.34 259.00 483.00 437.00 551.00 1.71 1.87 4.07 -12.76 1.24 33.61 -0.02
Car 0.00 3 -2.51 -98.00 499.00 94.00 560.00 1.76 1.93 4.81 -25.88 1.84 39.21 -3.09
Car 0.00 3 -2.51 -139.00 504.00 74.00 568.00 1.74 1.96 4.92 -25.15 1.90 36.78 -3.11
Car 0.00 3 0.38 172.00 489.00 396.00 562.00 1.68 1.88 4.76 -13.41 1.35 31.17 -0.02
Car 0.00 3 0.36 310.00 479.00 492.00 547.00 1.86 1.96 4.58 -12.26 1.22 36.27 0.03
Car 0.00 3 0.26 463.00 476.00 597.00 525.00 1.95 2.17 5.06 -12.45 1.28 52.81 0.03
Car 0.00 2 0.49 131.00 481.00 365.00 569.00 1.88 1.91 4.41 -12.98 1.22 28.28 0.06
Car 0.00 0 1.69 647.00 474.00 748.00 546.00 1.71 1.97 4.90 -3.24 0.98 32.43 1.59
