Car 0.00 0 1.66 703.00 473.00 784.00 530.00 1.41 1.76 4.28 -2.16 0.80 33.65 1.60
Car 0.00 0 2.03 536.00 478.00 727.00 565.00 1.49 1.75 4.68 -3.67 0.94 24.52 1.88
Car 0.00 0 1.84 355.00 476.00 501.00 567.00 1.78 1.83 4.52 -8.47 1.03 27.06 1.53
Car 0.00 0 0.29 -36.00 497.00 430.00 651.00 1.54 1.76 4.62 -7.27 1.16 14.93 -0.17
Car 0.00 0 -1.87 1114.00 454.00 1425.00 653.00 1.70 1.79 4.33 4.37 0.74 13.13 -1.55
Car 0.00 2 -1.66 946.00 457.00 992.00 496.00 2.00 2.03 4.95 7.66 0.35 67.79 -1.55
Car 0.00 1 -1.66 981.00 471.00 1042.00 514.00 1.41 1.72 4.36 6.47 0.77 44.22 -1.51
Car 0.00 2 -1.97 1274.00 443.00 1420.00 515.00 1.64 1.77 4.48 13.02 0.22 31.63 -1.58
Car 0.00 0 -1.67 1012.00 460.00 1103.00 536.00 1.76 1.78 4.42 5.77 0.66 31.80 -1.49
Car 0.00 3 1.62 746.00 467.00 798.00 512.00 1.62 1.75 4.27 -2.06 0.72 48.16 1.58
