Car 0.00 3 3.03 876.00 495.00 977.00 527.00 1.33 1.91 4.35 4.93 0.86 57.02 3.12
Car 0.00 3 2.92 947.00 479.00 1199.00 580.00 1.75 2.04 4.30 4.78 0.69 24.01 3.12
Car 0.00 3 -0.45 1314.00 503.00 1528.00 570.00 1.48 1.95 4.27 14.70 1.07 30.94 -0.01
Car 0.00 0 2.86 989.00 477.00 1358.00 609.00 1.72 2.23 4.75 5.09 0.71 18.62 3.12
Car 0.00 3 -0.51 1375.00 503.00 1589.00 580.00 1.57 1.84 3.80 14.85 1.09 28.40 -0.03
Car 0.00 1 -0.53 1416.00 492.00 1682.00 588.00 1.79 2.06 4.23 14.93 0.95 25.98 -0.01
Car 0.00 2 -0.06 904.00 482.00 1072.00 544.00 1.68 2.04 4.84 5.06 0.62 37.86 0.07
Car 0.00 3 -3.23 911.00 495.00 1089.00 554.00 1.49 2.02 4.71 5.06 0.91 35.43 -3.09
Car 0.00 1 1.51 608.00 479.00 656.00 518.00 1.65 1.83 4.36 -8.33 0.30 57.06 1.36
Car 0.00 3 2.96 930.00 491.00 1131.00 558.00 1.50 1.96 4.56 5.17 0.78 31.05 3.13
Car 0.00 3 -3.46 1246.00 500.00 1410.00 554.00 1.50 2.02 4.11 15.30 1.04 38.05 -3.07
