Car 0.00 3 2.74 1171.00 474.00 1427.00 567.00 1.73 2.10 4.44 9.68 1.02 25.91 3.10
Car 0.00 3 2.55 1399.00 492.00 1867.00 631.00 1.44 2.12 4.30 9.58 1.06 15.19 3.12
Car 0.00 0 1.67 639.00 451.00 740.00 533.00 2.18 2.33 5.55 -3.93 0.62 36.97 1.57
Car 0.00 3 -3.65 1350.00 467.00 1767.00 618.00 1.90 2.13 4.63 10.22 0.98 17.81 -3.13
Car 0.00 2 -3.79 1520.00 449.00 2270.00 686.00 1.96 2.44 5.20 10.16 0.87 12.38 -3.10
Car 0.00 3 2.68 1249.00 477.00 1593.00 587.00 1.60 2.15 4.61 9.66 0.98 20.65 3.12
Car 0.00 3 -3.41 1135.00 468.00 1387.00 560.00 1.88 2.44 4.94 9.80 0.97 28.65 -3.08
Car 0.00 3 -0.28 1106.00 460.00 1334.00 547.00 1.98 2.40 4.94 9.76 0.81 31.45 0.02
Car 0.00 3 2.86 1071.00 475.00 1249.00 541.00 1.78 2.11 4.67 9.84 1.11 37.25 3.12
Car 0.00 3 -0.43 1213.00 480.00 1509.00 574.00 1.55 2.04 4.59 9.82 1.03 23.26 -0.03
