Car 0.00 0 -2.32 1412.00 254.00 4067.00 1431.00 1.77 1.87 4.67 4.04 0.61 4.28 -1.56
Car 0.00 0 2.00 247.00 504.00 362.00 557.00 1.64 2.10 4.16 -18.01 2.05 43.41 1.60
Car 0.00 0 1.89 419.00 500.00 499.00 539.00 1.70 2.25 5.06 -17.93 2.38 61.39 1.60
Car 0.00 0 1.95 317.00 493.00 424.00 549.00 2.00 2.19 5.05 -17.92 1.96 49.54 1.60
Car 0.00 0 1.99 161.00 503.00 297.00 573.00 1.83 1.98 4.36 -17.56 1.95 37.08 1.55
Car 0.00 2 -1.66 936.00 472.00 1034.00 557.00 1.77 1.81 4.11 3.57 0.97 28.88 -1.54
Car 0.00 2 -1.78 970.00 455.00 1138.00 576.00 1.92 2.01 4.54 3.99 0.78 22.80 -1.61
Car 0.00 1 1.91 380.00 497.00 465.00 543.00 1.86 2.08 4.71 -17.85 2.17 55.58 1.60
Car 0.00 0 -1.95 1128.00 454.00 1607.00 732.00 1.72 1.89 4.59 4.01 0.81 10.31 -1.58
Car 0.00 0 2.04 30.00 511.00 206.00 586.00 1.61 1.95 4.55 -17.67 1.90 31.54 1.53
Car 0.00 0 2.15 -182.00 503.00 88.00 611.00 1.88 2.25 4.75 -17.67 1.68 25.71 1.55
