Car 0.00 1 -2.53 592.00 453.00 714.00 500.00 1.80 1.65 4.71 -6.55 -0.59 50.58 -2.66
Car 0.00 3 -2.98 1060.00 424.00 1243.00 501.00 2.00 1.94 4.57 9.18 -0.77 34.72 -2.72
Car 0.00 2 0.51 707.00 438.00 857.00 489.00 1.52 1.86 4.33 -1.09 -0.87 39.94 0.49
Car 0.00 3 0.48 732.00 438.00 890.00 490.00 1.65 1.66 5.04 -0.22 -0.91 42.16 0.48
Car 0.00 1 -2.51 554.00 458.00 678.00 499.00 1.52 1.62 4.60 -7.65 -0.51 48.23 -2.67
Car 0.00 0 1.04 146.00 462.00 271.00 509.00 1.61 1.92 4.61 -21.70 -0.23 45.17 0.59
Car 0.00 3 0.45 797.00 435.00 931.00 484.00 1.70 1.74 4.63 1.74 -1.16 46.56 0.49
Car 0.00 0 0.69 483.00 465.00 605.00 508.00 1.46 1.67 4.07 -9.59 -0.19 44.54 0.48
Car 0.00 3 0.41 844.00 442.00 961.00 481.00 1.45 1.80 4.11 3.31 -1.14 48.86 0.48
Car 0.00 0 0.56 638.00 440.00 802.00 488.00 1.37 1.67 4.80 -2.93 -0.82 38.39 0.49
