Car 0.00 2 -0.36 1226.00 449.00 1606.00 578.00 1.81 1.91 4.82 8.72 0.62 18.90 0.08
Car 0.00 3 -3.50 1199.00 481.00 1473.00 558.00 1.40 1.94 4.54 9.80 0.93 24.37 -3.12
Car 0.00 0 1.83 565.00 488.00 762.00 604.00 1.43 1.75 4.30 -2.19 0.99 18.05 1.70
Car 0.00 1 1.80 591.00 438.00 747.00 562.00 2.57 2.12 6.67 -3.51 0.65 29.52 1.68
Car 0.00 3 -3.25 1097.00 475.00 1241.00 523.00 1.59 1.96 4.65 11.87 1.00 43.69 -2.98
Car 0.00 3 -0.61 1518.00 474.00 2229.00 673.00 1.52 1.73 4.53 8.72 0.82 10.79 0.07
Car 0.00 3 -3.57 1300.00 464.00 1742.00 596.00 1.55 1.85 4.59 8.70 0.72 16.04 -3.07
Car 0.00 3 -3.34 1123.00 475.00 1317.00 543.00 1.66 1.76 4.54 10.18 0.99 32.68 -3.04
Car 0.00 2 1.76 711.00 482.00 779.00 527.00 1.73 1.94 4.60 -3.27 1.38 51.27 1.70
Car 0.00 3 -3.49 1183.00 474.00 1422.00 554.00 1.65 1.77 4.49 10.22 0.93 27.11 -3.13
Car 0.00 3 -3.49 1229.00 477.00 1532.00 572.00 1.52 1.83 4.41 9.42 0.91 21.59 -3.08
