Car 0.00 2 -3.68 1417.00 443.00 1953.00 636.00 2.02 2.15 4.83 10.00 0.76 14.96 -3.09
Car 0.00 3 -0.54 1356.00 453.00 1839.00 617.00 2.00 2.14 5.31 10.45 0.84 17.32 0.00
Car 0.00 3 -3.48 1189.00 480.00 1414.00 551.00 1.44 2.12 4.30 10.72 1.01 28.54 -3.12
Car 0.00 3 -3.58 1260.00 459.00 1599.00 579.00 1.96 2.15 5.09 10.82 0.85 22.79 -3.14
Car 0.00 2 -3.79 1567.00 474.00 2289.00 690.00 1.75 2.15 4.91 10.25 0.98 12.05 -3.09
Car 0.00 3 -3.59 1279.00 445.00 1691.00 581.00 1.91 2.50 5.23 10.31 0.64 20.04 -3.11
Car 0.00 3 -3.44 1175.00 465.00 1393.00 549.00 1.90 2.13 4.63 11.26 0.89 31.14 -3.09
Car 0.00 3 -3.47 1225.00 458.00 1531.00 565.00 1.96 2.44 5.20 11.14 0.81 25.71 -3.06
Car 0.00 3 -3.42 1140.00 471.00 1336.00 536.00 1.60 2.15 4.61 11.08 0.88 34.00 -3.11
Car 0.00 3 -0.20 1077.00 460.00 1232.00 520.00 1.98 2.40 4.94 11.63 0.69 44.77 0.06
Car 0.00 3 -0.29 1125.00 474.00 1304.00 532.00 1.55 2.04 4.59 11.29 0.94 36.72 0.01
