Car 0.00 1 -1.75 1019.00 457.00 1124.00 542.00 1.86 1.69 4.21 5.80 0.68 30.14 -1.56
Car 0.00 3 0.06 369.00 489.00 521.00 548.00 2.00 2.32 5.42 -14.53 1.82 48.06 -0.23
Car 0.00 0 1.94 172.00 474.00 384.00 621.00 2.20 1.93 3.92 -9.13 1.21 21.24 1.54
Car 0.00 1 -1.69 971.00 456.00 1044.00 517.00 1.93 1.97 4.08 6.18 0.57 43.24 -1.55
Car 0.00 0 -1.87 1126.00 463.00 1365.00 596.00 1.59 1.83 4.69 5.76 0.77 17.91 -1.56
Car 0.00 2 -1.75 991.00 453.00 1089.00 523.00 1.79 1.96 4.16 5.91 0.50 35.20 -1.58
Car 0.00 0 2.23 -1282.00 513.00 384.00 1324.00 1.47 1.69 4.23 -3.31 0.97 4.61 1.61
Car 0.00 0 1.87 304.00 455.00 476.00 587.00 2.44 2.06 4.39 -8.88 0.99 25.91 1.54
Car 0.00 1 -1.71 940.00 467.00 996.00 507.00 1.65 1.86 4.17 6.27 0.75 56.07 -1.60
Car 0.00 2 -1.63 928.00 464.00 970.00 504.00 1.81 1.77 4.03 5.98 0.70 61.64 -1.53
Car 0.00 0 -1.79 1052.00 448.00 1187.00 563.00 1.96 1.63 3.87 5.49 0.64 23.93 -1.56
Car 0.00 0 -2.25 1478.00 411.00 2587.00 907.00 1.69 1.69 4.14 5.31 0.69 6.48 -1.56
