Car 0.00 2 0.68 -490.00 487.00 79.00 663.00 1.64 1.70 4.59 -10.71 1.05 13.23 -0.00
Car 0.00 0 -0.36 1134.00 477.00 1471.00 592.00 1.58 1.75 4.42 7.13 0.96 19.08 -0.00
Car 0.00 3 -2.75 390.00 492.00 506.00 532.00 1.66 2.03 4.37 -16.50 1.83 54.70 -3.04
Car 0.00 3 0.63 -247.00 461.00 195.00 626.00 1.90 1.87 4.41 -10.76 0.91 16.02 0.03
Car 0.00 3 0.58 -161.00 476.00 242.00 612.00 1.83 1.85 4.89 -11.61 1.07 18.73 0.03
Car 0.00 2 -2.56 1002.00 485.00 1189.00 545.00 1.47 1.81 4.58 7.09 1.18 33.36 -2.35
Car 0.00 0 -1.57 829.00 487.00 868.00 520.00 1.72 2.08 4.76 1.20 1.85 69.70 -1.56
Car 0.00 1 0.37 109.00 467.00 408.00 579.00 2.00 1.98 4.93 -11.00 1.01 24.56 -0.05
Car 0.00 0 2.57 1269.00 459.00 1941.00 667.00 1.58 1.89 4.80 6.69 0.77 11.14 3.11
Car 0.00 3 -2.04 1322.00 461.00 1479.00 533.00 1.69 1.85 4.41 14.82 0.70 32.62 -1.62
Car 0.00 0 1.65 683.00 478.00 754.00 553.00 1.89 1.63 2.96 -2.85 1.19 33.61 1.56
