Car 0.00 0 0.85 1446.00 474.00 1712.00 580.00 1.77 1.80 4.42 14.87 1.60 24.05 1.40
Car 0.00 3 3.48 11.00 460.00 216.00 530.00 1.72 2.17 4.13 -17.09 1.43 32.27 3.00
Car 0.00 1 0.91 1315.00 487.00 1594.00 586.00 1.52 1.89 4.95 12.13 1.72 23.42 1.38
Car 0.00 3 -2.38 1562.00 490.00 1841.00 577.00 1.44 1.85 4.33 17.73 1.79 24.77 -1.76
Car 0.00 0 -1.23 -114.00 481.00 97.00 569.00 1.42 1.94 4.56 -14.90 1.56 23.99 -1.79
Car 0.00 0 1.13 1034.00 481.00 1251.00 572.00 1.36 1.91 4.69 6.21 1.50 22.70 1.40
Car 0.00 0 1.01 1203.00 474.00 1416.00 567.00 1.49 1.76 3.96 9.44 1.45 23.16 1.40
Car 0.00 0 0.05 428.00 466.00 628.00 544.00 1.78 2.12 4.57 -6.17 1.59 30.55 -0.15
Car 0.00 0 -1.49 234.00 476.00 350.00 564.00 1.59 1.85 3.81 -9.93 1.59 25.58 -1.86
Car 0.00 3 1.65 332.00 475.00 419.00 544.00 1.81 2.05 5.04 -12.12 2.05 37.52 1.34
