Car 0.00 3 -0.47 1133.00 387.00 1868.00 670.00 1.84 1.91 4.34 4.99 0.61 9.35 0.02
Car 0.00 3 -2.54 -330.00 423.00 284.00 610.00 1.64 1.96 4.75 -7.66 0.71 12.28 -3.10
Car 0.00 3 -0.26 986.00 435.00 1295.00 538.00 1.52 1.97 4.37 5.52 0.75 20.14 0.01
Car 0.00 3 2.87 943.00 445.00 1236.00 533.00 1.51 1.92 4.81 5.39 0.90 22.89 3.10
Car 0.00 0 2.29 1272.00 327.00 3708.00 1151.00 1.84 1.97 4.79 4.25 0.70 3.84 3.13
Car 0.00 2 -3.01 611.00 436.00 718.00 473.00 1.80 2.23 5.12 -6.15 0.84 64.12 -3.11
Car 0.00 0 -0.12 842.00 422.00 981.00 480.00 2.29 2.00 5.43 5.01 0.52 51.38 -0.02
Car 0.00 0 -2.05 669.00 422.00 844.00 516.00 1.83 2.08 4.06 -0.73 0.64 26.86 -2.08
Car 0.00 3 -0.41 1099.00 396.00 1649.00 607.00 1.83 1.90 4.35 5.39 0.57 12.04 0.01
Car 0.00 3 -0.62 1254.00 391.00 2381.00 794.00 1.78 2.61 4.09 5.11 0.70 6.99 0.01
