Car 0.00 3 -0.39 1344.00 485.00 1527.00 546.00 1.49 1.89 3.83 16.03 0.59 32.95 0.06
Car 0.00 3 -3.26 919.00 488.00 1036.00 524.00 1.33 1.91 4.35 6.30 0.56 49.85 -3.14
Car 0.00 3 -0.28 1170.00 483.00 1293.00 529.00 1.70 1.85 4.22 16.26 0.55 49.78 0.04
Car 0.00 3 -3.44 1038.00 484.00 1412.00 629.00 1.75 2.04 4.30 5.29 0.81 16.86 -3.14
Car 0.00 3 -0.56 1501.00 492.00 1802.00 579.00 1.48 1.95 4.27 15.39 0.79 23.51 0.02
Car 0.00 0 -3.58 1125.00 484.00 1776.00 702.00 1.72 2.23 4.75 5.44 0.82 11.45 -3.13
Car 0.00 2 -3.50 1093.00 457.00 1540.00 626.00 1.70 1.92 4.19 5.39 0.51 14.10 -3.13
Car 0.00 1 -0.09 960.00 481.00 1171.00 555.00 1.68 2.04 4.84 5.94 0.61 30.69 0.10
Car 0.00 3 -3.27 971.00 491.00 1198.00 564.00 1.49 2.02 4.71 5.87 0.77 28.26 -3.06
Car 0.00 0 1.53 617.00 475.00 669.00 519.00 1.65 1.83 4.36 -6.92 0.18 50.25 1.39
Car 0.00 3 -3.37 999.00 492.00 1267.00 579.00 1.50 1.96 4.56 5.86 0.79 23.89 -3.13
Car 0.00 3 -3.53 1383.00 485.00 1598.00 552.00 1.50 2.02 4.11 16.18 0.63 30.60 -3.05
Car 0.00 3 -0.24 1201.00 482.00 1326.00 526.00 1.49 1.85 3.84 15.80 0.43 44.91 0.10
