Car 0.00 1 2.75 1167.00 481.00 1425.00 564.00 1.62 1.92 4.79 9.99 1.11 26.91 3.11
Car 0.00 0 -3.41 1124.00 488.00 1325.00 556.00 1.73 1.95 4.98 11.05 1.43 35.07 -3.10
Car 0.00 0 -3.43 1144.00 471.00 1366.00 564.00 2.04 2.10 4.54 10.09 1.10 29.80 -3.10
Car 0.00 1 -3.26 946.00 481.00 1021.00 508.00 1.75 1.94 5.09 11.25 1.76 90.14 -3.14
Car 0.00 0 -0.18 1065.00 470.00 1222.00 536.00 2.00 2.20 4.59 10.22 1.06 40.69 0.07
Car 0.00 0 -0.54 1544.00 495.00 1749.00 572.00 2.00 1.98 4.39 22.89 1.75 35.12 0.04
Car 0.00 0 -3.34 1056.00 472.00 1197.00 534.00 2.00 2.16 4.39 10.36 1.12 43.49 -3.10
Car 0.00 0 -3.79 1515.00 494.00 2079.00 668.00 1.61 1.74 4.64 10.16 1.12 13.37 -3.14
Car 0.00 2 -3.55 1278.00 475.00 1596.00 597.00 1.90 1.94 4.47 10.33 1.09 21.48 -3.10
Car 0.00 0 -0.53 1411.00 489.00 1853.00 634.00 1.67 1.83 4.53 10.33 1.14 16.35 0.04
Car 0.00 1 -0.47 1419.00 485.00 1636.00 558.00 2.17 2.28 5.72 22.66 1.63 40.71 0.04
