Car 0.00 3 0.75 -96.00 465.00 140.00 543.00 1.71 2.05 4.52 -18.69 0.27 29.89 0.19
Car 0.00 3 -2.56 99.00 474.00 404.00 573.00 1.71 1.76 5.08 -10.53 0.56 23.72 -2.97
Car 0.00 3 -2.85 526.00 477.00 765.00 567.00 1.59 1.85 4.17 -3.23 0.54 24.31 -2.98
Car 0.00 0 0.32 466.00 478.00 743.00 581.00 1.61 1.95 4.31 -3.59 0.61 21.86 0.16
Car 0.00 3 -2.90 646.00 482.00 814.00 553.00 1.64 1.90 3.80 -2.11 0.61 31.51 -2.97
Car 0.00 1 2.56 1182.00 483.00 1347.00 542.00 1.70 2.09 4.25 13.56 0.63 38.40 2.90
Car 0.00 3 -2.43 -60.00 483.00 315.00 605.00 1.63 2.31 4.55 -10.28 0.71 19.08 -2.92
Car 0.00 3 0.81 -216.00 460.00 48.00 543.00 1.66 2.23 4.40 -19.37 0.19 27.34 0.19
Car 0.00 0 1.47 1082.00 463.00 1203.00 563.00 1.98 2.03 5.24 7.09 0.41 28.02 1.72
Car 0.00 2 0.81 -743.00 412.00 291.00 822.00 1.86 1.93 4.49 -5.56 0.55 7.07 0.14
Car 0.00 0 -2.64 -66.00 422.00 507.00 652.00 1.94 2.09 4.48 -5.49 0.38 12.09 -3.07
