Car 0.00 3 1.19 1257.00 436.00 1350.00 488.00 2.00 1.87 4.84 19.70 -0.31 51.97 1.55
Car 0.00 0 -0.31 194.00 450.00 769.00 664.00 1.67 1.95 5.03 -3.25 0.70 12.27 -0.57
Car 0.00 1 1.22 1248.00 443.00 1329.00 493.00 1.69 1.48 3.83 16.71 -0.07 45.48 1.58
Car 0.00 3 1.26 1193.00 437.00 1283.00 490.00 2.00 2.00 5.07 16.70 -0.23 51.15 1.58
Car 0.00 0 -1.67 999.00 462.00 1061.00 514.00 1.58 1.60 3.48 6.53 0.56 40.46 -1.51
Car 0.00 3 1.97 241.00 493.00 449.00 598.00 1.63 1.83 4.70 -8.66 1.29 23.03 1.61
Car 0.00 3 1.73 672.00 465.00 726.00 506.00 2.00 1.97 5.18 -6.57 0.81 65.10 1.63
Car 0.00 0 -2.04 1220.00 455.00 1883.00 761.00 1.53 1.89 4.76 4.48 0.72 8.84 -1.57
Car 0.00 3 -2.01 1349.00 433.00 1524.00 519.00 1.67 1.72 4.18 12.94 0.13 26.88 -1.56
Car 0.00 3 1.90 465.00 477.00 672.00 588.00 1.54 1.76 4.70 -3.97 0.91 20.15 1.70
Car 0.00 3 -1.64 936.00 460.00 966.00 492.00 1.96 1.63 3.87 7.93 0.37 80.26 -1.54
Car 0.00 3 1.91 399.00 464.00 551.00 555.00 1.96 1.92 4.79 -8.24 0.88 29.86 1.64
