Car 0.00 0 -1.78 180.00 528.00 251.00 572.00 1.72 1.82 4.61 -26.84 3.49 54.96 -2.23
Car 0.00 0 2.01 147.00 485.00 354.00 593.00 2.24 2.12 5.89 -13.64 1.56 30.18 1.58
Car 0.00 0 -3.56 1426.00 406.00 1779.00 537.00 1.86 2.05 4.50 12.84 0.05 21.05 -3.01
Car 0.00 0 -1.75 147.00 507.00 210.00 552.00 2.00 1.82 4.64 -31.34 2.89 60.56 -2.23
Car 0.00 0 -3.72 1556.00 402.00 1988.00 565.00 1.73 1.67 3.98 11.69 0.18 15.71 -3.08
Car 0.00 0 -3.42 1188.00 448.00 1363.00 514.00 1.70 1.84 4.50 13.35 0.34 37.46 -3.08
Car 0.00 0 -0.30 1137.00 459.00 1270.00 513.00 1.76 1.88 4.40 14.37 0.62 47.94 -0.01
Car 0.00 0 -0.50 1500.00 435.00 1662.00 492.00 1.76 1.90 4.58 27.18 -0.22 45.24 0.04
Car 0.00 0 -3.53 1417.00 408.00 1758.00 525.00 1.83 2.11 4.96 14.14 -0.04 23.58 -2.99
Car 0.00 0 -1.76 134.00 528.00 193.00 567.00 1.84 1.81 4.51 -34.30 3.99 64.75 -2.25
