Car 0.00 2 -3.57 1278.00 448.00 1785.00 605.00 1.59 1.96 4.65 7.84 0.60 14.34 -3.07
Car 0.00 2 1.67 636.00 463.00 736.00 550.00 1.83 1.85 4.09 -3.17 0.81 28.92 1.56
Car 0.00 3 -3.41 1115.00 470.00 1369.00 547.00 1.43 1.90 4.53 8.30 0.75 25.36 -3.10
Car 0.00 3 -0.31 1159.00 464.00 1437.00 560.00 1.62 1.72 4.39 8.44 0.74 22.70 0.05
Car 0.00 3 -0.40 1235.00 454.00 1658.00 584.00 1.61 2.02 4.81 8.37 0.64 17.29 0.05
Car 0.00 0 1.96 237.00 469.00 468.00 587.00 1.73 1.94 4.60 -7.74 0.89 21.00 1.61
Car 0.00 3 -0.56 1425.00 457.00 2026.00 629.00 1.44 1.82 4.34 8.30 0.64 11.90 0.05
Car 0.00 0 1.77 472.00 467.00 584.00 541.00 1.67 1.91 3.90 -7.26 0.80 30.82 1.54
Car 0.00 3 -0.34 1191.00 451.00 1512.00 563.00 1.62 1.89 4.30 8.20 0.56 19.88 0.05
Car 0.00 3 -3.36 1063.00 472.00 1283.00 540.00 1.40 1.77 4.41 7.62 0.78 27.87 -3.10
