Car 0.00 0 -1.34 423.00 473.00 649.00 627.00 1.66 1.82 4.13 -3.45 0.91 15.67 -1.56
Car 0.00 0 2.84 279.00 511.00 401.00 549.00 1.54 2.04 4.60 -21.34 2.60 55.07 2.47
Car 0.00 3 -1.58 788.00 456.00 952.00 611.00 1.86 1.96 4.59 0.57 0.82 17.43 -1.55
Car 0.00 0 -0.66 1549.00 426.00 1761.00 494.00 1.90 2.11 4.95 24.42 -0.28 37.05 -0.08
Car 0.00 3 2.62 1442.00 447.00 1615.00 501.00 1.81 2.19 4.87 24.83 0.17 44.47 3.13
Car 0.00 0 -1.59 710.00 472.00 1045.00 713.00 1.47 2.06 4.81 0.34 0.81 10.18 -1.56
Car 0.00 0 -1.47 595.00 470.00 741.00 586.00 1.88 2.15 4.80 -2.78 1.01 23.08 -1.59
Car 0.00 3 -3.52 1399.00 444.00 1519.00 487.00 1.87 1.98 4.53 29.34 -0.20 58.25 -3.05
Car 0.00 3 0.62 763.00 477.00 923.00 533.00 1.72 2.12 4.82 0.48 1.14 40.60 0.63
Car 0.00 0 -1.74 1366.00 445.00 1863.00 773.00 1.75 2.15 4.67 5.32 0.80 9.27 -1.22
