Car 0.00 0 1.90 237.00 485.00 445.00 584.00 1.40 1.78 4.25 -7.59 0.95 20.05 1.54
Car 0.00 3 -0.62 1421.00 487.00 2033.00 660.00 1.44 1.80 4.42 8.18 0.90 11.68 -0.01
Car 0.00 0 1.79 548.00 486.00 638.00 535.00 1.43 1.96 3.98 -7.26 1.24 39.33 1.60
Car 0.00 0 1.67 686.00 487.00 768.00 545.00 1.42 1.75 4.29 -2.60 1.17 33.57 1.59
Car 0.00 2 1.88 365.00 487.00 516.00 564.00 1.39 1.67 4.25 -7.65 1.06 25.24 1.59
Car 0.00 2 -3.43 1149.00 486.00 1418.00 570.00 1.41 1.72 4.25 8.14 1.01 22.61 -3.09
Car 0.00 1 -3.51 1237.00 489.00 1552.00 588.00 1.46 1.69 4.26 8.96 1.06 20.03 -3.09
Car 0.00 3 -3.35 1040.00 479.00 1201.00 534.00 1.66 1.91 4.61 9.13 1.13 39.23 -3.12
Car 0.00 3 2.77 1116.00 485.00 1356.00 559.00 1.43 1.90 4.25 8.27 1.03 25.55 3.08
Car 0.00 0 -0.71 1568.00 435.00 2518.00 724.00 1.78 1.82 4.85 8.24 0.70 8.88 0.04
