Car 0.00 0 0.79 -535.00 402.00 67.00 612.00 1.77 1.80 4.42 -9.44 0.59 11.87 0.12
Car 0.00 3 -2.48 -256.00 439.00 205.00 573.00 1.44 1.85 4.33 -9.43 0.75 14.86 -3.04
Car 0.00 3 0.21 631.00 437.00 738.00 472.00 1.51 1.86 4.46 -4.53 0.75 56.35 0.13
Car 0.00 0 -3.59 1311.00 453.00 1616.00 544.00 1.64 2.01 4.75 12.87 1.13 24.27 -3.10
Car 0.00 3 -2.94 644.00 452.00 750.00 487.00 1.60 1.89 4.64 -4.14 1.46 58.81 -3.01
Car 0.00 3 0.25 572.00 436.00 703.00 479.00 1.49 1.84 4.30 -5.30 0.68 45.17 0.13
Car 0.00 2 -2.55 -76.00 405.00 299.00 544.00 1.78 2.07 4.11 -9.23 0.48 17.49 -3.04
Car 0.00 3 -3.49 1236.00 456.00 1471.00 523.00 1.51 2.02 4.67 13.35 1.19 29.97 -3.08
Car 0.00 2 -0.21 1087.00 447.00 1194.00 486.00 1.72 1.85 4.37 15.96 1.27 57.15 0.07
Car 0.00 3 -2.75 357.00 431.00 568.00 499.00 1.48 1.81 4.33 -7.39 0.62 28.97 -3.00
Car 0.00 0 -3.37 1108.00 445.00 1236.00 492.00 1.77 1.95 4.42 14.89 1.16 49.00 -3.08
Car 0.00 3 0.19 663.00 447.00 762.00 482.00 1.63 2.04 4.46 -3.59 1.29 61.45 0.13
Car 0.00 3 -0.52 1565.00 474.00 1756.00 528.00 1.57 2.10 4.42 27.08 1.93 39.27 0.09
Car 0.00 3 -3.33 1069.00 447.00 1165.00 479.00 1.58 1.77 4.40 16.45 1.24 63.12 -3.07
