Car 0.00 2 2.51 1491.00 502.00 1828.00 599.00 1.52 1.88 4.64 14.32 1.36 21.70 3.09
Car 0.00 3 -3.45 1168.00 487.00 1300.00 539.00 1.88 1.81 4.40 15.47 1.61 47.71 -3.14
Car 0.00 3 -3.56 1291.00 497.00 1488.00 561.00 1.48 1.69 4.23 14.23 1.48 31.79 -3.14
Car 0.00 3 -3.49 1199.00 482.00 1358.00 540.00 1.80 1.86 4.62 15.06 1.36 41.92 -3.14
Car 0.00 0 1.65 700.00 485.00 758.00 532.00 1.57 1.71 4.04 -3.46 1.36 45.15 1.58
Car 0.00 3 2.57 1391.00 501.00 1645.00 581.00 1.56 1.86 4.43 14.67 1.48 26.73 3.07
Car 0.00 3 2.66 1344.00 494.00 1562.00 572.00 1.70 1.80 4.17 14.57 1.45 29.28 3.12
Car 0.00 3 2.58 1433.00 501.00 1734.00 594.00 1.63 1.92 4.65 14.55 1.47 24.25 3.13
Car 0.00 3 -3.47 1183.00 494.00 1323.00 538.00 1.47 1.83 4.38 15.24 1.64 44.95 -3.14
Car 0.00 3 2.72 1248.00 480.00 1433.00 544.00 1.76 1.99 4.65 15.17 1.24 37.14 3.11
Car 0.00 1 -2.18 196.00 472.00 312.00 520.00 1.76 1.81 4.41 -22.01 0.98 48.13 -2.61
