Car 0.00 3 2.03 227.00 492.00 379.00 563.00 1.91 2.17 5.05 -15.72 1.67 37.97 1.63
Car 0.00 0 -1.51 801.00 475.00 841.00 511.00 2.08 2.14 4.70 -0.32 1.41 77.84 -1.51
Car 0.00 0 1.66 671.00 481.00 718.00 518.00 1.80 2.00 4.66 -6.88 1.52 65.57 1.55
Car 0.00 0 1.91 396.00 497.00 490.00 541.00 1.58 2.12 4.76 -15.41 1.94 50.65 1.62
Car 0.00 0 -1.79 1047.00 468.00 1234.00 589.00 1.62 1.82 4.46 4.71 0.83 19.48 -1.56
Car 0.00 1 -1.90 1141.00 477.00 1451.00 647.00 1.46 1.67 4.34 4.70 0.84 13.27 -1.56
Car 0.00 0 -1.76 984.00 483.00 1088.00 545.00 1.44 1.75 4.46 5.23 1.07 31.87 -1.59
Car 0.00 2 -1.72 958.00 480.00 1029.00 527.00 1.49 1.79 4.00 5.67 1.12 43.03 -1.59
Car 0.00 0 2.05 24.00 428.00 389.00 624.00 2.46 2.27 6.24 -9.07 0.75 19.22 1.61
Car 0.00 0 -2.07 1261.00 466.00 2149.00 867.00 1.50 1.96 4.38 4.14 0.79 7.03 -1.54
Car 0.00 0 1.78 509.00 494.00 602.00 552.00 1.58 1.81 4.68 -8.27 1.58 38.58 1.57
