Car 0.00 3 -0.54 1538.00 501.00 1819.00 591.00 1.49 1.89 3.83 15.77 0.96 23.35 0.05
Car 0.00 2 2.99 932.00 493.00 1079.00 539.00 1.33 1.91 4.35 5.95 0.76 40.20 3.14
Car 0.00 3 -0.34 1241.00 489.00 1398.00 547.00 1.70 1.85 4.22 15.91 0.81 40.18 0.03
Car 0.00 2 2.52 1278.00 446.00 2321.00 825.00 1.75 2.04 4.30 5.17 0.70 7.19 3.14
Car 0.00 3 2.61 1248.00 486.00 1908.00 734.00 1.60 1.82 3.84 5.50 0.81 9.53 3.13
Car 0.00 3 -0.38 1214.00 487.00 1345.00 536.00 1.52 1.75 3.71 15.47 0.66 42.44 -0.04
Car 0.00 1 -4.00 1548.00 419.00 3500.00 1073.00 1.70 1.92 4.19 5.24 0.70 4.44 -3.14
Car 0.00 1 -0.17 1007.00 475.00 1330.00 589.00 1.68 2.04 4.84 5.69 0.63 21.03 0.09
Car 0.00 3 -3.30 973.00 485.00 1182.00 564.00 1.59 1.93 4.29 5.74 0.71 28.25 -3.10
Car 0.00 2 -3.36 1031.00 490.00 1393.00 606.00 1.49 2.02 4.71 5.65 0.77 18.60 -3.07
Car 0.00 0 1.56 558.00 470.00 621.00 526.00 1.65 1.83 4.36 -7.27 0.18 40.52 1.38
Car 0.00 1 -3.51 1097.00 490.00 1577.00 644.00 1.50 1.96 4.56 5.66 0.79 14.23 -3.13
Car 0.00 3 -0.32 1290.00 489.00 1457.00 548.00 1.49 1.85 3.84 15.47 0.73 35.31 0.09
