Car 0.00 0 -1.68 722.00 478.00 779.00 518.00 1.59 1.97 4.42 -2.92 0.26 55.34 -1.74
Car 0.00 0 3.20 76.00 480.00 353.00 596.00 1.77 1.92 4.17 -10.39 0.75 22.18 2.76
Car 0.00 3 -0.57 1491.00 452.00 1870.00 567.00 1.53 1.96 4.38 13.02 0.26 19.31 0.03
Car 0.00 1 -0.20 1045.00 467.00 1249.00 544.00 1.60 1.97 4.23 7.60 0.31 29.45 0.05
Car 0.00 0 -0.96 442.00 474.00 672.00 580.00 1.68 1.82 4.33 -4.50 0.57 22.70 -1.16
Car 0.00 0 -3.43 1081.00 471.00 1377.00 570.00 1.54 1.96 4.55 7.15 0.48 22.33 -3.12
Car 0.00 3 -0.23 959.00 465.00 1082.00 515.00 1.78 1.80 4.33 7.88 -0.06 49.01 -0.07
Car 0.00 1 2.66 1228.00 462.00 1714.00 617.00 1.56 1.99 4.64 7.50 0.52 14.86 3.12
Car 0.00 3 -0.37 1261.00 464.00 1474.00 533.00 1.53 1.75 4.44 13.53 0.17 31.26 0.04
Car 0.00 3 -0.40 1309.00 470.00 1536.00 535.00 1.32 1.85 4.24 13.66 0.24 28.73 0.04
Car 0.00 2 -0.08 578.00 481.00 702.00 525.00 1.53 1.81 4.57 -6.85 0.43 49.01 -0.22
Car 0.00 3 -0.22 1013.00 472.00 1175.00 534.00 1.56 1.75 4.12 7.74 0.31 35.55 -0.00
Car 0.00 3 -0.39 1351.00 457.00 1589.00 542.00 1.61 1.72 4.01 13.55 0.16 26.43 0.09
