Car 0.00 3 0.40 207.00 455.00 340.00 502.00 1.94 2.18 4.65 -23.44 0.35 53.23 -0.01
Car 0.00 3 2.60 1410.00 465.00 1520.00 501.00 1.88 2.15 4.79 34.07 0.70 66.93 3.07
Car 0.00 0 -2.03 1390.00 485.00 1581.00 559.00 1.43 1.76 4.51 13.84 1.03 26.63 -1.55
Car 0.00 1 0.50 30.00 448.00 203.00 504.00 1.84 1.91 4.72 -23.87 0.21 42.23 -0.01
Car 0.00 0 -1.64 842.00 463.00 932.00 535.00 1.76 2.02 4.79 1.52 0.73 33.03 -1.60
Car 0.00 3 2.87 978.00 470.00 1120.00 520.00 1.84 2.08 4.96 8.49 0.95 48.11 3.05
Car 0.00 3 2.61 1339.00 476.00 1476.00 520.00 1.71 2.05 4.53 23.22 1.10 50.16 3.04
Car 0.00 0 2.82 1066.00 462.00 1293.00 544.00 1.96 1.99 5.10 8.79 0.81 31.45 3.09
Car 0.00 0 0.98 1500.00 471.00 1741.00 568.00 1.84 1.94 4.85 16.61 0.98 26.56 1.54
Car 0.00 2 0.42 116.00 452.00 270.00 500.00 1.75 2.08 4.79 -24.11 0.24 47.83 -0.05
Car 0.00 0 0.26 400.00 460.00 596.00 522.00 1.59 2.25 4.72 -8.84 0.56 34.04 0.00
Car 0.00 3 -0.30 1063.00 465.00 1256.00 538.00 1.92 1.87 4.76 9.09 0.86 34.44 -0.05
Car 0.00 0 1.07 1299.00 482.00 1409.00 531.00 1.55 1.82 3.66 17.38 1.17 41.44 1.47
Car 0.00 3 2.89 1011.00 478.00 1161.00 526.00 1.59 1.98 4.67 8.81 1.09 42.77 3.09
Car 0.00 3 2.86 1043.00 472.00 1220.00 534.00 1.75 1.89 4.74 8.97 0.96 37.13 3.09
Car 0.00 3 2.95 952.00 473.00 1061.00 508.00 1.52 2.00 4.61 8.15 0.93 56.95 3.09
