Car 0.00 3 1.05 1421.00 432.00 1586.00 510.00 2.00 1.87 4.84 19.02 0.09 35.49 1.54
Car 0.00 0 1.06 1452.00 440.00 1614.00 522.00 1.69 1.48 3.83 16.11 0.28 28.79 1.57
Car 0.00 3 1.67 645.00 484.00 695.00 533.00 2.20 1.93 3.92 -7.58 1.86 61.06 1.55
Car 0.00 2 -1.67 960.00 478.00 1012.00 516.00 1.59 1.83 4.69 7.26 1.22 57.49 -1.55
Car 0.00 0 1.18 1240.00 453.00 1388.00 532.00 1.96 2.00 4.97 13.28 0.63 34.51 1.55
Car 0.00 2 1.13 1334.00 436.00 1497.00 517.00 2.00 2.00 5.07 16.04 0.23 34.47 1.57
Car 0.00 3 1.66 663.00 478.00 712.00 527.00 2.44 2.06 4.39 -7.26 1.69 65.75 1.55
Car 0.00 0 -1.76 1086.00 471.00 1214.00 566.00 1.58 1.60 3.48 5.96 0.88 23.47 -1.51
Car 0.00 2 -1.71 988.00 471.00 1071.00 535.00 1.88 1.92 4.80 6.48 1.06 40.47 -1.55
Car 0.00 2 1.77 594.00 487.00 674.00 543.00 2.00 1.97 5.18 -7.32 1.70 48.22 1.62
Car 0.00 1 -1.73 1010.00 468.00 1107.00 542.00 1.83 1.82 4.53 6.25 0.94 34.26 -1.55
Car 0.00 3 -1.66 946.00 474.00 987.00 515.00 1.96 1.63 3.87 7.06 1.26 63.52 -1.55
Car 0.00 3 -1.69 978.00 477.00 1039.00 527.00 1.69 1.69 4.14 6.65 1.18 46.13 -1.55
Car 0.00 0 2.24 -356.00 490.00 196.00 734.00 1.96 1.92 4.79 -8.75 1.23 12.79 1.64
Car 0.00 1 -1.81 1033.00 465.00 1178.00 559.00 1.86 1.99 4.93 6.18 0.93 28.42 -1.60
