Car 0.00 3 0.09 698.00 483.00 815.00 528.00 1.68 2.09 4.37 -2.28 0.53 49.56 0.05
Car 0.00 3 -3.24 1023.00 486.00 1221.00 560.00 1.54 2.03 4.17 6.82 0.68 28.72 -3.00
Car 0.00 1 0.09 640.00 486.00 791.00 537.00 1.52 2.00 4.56 -3.13 0.61 40.02 0.02
Car 0.00 3 -3.23 952.00 488.00 1084.00 533.00 1.53 1.89 4.52 7.21 0.67 45.64 -3.08
Car 0.00 0 0.27 396.00 480.00 722.00 589.00 1.59 2.10 4.72 -4.02 0.65 20.36 0.07
Car 0.00 2 -3.23 964.00 489.00 1109.00 536.00 1.49 1.90 4.71 7.41 0.70 43.03 -3.06
Car 0.00 3 0.10 661.00 483.00 804.00 536.00 1.66 1.82 4.58 -2.76 0.59 42.43 0.03
Car 0.00 3 -0.44 1432.00 483.00 1684.00 562.00 1.62 2.12 4.31 16.33 0.65 28.07 0.09
Car 0.00 3 -0.43 1419.00 487.00 1645.00 560.00 1.62 2.08 4.22 17.08 0.74 30.42 0.09
Car 0.00 3 -0.59 1537.00 483.00 1859.00 581.00 1.65 2.33 4.26 16.03 0.71 23.25 0.02
Car 0.00 0 -3.36 1066.00 474.00 1411.00 596.00 1.63 2.19 4.47 6.10 0.60 18.82 -3.05
Car 0.00 3 -3.36 1046.00 485.00 1295.00 573.00 1.55 1.95 4.21 6.61 0.68 24.00 -3.09
Car 0.00 3 0.50 106.00 483.00 496.00 612.00 1.50 1.79 4.31 -6.55 0.67 16.32 0.12
Car 0.00 3 -3.36 1066.00 484.00 1343.00 587.00 1.60 1.95 4.17 6.51 0.71 21.63 -3.07
Car 0.00 3 -0.41 1333.00 481.00 1531.00 546.00 1.73 2.15 4.49 17.18 0.60 35.54 0.04
Car 0.00 3 -3.29 1006.00 487.00 1190.00 544.00 1.52 1.89 4.82 7.90 0.65 35.84 -3.08
Car 0.00 3 -0.42 1371.00 484.00 1580.00 553.00 1.66 2.02 4.33 17.02 0.68 32.86 0.05
