Car 0.00 0 -1.69 704.00 479.00 777.00 528.00 1.59 1.97 4.42 -2.64 0.39 43.07 -1.75
Car 0.00 1 -0.39 1036.00 486.00 1283.00 573.00 1.62 2.20 4.14 6.67 0.71 24.90 -0.13
Car 0.00 0 -0.52 1276.00 487.00 1562.00 565.00 1.49 2.21 4.70 11.95 0.65 25.33 -0.08
Car 0.00 2 2.53 1459.00 482.00 1647.00 547.00 1.88 1.84 4.62 21.84 0.66 37.65 3.05
Car 0.00 2 -0.13 846.00 481.00 948.00 518.00 1.60 1.97 4.23 3.51 0.35 55.54 -0.06
Car 0.00 0 -0.41 1141.00 489.00 1316.00 544.00 1.43 1.99 3.95 10.87 0.64 33.56 -0.10
Car 0.00 2 2.98 855.00 488.00 981.00 529.00 1.54 1.96 4.55 3.86 0.64 48.43 3.06
Car 0.00 2 -1.45 324.00 427.00 595.00 680.00 1.90 1.81 4.92 -3.13 0.46 12.09 -1.70
Car 0.00 3 -0.21 806.00 481.00 884.00 511.00 1.78 1.80 4.33 1.67 0.25 74.97 -0.18
Car 0.00 0 2.49 1590.00 492.00 1803.00 553.00 1.55 1.89 4.31 23.01 0.78 33.21 3.09
Car 0.00 2 2.50 1515.00 491.00 1705.00 547.00 1.52 1.89 4.22 22.16 0.74 35.43 3.06
Car 0.00 3 -0.37 1007.00 483.00 1225.00 565.00 1.74 2.04 4.23 6.57 0.69 28.00 -0.14
Car 0.00 3 -0.47 1221.00 496.00 1425.00 560.00 1.40 2.03 3.80 11.45 0.80 28.78 -0.09
Car 0.00 3 -0.16 833.00 486.00 922.00 519.00 1.56 1.75 4.12 2.96 0.52 61.91 -0.12
