Car 0.00 3 0.08 686.00 540.00 808.00 588.00 1.68 2.09 4.37 -2.52 2.67 46.89 0.03
Car 0.00 3 -3.27 1034.00 544.00 1256.00 625.00 1.54 2.03 4.17 6.62 1.87 25.96 -3.02
Car 0.00 1 0.10 623.00 544.00 786.00 599.00 1.52 2.00 4.56 -3.21 2.32 37.09 0.01
Car 0.00 3 -3.34 1019.00 545.00 1219.00 617.00 1.52 1.84 4.11 6.75 1.99 28.59 -3.11
Car 0.00 3 -3.24 954.00 545.00 1095.00 593.00 1.53 1.89 4.52 6.97 2.59 42.81 -3.08
Car 0.00 0 0.31 304.00 542.00 690.00 669.00 1.59 2.10 4.72 -4.26 1.51 17.47 0.07
Car 0.00 2 -3.24 966.00 546.00 1122.00 596.00 1.49 1.90 4.71 7.18 2.51 40.32 -3.06
Car 0.00 3 0.11 641.00 541.00 794.00 597.00 1.66 1.82 4.58 -3.04 2.41 39.73 0.03
Car 0.00 2 -0.48 1491.00 537.00 1778.00 624.00 1.62 2.12 4.31 16.20 1.73 25.30 0.08
Car 0.00 3 -0.45 1461.00 543.00 1710.00 621.00 1.62 2.08 4.22 16.99 1.98 28.16 0.09
Car 0.00 0 -3.41 1098.00 539.00 1512.00 682.00 1.63 2.19 4.47 5.99 1.44 16.09 -3.05
Car 0.00 3 -3.40 1072.00 543.00 1360.00 643.00 1.55 1.95 4.21 6.53 1.64 21.08 -3.10
Car 0.00 3 -0.26 1206.00 543.00 1339.00 587.00 1.62 2.15 4.47 17.68 2.85 49.29 0.08
Car 0.00 3 0.57 -61.00 546.00 424.00 705.00 1.50 1.79 4.31 -6.64 1.36 13.50 0.12
Car 0.00 3 -3.40 1092.00 547.00 1417.00 665.00 1.60 1.95 4.17 6.35 1.64 18.78 -3.08
Car 0.00 3 -0.45 1368.00 536.00 1586.00 606.00 1.73 2.15 4.49 17.03 2.04 32.83 0.03
Car 0.00 3 -0.34 1256.00 538.00 1420.00 594.00 1.77 2.40 4.46 17.20 2.45 41.97 0.05
Car 0.00 3 -3.31 1009.00 544.00 1209.00 605.00 1.52 1.89 4.82 7.56 2.14 33.08 -3.08
Car 0.00 3 -0.45 1397.00 540.00 1624.00 613.00 1.66 2.02 4.33 16.65 2.02 30.56 0.05
