Car 0.00 0 -1.71 878.00 477.00 971.00 538.00 1.59 1.97 4.42 2.97 0.42 35.57 -1.63
Car 0.00 1 -0.32 1107.00 486.00 1296.00 552.00 1.62 2.20 4.14 9.80 0.68 32.48 -0.03
Car 0.00 3 -0.41 1297.00 488.00 1521.00 550.00 1.49 2.21 4.70 15.09 0.67 32.47 0.02
Car 0.00 3 -0.11 967.00 480.00 1057.00 514.00 1.60 1.97 4.23 9.76 0.27 63.33 0.04
Car 0.00 0 -0.35 1207.00 488.00 1353.00 535.00 1.43 1.99 3.95 14.85 0.62 40.72 0.00
Car 0.00 2 -3.29 974.00 486.00 1083.00 522.00 1.54 1.96 4.55 9.38 0.53 56.25 -3.12
Car 0.00 3 -1.54 672.00 451.00 798.00 583.00 1.90 1.81 4.92 -1.26 0.36 20.90 -1.60
Car 0.00 0 -3.69 1598.00 494.00 1782.00 547.00 1.55 1.89 4.31 26.88 0.88 39.08 -3.09
Car 0.00 3 -0.31 1087.00 483.00 1259.00 547.00 1.74 2.04 4.23 10.01 0.65 35.74 -0.04
Car 0.00 3 -0.39 1262.00 494.00 1426.00 547.00 1.40 2.03 3.80 14.94 0.80 36.00 0.01
Car 0.00 3 -0.15 956.00 483.00 1035.00 512.00 1.56 1.75 4.12 9.86 0.32 69.84 -0.01
