Car 0.00 0 3.62 51.00 454.00 284.00 539.00 1.85 2.01 4.22 -14.90 0.58 28.48 3.14
Car 0.00 3 -2.57 159.00 457.00 378.00 530.00 1.88 2.12 5.03 -15.01 0.62 33.83 -2.99
Car 0.00 3 -0.66 1494.00 435.00 2176.00 654.00 2.06 2.15 5.34 10.17 0.71 13.00 0.00
Car 0.00 3 -2.65 61.00 444.00 336.00 535.00 2.16 2.31 5.70 -15.48 0.47 31.12 -3.11
Car 0.00 3 -2.38 -304.00 456.00 32.00 559.00 1.65 1.94 4.39 -16.29 0.61 21.33 -3.04
Car 0.00 3 -3.54 1270.00 461.00 1606.00 569.00 1.94 2.19 5.27 11.40 0.81 23.71 -3.09
Car 0.00 0 3.45 273.00 459.00 446.00 515.00 1.72 2.19 4.73 -14.82 0.55 39.99 3.10
Car 0.00 3 -3.59 1286.00 463.00 1616.00 581.00 1.86 2.05 4.47 10.28 0.83 20.88 -3.14
Car 0.00 3 -3.48 1213.00 440.00 1472.00 540.00 2.00 2.14 4.62 10.79 0.41 26.53 -3.09
Car 0.00 3 -3.70 1400.00 447.00 1872.00 616.00 1.94 1.99 4.56 9.85 0.72 15.54 -3.14
