Car 0.00 3 0.35 367.00 445.00 476.00 485.00 1.94 2.18 4.65 -20.12 -0.23 62.37 0.04
Car 0.00 0 -1.93 1346.00 477.00 1478.00 535.00 1.43 1.76 4.51 15.72 0.92 33.92 -1.50
Car 0.00 0 0.43 244.00 444.00 379.00 491.00 1.84 1.91 4.72 -21.13 -0.10 51.52 0.04
Car 0.00 0 -3.59 1477.00 467.00 1773.00 558.00 1.76 2.02 4.79 16.47 0.84 26.10 -3.03
Car 0.00 3 2.90 1028.00 463.00 1151.00 507.00 1.84 2.08 4.96 11.62 0.66 55.54 3.10
Car 0.00 0 -3.41 1092.00 460.00 1275.00 526.00 1.96 1.99 5.10 11.04 0.70 39.01 -3.13
Car 0.00 1 1.09 1440.00 469.00 1610.00 543.00 1.84 1.94 4.85 18.55 0.90 33.56 1.60
Car 0.00 2 0.58 73.00 449.00 215.00 495.00 1.74 1.86 4.62 -26.67 0.09 49.02 0.09
Car 0.00 2 0.36 309.00 448.00 431.00 488.00 1.75 2.08 4.79 -20.75 -0.08 57.06 0.01
Car 0.00 3 -0.61 1596.00 471.00 1733.00 509.00 1.66 2.00 4.85 37.83 0.89 56.64 -0.02
Car 0.00 0 0.21 559.00 457.00 711.00 507.00 1.59 2.25 4.72 -6.44 0.40 42.53 0.06
Car 0.00 3 -0.26 1089.00 461.00 1248.00 521.00 1.92 1.87 4.76 11.34 0.69 41.71 0.01
Car 0.00 3 -3.36 1052.00 470.00 1180.00 511.00 1.59 1.98 4.67 11.55 0.81 50.17 -3.13
Car 0.00 3 -3.39 1078.00 466.00 1226.00 518.00 1.75 1.89 4.74 11.50 0.77 44.53 -3.13
Car 0.00 1 0.57 -1.00 452.00 164.00 502.00 1.75 1.99 4.91 -27.48 0.26 46.32 0.03
Car 0.00 3 -3.31 1008.00 468.00 1105.00 498.00 1.52 2.00 4.61 11.78 0.66 64.36 -3.13
