Car 0.00 2 1.21 1225.00 427.00 1307.00 474.00 2.00 1.87 4.84 19.72 -0.85 56.40 1.55
Car 0.00 0 0.06 25.00 452.00 519.00 618.00 1.67 1.95 5.03 -6.36 0.67 14.93 -0.34
Car 0.00 0 1.25 1213.00 437.00 1283.00 482.00 1.69 1.48 3.83 16.74 -0.41 49.96 1.57
Car 0.00 3 1.28 1165.00 432.00 1245.00 480.00 2.00 2.00 5.07 16.73 -0.60 55.63 1.57
Car 0.00 0 -1.65 984.00 450.00 1038.00 497.00 1.58 1.60 3.48 6.57 0.12 44.93 -1.51
Car 0.00 3 1.91 355.00 475.00 512.00 558.00 1.63 1.83 4.70 -8.59 0.96 27.86 1.61
Car 0.00 0 -1.91 1112.00 456.00 1460.00 636.00 1.53 1.89 4.76 4.56 0.65 13.33 -1.58
Car 0.00 2 -1.95 1282.00 432.00 1420.00 505.00 1.67 1.72 4.18 13.00 -0.04 31.32 -1.56
Car 0.00 0 1.79 556.00 463.00 699.00 551.00 1.54 1.76 4.70 -3.80 0.65 24.66 1.63
Car 0.00 3 -1.64 930.00 448.00 958.00 478.00 1.96 1.63 3.87 7.91 -0.47 84.72 -1.54
Car 0.00 1 1.88 461.00 448.00 586.00 527.00 1.96 1.92 4.79 -8.19 0.43 34.36 1.64
