Car 0.00 2 3.48 225.00 479.00 467.00 566.00 1.82 2.08 4.51 -10.45 1.14 27.53 3.11
Car 0.00 2 -3.47 1177.00 492.00 1426.00 579.00 1.82 2.17 4.70 10.42 1.41 27.79 -3.11
Car 0.00 1 -0.57 1487.00 516.00 1693.00 575.00 1.70 2.04 5.01 23.08 2.27 38.01 -0.02
Car 0.00 1 3.84 -639.00 457.00 91.00 674.00 1.76 2.00 4.77 -9.62 0.81 11.30 3.13
Car 0.00 3 -2.73 144.00 481.00 415.00 574.00 1.76 1.93 4.53 -10.77 1.12 24.92 -3.13
Car 0.00 1 -2.64 15.00 467.00 380.00 596.00 1.90 2.06 4.71 -9.77 0.93 19.73 -3.10
Car 0.00 1 -0.30 1108.00 496.00 1280.00 559.00 1.71 1.92 4.32 10.40 1.61 35.64 -0.02
Car 0.00 0 -3.55 1260.00 492.00 1576.00 606.00 1.84 2.08 4.49 10.13 1.32 21.75 -3.11
Car 0.00 3 -0.17 1091.00 497.00 1250.00 554.00 1.69 1.82 4.51 10.60 1.68 38.89 0.09
Car 0.00 2 3.67 -157.00 500.00 272.00 615.00 1.41 1.85 4.51 -10.04 1.12 16.62 3.13
