Car 0.00 3 -0.29 978.00 402.00 1391.00 568.00 1.84 1.91 4.34 4.61 0.53 15.13 0.01
Car 0.00 3 -2.69 16.00 412.00 413.00 536.00 1.64 1.96 4.75 -7.99 0.49 17.96 -3.11
Car 0.00 0 -0.83 1376.00 441.00 3610.00 1098.00 1.53 1.83 4.45 4.50 0.79 3.96 0.02
Car 0.00 3 -0.17 920.00 433.00 1151.00 511.00 1.52 1.97 4.37 5.03 0.67 25.98 0.02
Car 0.00 3 2.92 891.00 433.00 1120.00 503.00 1.51 1.92 4.81 4.90 0.66 28.71 3.09
Car 0.00 3 2.73 970.00 393.00 1714.00 665.00 1.84 1.97 4.79 3.95 0.63 9.60 3.12
Car 0.00 1 0.67 -646.00 393.00 219.00 649.00 1.74 2.02 5.10 -7.39 0.57 9.75 0.02
Car 0.00 0 -0.12 817.00 419.00 942.00 471.00 2.29 2.00 5.43 4.16 0.30 57.18 -0.05
Car 0.00 0 -1.26 337.00 364.00 766.00 662.00 1.83 2.08 4.06 -1.53 0.46 9.93 -1.42
Car 0.00 3 3.74 -403.00 384.00 185.00 589.00 1.82 1.82 4.37 -8.46 0.44 12.23 3.13
Car 0.00 3 -0.28 975.00 399.00 1322.00 537.00 1.83 1.90 4.35 4.99 0.41 17.85 -0.01
Car 0.00 0 -0.60 1039.00 304.00 2334.00 775.00 2.13 2.11 5.57 4.39 0.47 6.85 -0.03
