Car 0.00 1 0.38 -175.00 496.00 156.00 609.00 1.68 1.94 4.27 -14.08 1.36 21.37 -0.20
Car 0.00 2 -0.56 1276.00 455.00 1491.00 537.00 2.00 2.33 4.71 14.90 0.69 33.67 -0.15
Car 0.00 0 2.64 996.00 482.00 1316.00 601.00 1.56 1.93 4.24 4.94 1.04 19.00 2.90
Car 0.00 2 3.58 -98.00 512.00 58.00 556.00 1.53 2.21 4.47 -32.75 2.45 48.58 2.99
Car 0.00 1 0.42 -57.00 501.00 235.00 598.00 1.63 2.05 4.37 -14.04 1.49 24.10 -0.11
Car 0.00 3 2.71 1098.00 473.00 1242.00 522.00 1.67 2.24 4.64 12.84 1.03 47.06 2.98
Car 0.00 2 -0.24 819.00 489.00 1009.00 556.00 1.54 2.06 4.57 2.25 1.35 32.89 -0.17
Car 0.00 1 0.46 -289.00 504.00 142.00 630.00 1.59 2.16 4.81 -13.32 1.39 18.88 -0.15
Car 0.00 2 3.01 782.00 491.00 921.00 547.00 1.61 1.95 4.26 0.77 1.58 40.73 3.03
Car 0.00 2 2.83 795.00 478.00 984.00 552.00 1.90 2.29 4.84 1.76 1.25 35.78 2.87
Car 0.00 2 0.84 1428.00 455.00 1962.00 633.00 1.74 2.26 5.39 10.16 0.81 15.42 1.42
Car 0.00 2 2.86 822.00 488.00 1023.00 561.00 1.55 2.12 4.33 2.25 1.27 30.01 2.94
Car 0.00 2 -0.38 913.00 464.00 1265.00 585.00 1.84 2.21 5.61 4.55 0.91 22.12 -0.18
Car 0.00 2 -0.61 1359.00 475.00 1577.00 549.00 1.64 2.17 4.30 15.85 1.03 31.09 -0.14
Car 0.00 1 2.76 889.00 467.00 1156.00 581.00 2.00 2.17 4.69 3.82 1.02 24.78 2.91
Car 0.00 3 -0.75 1544.00 445.00 1742.00 512.00 2.00 2.18 5.33 26.79 0.28 41.17 -0.17
Car 0.00 2 1.06 1202.00 471.00 1364.00 550.00 1.81 1.93 4.24 11.35 1.00 31.52 1.40
Car 0.00 2 2.96 752.00 482.00 898.00 543.00 1.90 2.19 4.70 -0.09 1.46 43.43 2.96
Car 0.00 2 0.28 14.00 483.00 291.00 584.00 1.91 2.06 4.80 -14.26 1.32 26.81 -0.21
Car 0.00 2 2.97 742.00 493.00 852.00 536.00 1.61 2.02 4.17 -1.24 1.81 51.31 2.95
Car 0.00 2 2.82 863.00 492.00 1064.00 573.00 1.57 2.02 3.87 2.95 1.33 27.39 2.93
Car 0.00 2 -0.52 1233.00 459.00 1401.00 525.00 1.75 2.00 4.05 14.20 0.63 36.39 -0.15
Car 0.00 2 -0.69 1448.00 453.00 1621.00 510.00 1.94 2.33 5.22 26.26 0.45 46.56 -0.17
Car 0.00 2 0.15 330.00 496.00 449.00 543.00 1.88 2.00 4.68 -19.35 2.16 55.62 -0.18
