Car 0.00 2 -0.38 1279.00 444.00 1698.00 584.00 1.81 1.91 4.82 9.07 0.58 17.53 0.10
Car 0.00 3 -3.52 1245.00 480.00 1541.00 562.00 1.40 1.94 4.54 10.25 0.90 22.96 -3.10
Car 0.00 0 1.90 487.00 487.00 751.00 631.00 1.43 1.75 4.30 -2.27 0.93 14.94 1.75
Car 0.00 1 1.81 598.00 432.00 763.00 562.00 2.57 2.12 6.67 -3.08 0.56 28.19 1.70
Car 0.00 3 -3.25 1123.00 473.00 1273.00 523.00 1.59 1.96 4.65 12.45 0.94 42.22 -2.96
Car 0.00 3 -3.60 1367.00 462.00 1865.00 608.00 1.55 1.85 4.59 9.02 0.71 14.68 -3.05
Car 0.00 3 -3.35 1160.00 474.00 1364.00 544.00 1.66 1.76 4.54 10.77 0.94 31.28 -3.02
Car 0.00 2 1.76 727.00 481.00 797.00 527.00 1.73 1.94 4.60 -2.53 1.31 50.14 1.71
Car 0.00 3 -3.50 1226.00 472.00 1481.00 557.00 1.65 1.77 4.49 10.71 0.88 25.71 -3.11
Car 0.00 3 -3.50 1270.00 472.00 1599.00 574.00 1.52 1.83 4.41 9.66 0.82 20.22 -3.06
