Car 0.00 3 -1.63 916.00 482.00 966.00 525.00 1.77 1.87 4.67 5.00 1.43 55.13 -1.54
Car 0.00 1 2.20 -184.00 497.00 110.00 609.00 1.91 2.17 5.05 -16.75 1.53 24.72 1.61
Car 0.00 0 -1.54 774.00 478.00 809.00 511.00 2.08 2.14 4.70 -2.31 1.61 83.79 -1.57
Car 0.00 0 1.84 456.00 483.00 569.00 550.00 1.80 2.00 4.66 -9.09 1.30 36.66 1.60
Car 0.00 0 2.02 178.00 503.00 327.00 565.00 1.58 2.12 4.76 -16.75 1.83 36.86 1.59
Car 0.00 0 -2.17 1300.00 427.00 2427.00 950.00 1.62 1.82 4.46 4.14 0.72 6.22 -1.58
Car 0.00 0 1.95 354.00 488.00 459.00 544.00 2.04 2.36 4.70 -16.63 1.78 49.89 1.63
Car 0.00 0 -1.85 1025.00 487.00 1229.00 600.00 1.44 1.75 4.46 4.31 1.00 18.71 -1.62
Car 0.00 0 -1.77 963.00 483.00 1074.00 552.00 1.49 1.79 4.00 4.47 1.08 29.74 -1.62
Car 0.00 2 1.85 422.00 477.00 509.00 537.00 2.56 2.32 5.62 -16.49 1.65 57.62 1.57
Car 0.00 0 2.24 -611.00 501.00 39.00 734.00 1.58 1.81 4.68 -9.47 1.12 11.35 1.54
