Car 0.00 0 1.83 376.00 480.00 649.00 642.00 1.41 1.76 4.28 -3.22 0.86 13.77 1.60
Car 0.00 3 1.24 1167.00 426.00 1294.00 496.00 2.00 2.16 5.47 12.87 -0.25 40.39 1.55
Car 0.00 0 2.73 -1037.00 500.00 283.00 1002.00 1.49 1.75 4.68 -5.49 1.02 6.64 2.04
Car 0.00 3 2.22 -622.00 496.00 32.00 771.00 1.78 1.83 4.52 -9.31 1.19 11.07 1.52
Car 0.00 2 -1.68 942.00 450.00 1007.00 504.00 2.00 2.03 4.95 6.03 0.29 51.66 -1.57
Car 0.00 2 -1.67 972.00 455.00 1045.00 516.00 1.77 1.80 4.46 5.78 0.47 40.27 -1.53
Car 0.00 0 -1.71 1013.00 465.00 1121.00 536.00 1.41 1.72 4.36 5.37 0.64 28.46 -1.53
Car 0.00 1 -2.24 1585.00 387.00 2002.00 542.00 1.64 1.77 4.48 12.07 -0.04 16.12 -1.59
Car 0.00 3 1.13 1481.00 411.00 1658.00 485.00 1.60 2.00 4.44 18.18 -0.50 30.93 1.66
Car 0.00 0 -1.80 1103.00 433.00 1338.00 598.00 1.76 1.78 4.42 4.85 0.51 16.12 -1.51
Car 0.00 1 1.70 586.00 467.00 712.00 565.00 1.62 1.75 4.27 -3.26 0.81 23.79 1.56
