Car 0.00 3 0.37 300.00 436.00 417.00 479.00 1.94 2.18 4.65 -21.94 -0.57 58.87 0.01
Car 0.00 3 -1.96 1343.00 472.00 1492.00 535.00 1.43 1.76 4.51 14.69 0.78 31.44 -1.52
Car 0.00 0 0.46 160.00 439.00 307.00 489.00 1.84 1.91 4.72 -22.72 -0.24 48.08 0.02
Car 0.00 0 -3.48 1341.00 453.00 1648.00 552.00 1.76 2.02 4.79 12.66 0.59 24.07 -3.00
Car 0.00 3 2.89 999.00 456.00 1128.00 502.00 1.84 2.08 4.96 9.98 0.37 52.94 3.08
Car 0.00 0 2.86 1071.00 452.00 1266.00 522.00 1.96 1.99 5.10 9.87 0.48 36.45 3.12
Car 0.00 3 1.06 1443.00 462.00 1633.00 543.00 1.84 1.94 4.85 17.52 0.74 31.16 1.57
Car 0.00 3 0.61 -30.00 443.00 128.00 493.00 1.74 1.86 4.62 -28.09 -0.07 45.35 0.06
Car 0.00 3 0.38 234.00 440.00 367.00 482.00 1.75 2.08 4.79 -22.44 -0.37 53.57 -0.02
Car 0.00 2 -0.63 1587.00 464.00 1728.00 504.00 1.66 2.00 4.85 36.16 0.61 54.60 -0.05
Car 0.00 1 0.22 497.00 449.00 663.00 503.00 1.59 2.25 4.72 -7.71 0.18 39.53 0.03
Car 0.00 3 -0.27 1070.00 454.00 1239.00 518.00 1.92 1.87 4.76 10.17 0.48 39.13 -0.02
Car 0.00 3 2.91 1027.00 463.00 1162.00 507.00 1.59 1.98 4.67 10.12 0.56 47.57 3.12
Car 0.00 3 2.88 1054.00 459.00 1210.00 514.00 1.75 1.89 4.74 10.17 0.55 41.92 3.12
Car 0.00 1 0.60 -110.00 443.00 74.00 497.00 1.75 1.99 4.91 -28.68 0.01 42.65 0.01
Car 0.00 3 2.96 978.00 460.00 1078.00 492.00 1.52 2.00 4.61 9.89 0.29 61.76 3.12
