Car 0.00 0 -1.73 992.00 460.00 1102.00 546.00 1.64 1.60 4.01 4.59 0.67 26.59 -1.56
Car 0.00 0 -1.79 1031.00 464.00 1204.00 572.00 1.50 1.79 4.15 4.53 0.71 20.13 -1.56
Car 0.00 3 0.29 362.00 474.00 537.00 542.00 1.86 1.86 4.72 -11.42 1.14 38.18 0.00
Car 0.00 3 -1.65 911.00 464.00 961.00 508.00 1.78 1.78 4.01 4.70 0.68 54.08 -1.56
Car 0.00 0 1.94 -59.00 390.00 571.00 792.00 2.11 2.11 5.86 -3.70 0.68 9.73 1.58
Car 0.00 3 0.34 247.00 477.00 453.00 564.00 1.90 1.78 4.27 -11.49 1.19 30.39 -0.02
Car 0.00 0 -1.65 925.00 462.00 981.00 514.00 1.82 1.76 4.21 4.76 0.68 47.61 -1.55
Car 0.00 3 0.57 -38.00 500.00 140.00 572.00 2.00 1.75 4.35 -23.73 2.00 38.44 0.02
Car 0.00 0 1.69 661.00 474.00 747.00 535.00 1.51 1.78 4.38 -3.30 0.90 34.60 1.60
Car 0.00 1 -1.70 961.00 453.00 1045.00 533.00 1.89 1.56 4.04 4.48 0.57 32.39 -1.56
Car 0.00 0 -2.51 -257.00 492.00 188.00 627.00 1.51 1.83 4.60 -11.16 1.13 16.45 -3.11
