Car 0.00 3 -0.29 976.00 400.00 1388.00 566.00 1.84 1.91 4.34 4.58 0.51 15.13 0.01
Car 0.00 3 -2.69 17.00 415.00 412.00 539.00 1.64 1.96 4.75 -8.02 0.52 18.02 -3.11
Car 0.00 0 -0.83 1374.00 440.00 3594.00 1091.00 1.53 1.83 4.45 4.50 0.78 3.98 0.02
Car 0.00 3 -0.17 921.00 433.00 1151.00 511.00 1.52 1.97 4.37 5.05 0.67 26.04 0.02
Car 0.00 3 2.92 890.00 432.00 1119.00 502.00 1.51 1.92 4.81 4.87 0.64 28.70 3.09
Car 0.00 3 2.73 969.00 392.00 1711.00 663.00 1.84 1.97 4.79 3.94 0.62 9.62 3.12
Car 0.00 1 0.67 -646.00 394.00 218.00 650.00 1.74 2.02 5.10 -7.39 0.58 9.75 0.02
Car 0.00 0 -0.12 817.00 419.00 942.00 471.00 2.29 2.00 5.43 4.16 0.31 57.18 -0.05
Car 0.00 3 3.73 -400.00 384.00 186.00 589.00 1.82 1.82 4.37 -8.46 0.44 12.26 3.13
Car 0.00 3 -0.28 974.00 400.00 1321.00 538.00 1.83 1.90 4.35 4.97 0.41 17.85 -0.01
Car 0.00 0 -0.59 1040.00 304.00 2324.00 770.00 2.13 2.11 5.57 4.40 0.46 6.91 -0.03
