Car 0.00 3 1.13 1323.00 436.00 1442.00 498.00 2.00 1.87 4.84 19.48 -0.05 44.18 1.55
Car 0.00 0 -1.58 877.00 459.00 997.00 562.00 1.67 1.95 5.03 2.05 0.71 23.63 -1.49
Car 0.00 1 1.16 1326.00 442.00 1434.00 504.00 1.69 1.48 3.83 16.52 0.12 37.56 1.58
Car 0.00 3 1.66 681.00 476.00 723.00 517.00 2.20 1.93 3.92 -6.95 1.47 69.99 1.56
Car 0.00 3 -1.66 954.00 483.00 998.00 515.00 1.59 1.83 4.69 7.89 1.52 66.35 -1.54
Car 0.00 3 1.25 1173.00 454.00 1280.00 516.00 1.96 2.00 4.97 13.73 0.52 43.34 1.56
Car 0.00 3 1.21 1250.00 439.00 1366.00 503.00 2.00 2.00 5.07 16.49 0.07 43.24 1.58
Car 0.00 3 1.65 694.00 470.00 736.00 513.00 2.44 2.06 4.39 -6.60 1.28 74.70 1.56
Car 0.00 0 1.02 1482.00 429.00 1637.00 500.00 1.92 1.80 4.44 21.56 -0.13 37.09 1.55
Car 0.00 0 -1.70 1033.00 472.00 1116.00 539.00 1.58 1.60 3.48 6.34 0.88 32.34 -1.51
Car 0.00 3 -1.68 973.00 464.00 1037.00 516.00 1.88 1.92 4.80 6.97 0.80 49.31 -1.54
Car 0.00 3 2.14 -135.00 520.00 267.00 698.00 1.63 1.83 4.70 -8.82 1.52 15.13 1.61
Car 0.00 3 1.75 645.00 477.00 709.00 525.00 2.00 1.97 5.18 -6.77 1.38 57.17 1.63
Car 0.00 3 -1.70 987.00 464.00 1059.00 522.00 1.83 1.82 4.53 6.70 0.77 43.11 -1.54
Car 0.00 0 -2.16 1549.00 427.00 1866.00 559.00 1.67 1.72 4.18 12.80 0.34 18.58 -1.56
Car 0.00 0 2.62 -423.00 508.00 411.00 830.00 1.54 1.76 4.70 -5.48 1.14 9.05 2.08
Car 0.00 3 -1.65 943.00 471.00 978.00 507.00 1.96 1.63 3.87 7.72 1.10 72.34 -1.54
Car 0.00 1 2.02 207.00 478.00 447.00 609.00 1.96 1.92 4.79 -8.45 1.17 21.74 1.64
Car 0.00 1 -1.77 1000.00 461.00 1103.00 530.00 1.86 1.99 4.93 6.59 0.74 37.27 -1.59
