Car 0.00 1 -0.13 960.00 467.00 1071.00 507.00 1.59 1.89 4.79 8.73 0.79 58.06 0.02
Car 0.00 2 -0.40 1210.00 409.00 1635.00 579.00 1.72 2.09 4.12 7.12 0.29 15.37 0.03
Car 0.00 3 0.57 -182.00 477.00 287.00 654.00 2.00 2.10 5.09 -10.44 1.25 17.20 0.03
Car 0.00 2 -0.26 1104.00 459.00 1253.00 510.00 1.58 1.89 4.88 12.97 0.54 46.37 0.02
Car 0.00 0 -1.19 1018.00 468.00 1101.00 510.00 1.59 1.79 4.79 10.07 0.78 53.81 -1.01
Car 0.00 3 -0.39 1163.00 419.00 1537.00 568.00 1.75 1.98 4.37 7.27 0.33 17.75 -0.00
Car 0.00 0 -2.41 -610.00 484.00 28.00 709.00 2.00 2.08 5.10 -12.00 1.30 13.73 -3.12
Car 0.00 3 0.34 361.00 478.00 540.00 555.00 2.10 2.10 4.89 -11.78 1.44 39.48 0.05
Car 0.00 3 -0.36 1167.00 430.00 1471.00 562.00 2.08 1.91 4.76 9.01 0.48 23.24 0.01
Car 0.00 3 -2.56 -13.00 461.00 353.00 622.00 2.26 1.96 4.97 -10.67 1.15 20.54 -3.04
