Car 0.00 3 0.50 -173.00 471.00 188.00 595.00 1.87 2.10 4.60 -13.56 1.01 20.99 -0.08
Car 0.00 3 0.17 368.00 490.00 494.00 534.00 1.64 1.70 4.59 -15.85 1.67 50.35 -0.13
Car 0.00 2 0.57 -385.00 452.00 109.00 627.00 1.98 1.89 4.71 -12.10 0.83 16.01 -0.08
Car 0.00 0 2.56 1155.00 429.00 1687.00 644.00 1.86 1.87 4.48 5.81 0.60 12.53 2.99
Car 0.00 3 -0.52 1329.00 454.00 1475.00 498.00 1.84 2.28 5.68 26.43 0.29 57.64 -0.09
Car 0.00 3 -0.37 1124.00 459.00 1253.00 513.00 2.15 2.15 4.86 15.52 0.68 53.89 -0.09
Car 0.00 3 -0.15 800.00 485.00 900.00 522.00 1.58 1.75 4.42 1.07 1.56 58.77 -0.13
Car 0.00 3 2.74 1021.00 472.00 1390.00 606.00 1.69 1.91 4.67 5.35 0.94 18.02 3.02
Car 0.00 3 3.43 337.00 481.00 477.00 529.00 1.69 1.97 4.63 -15.86 1.32 47.53 3.10
Car 0.00 3 2.84 881.00 472.00 1105.00 557.00 1.74 1.89 4.65 3.73 0.98 28.45 2.97
Car 0.00 3 2.88 947.00 480.00 1207.00 572.00 1.55 1.83 4.43 4.62 1.02 23.55 3.08
Car 0.00 0 0.62 -669.00 475.00 15.00 665.00 1.69 2.12 5.03 -11.85 0.97 13.26 -0.11
Car 0.00 3 -0.31 928.00 474.00 1157.00 554.00 1.51 1.88 4.30 4.45 0.89 26.18 -0.14
Car 0.00 2 2.96 841.00 477.00 1011.00 533.00 1.51 1.69 4.79 2.90 1.01 37.12 3.04
Car 0.00 3 -0.48 1093.00 440.00 1530.00 615.00 1.88 1.91 4.56 5.80 0.66 15.30 -0.12
Car 0.00 0 -1.57 670.00 477.00 722.00 520.00 1.72 2.08 4.76 -5.62 1.23 54.03 -1.67
Car 0.00 3 2.41 1590.00 443.00 1771.00 505.00 1.90 2.01 4.77 28.18 0.13 41.43 3.01
Car 0.00 3 2.53 1440.00 455.00 1691.00 545.00 1.90 1.93 4.67 16.92 0.68 28.82 3.07
Car 0.00 3 0.39 57.00 480.00 309.00 560.00 1.55 1.68 4.50 -13.77 1.05 27.00 -0.08
Car 0.00 3 -0.58 1297.00 453.00 1506.00 531.00 1.94 2.08 4.81 15.70 0.59 34.37 -0.15
Car 0.00 3 2.95 798.00 483.00 925.00 526.00 1.58 1.89 4.80 1.38 1.39 50.53 2.98
Car 0.00 3 0.90 1415.00 459.00 1664.00 565.00 1.77 1.86 4.12 13.19 0.75 23.51 1.42
Car 0.00 3 -0.18 837.00 480.00 999.00 532.00 1.51 1.77 4.84 2.85 1.13 39.71 -0.11
