Car 0.00 3 -1.70 948.00 474.00 1018.00 530.00 1.80 1.81 4.37 5.46 1.12 44.24 -1.58
Car 0.00 3 -1.64 954.00 481.00 1024.00 538.00 1.59 1.75 4.70 4.88 1.16 38.19 -1.51
Car 0.00 0 -1.50 691.00 477.00 783.00 548.00 1.67 2.05 4.69 -2.25 1.08 32.77 -1.57
Car 0.00 3 -1.62 909.00 475.00 947.00 511.00 2.04 2.00 5.00 6.03 1.37 74.94 -1.54
Car 0.00 2 -1.71 974.00 472.00 1072.00 545.00 1.73 1.87 4.38 5.03 0.98 32.60 -1.56
Car 0.00 3 1.91 422.00 496.00 494.00 537.00 1.98 2.01 5.01 -19.07 2.39 65.10 1.62
Car 0.00 0 1.84 474.00 471.00 552.00 533.00 2.87 2.15 6.15 -15.59 1.57 62.64 1.60
Car 0.00 0 -1.72 991.00 467.00 1120.00 567.00 1.79 1.84 4.53 4.48 0.91 25.19 -1.54
Car 0.00 0 2.23 -258.00 523.00 119.00 659.00 1.55 1.94 4.58 -12.46 1.60 17.88 1.62
Car 0.00 0 1.88 426.00 494.00 509.00 539.00 1.79 2.05 4.50 -15.08 1.93 52.89 1.60
