Car 0.00 0 1.75 515.00 479.00 597.00 551.00 2.20 1.93 3.92 -8.84 1.44 41.26 1.53
Car 0.00 2 -1.65 927.00 469.00 974.00 510.00 1.93 1.97 4.08 6.21 0.99 63.33 -1.55
Car 0.00 0 -1.72 986.00 477.00 1073.00 535.00 1.59 1.83 4.69 6.07 1.07 37.96 -1.56
Car 0.00 2 1.72 552.00 470.00 629.00 542.00 2.44 2.06 4.39 -8.60 1.30 45.95 1.53
Car 0.00 0 -1.83 1073.00 461.00 1270.00 592.00 1.88 1.92 4.80 5.56 0.88 20.88 -1.56
Car 0.00 3 -1.64 901.00 475.00 933.00 505.00 1.81 1.77 4.03 5.85 1.30 81.57 -1.57
Car 0.00 1 1.89 369.00 485.00 533.00 585.00 2.00 1.97 5.18 -8.36 1.38 28.42 1.61
Car 0.00 0 -1.92 1160.00 453.00 1471.00 644.00 1.83 1.82 4.53 5.44 0.82 14.66 -1.56
Car 0.00 1 -1.70 961.00 468.00 1023.00 528.00 1.96 1.63 3.87 5.77 0.97 43.95 -1.56
Car 0.00 1 -1.77 1036.00 474.00 1159.00 563.00 1.69 1.69 4.14 5.64 0.98 26.56 -1.56
Car 0.00 0 -2.17 1306.00 406.00 2109.00 782.00 1.86 1.99 4.93 5.46 0.67 8.87 -1.62
