Car 0.00 3 -1.49 574.00 432.00 644.00 481.00 1.46 1.86 4.36 -5.56 0.58 39.98 -1.63
Car 0.00 1 -1.31 322.00 419.00 484.00 516.00 1.83 2.02 5.03 -7.94 0.60 26.66 -1.60
Car 0.00 1 -1.14 63.00 428.00 278.00 529.00 1.56 1.70 4.17 -10.38 0.66 21.65 -1.59
Car 0.00 1 1.77 479.00 417.00 621.00 512.00 1.85 2.05 4.91 -4.99 0.56 27.38 1.59
Car 0.00 1 2.07 -23.00 423.00 167.00 508.00 1.70 1.77 4.27 -15.44 0.58 27.57 1.56
Car 0.00 2 -1.12 52.00 431.00 247.00 516.00 1.64 1.89 4.52 -13.35 0.73 26.79 -1.59
Car 0.00 0 -1.31 225.00 426.00 419.00 535.00 1.65 1.96 4.31 -7.66 0.68 21.28 -1.65
Car 0.00 1 2.12 -279.00 416.00 7.00 527.00 1.77 1.92 4.66 -16.14 0.57 22.47 1.49
Car 0.00 1 -1.41 406.00 433.00 561.00 530.00 1.53 1.93 4.46 -5.18 0.72 22.17 -1.64
Car 0.00 3 1.90 189.00 432.00 361.00 510.00 1.49 1.90 4.75 -10.65 0.68 26.69 1.52
