Car 0.00 3 0.34 400.00 449.00 504.00 488.00 1.94 2.18 4.65 -19.25 -0.05 64.54 0.05
Car 0.00 0 -1.91 1339.00 482.00 1462.00 536.00 1.43 1.76 4.51 16.22 1.06 35.64 -1.48
Car 0.00 1 0.42 285.00 449.00 413.00 494.00 1.84 1.91 4.72 -20.40 0.05 53.63 0.06
Car 0.00 2 -3.66 1576.00 477.00 1866.00 564.00 1.76 2.02 4.79 19.47 1.07 27.47 -3.05
Car 0.00 3 2.90 1040.00 468.00 1159.00 510.00 1.84 2.08 4.96 12.43 0.86 57.24 3.12
Car 0.00 0 -3.40 1098.00 465.00 1273.00 529.00 1.96 1.99 5.10 11.61 0.85 40.76 -3.12
Car 0.00 0 1.12 1427.00 474.00 1583.00 545.00 1.84 1.94 4.85 19.05 1.05 35.47 1.61
Car 0.00 2 0.57 124.00 452.00 258.00 497.00 1.74 1.86 4.62 -25.98 0.18 51.28 0.10
Car 0.00 2 0.35 345.00 452.00 462.00 491.00 1.75 2.08 4.79 -19.95 0.06 59.20 0.02
Car 0.00 3 -0.59 1593.00 475.00 1726.00 513.00 1.66 2.00 4.85 38.62 1.11 58.16 -0.01
Car 0.00 0 0.20 589.00 462.00 733.00 509.00 1.59 2.25 4.72 -5.83 0.54 44.52 0.07
Car 0.00 3 -0.25 1095.00 466.00 1247.00 524.00 1.92 1.87 4.76 11.89 0.84 43.47 0.02
Car 0.00 3 -3.35 1061.00 474.00 1185.00 514.00 1.59 1.98 4.67 12.23 0.97 51.93 -3.12
Car 0.00 3 -3.38 1086.00 471.00 1228.00 520.00 1.75 1.89 4.74 12.14 0.93 46.29 -3.12
Car 0.00 1 0.55 54.00 456.00 209.00 504.00 1.75 1.99 4.91 -26.91 0.39 48.58 0.05
Car 0.00 3 -3.31 1020.00 472.00 1115.00 502.00 1.52 2.00 4.61 12.67 0.89 66.12 -3.12
