Car 0.00 3 0.15 491.00 462.00 726.00 555.00 1.68 2.09 4.37 -4.08 0.31 25.48 -0.01
Car 0.00 0 -3.92 1584.00 471.00 3451.00 1031.00 1.54 2.03 4.17 5.72 0.75 4.91 -3.06
Car 0.00 0 0.26 223.00 461.00 640.00 601.00 1.52 2.00 4.56 -4.60 0.45 15.73 -0.03
Car 0.00 1 2.49 1348.00 483.00 2307.00 800.00 1.52 1.84 4.11 5.59 0.77 7.43 3.14
Car 0.00 3 -3.36 993.00 478.00 1285.00 578.00 1.53 1.89 4.52 5.42 0.59 21.74 -3.12
Car 0.00 1 -3.38 1015.00 480.00 1361.00 592.00 1.49 1.90 4.71 5.53 0.64 19.34 -3.10
Car 0.00 3 0.11 577.00 470.00 743.00 528.00 1.46 2.06 4.33 -4.26 0.19 35.16 -0.01
Car 0.00 3 0.23 323.00 457.00 676.00 587.00 1.66 1.82 4.58 -4.42 0.41 18.21 -0.01
Car 0.00 3 -0.46 1402.00 484.00 1655.00 564.00 1.62 2.15 4.47 16.01 0.70 28.68 0.05
Car 0.00 3 0.14 518.00 462.00 725.00 547.00 1.70 1.93 4.25 -4.23 0.27 27.95 -0.01
Car 0.00 3 -0.62 1570.00 476.00 1941.00 593.00 1.77 2.40 4.46 15.81 0.68 21.56 0.01
Car 0.00 2 -3.57 1151.00 474.00 1758.00 660.00 1.52 1.89 4.82 5.88 0.66 12.16 -3.12
Car 0.00 0 -3.64 1239.00 482.00 1986.00 716.00 1.50 1.97 4.47 5.85 0.73 9.81 -3.10
Car 0.00 3 0.18 396.00 467.00 700.00 573.00 1.54 1.87 4.55 -4.25 0.44 20.60 -0.03
