Car 0.00 3 -0.49 1463.00 496.00 1707.00 577.00 1.49 1.89 3.83 15.79 0.89 26.18 0.05
Car 0.00 3 3.00 925.00 484.00 1062.00 527.00 1.33 1.91 4.35 5.97 0.46 43.03 3.14
Car 0.00 3 -0.32 1214.00 483.00 1360.00 538.00 1.70 1.85 4.22 15.93 0.63 43.01 0.03
Car 0.00 2 2.66 1161.00 454.00 1851.00 716.00 1.75 2.04 4.30 5.18 0.66 10.03 3.14
Car 0.00 3 2.71 1157.00 484.00 1642.00 672.00 1.60 1.82 3.84 5.52 0.78 12.36 3.13
Car 0.00 0 -3.99 1464.00 423.00 3616.00 1090.00 1.72 2.23 4.75 5.34 0.73 4.63 -3.14
Car 0.00 3 -0.36 1190.00 482.00 1312.00 529.00 1.52 1.75 3.71 15.49 0.48 45.27 -0.04
Car 0.00 1 -3.76 1300.00 444.00 2301.00 808.00 1.70 1.92 4.19 5.27 0.66 7.28 -3.14
Car 0.00 1 -0.14 987.00 471.00 1267.00 572.00 1.68 2.04 4.84 5.72 0.52 23.86 0.09
Car 0.00 3 -3.33 1005.00 483.00 1314.00 584.00 1.49 2.02 4.71 5.67 0.67 21.43 -3.07
Car 0.00 0 1.55 577.00 464.00 635.00 516.00 1.65 1.83 4.36 -7.25 -0.07 43.34 1.38
Car 0.00 2 -3.46 1054.00 482.00 1445.00 610.00 1.50 1.96 4.56 5.68 0.69 17.06 -3.13
Car 0.00 3 -3.64 1523.00 500.00 1819.00 591.00 1.50 2.02 4.11 15.95 0.97 23.84 -3.05
Car 0.00 3 -0.29 1256.00 488.00 1409.00 543.00 1.49 1.85 3.84 15.49 0.69 38.15 0.09
