Car 0.00 2 -0.52 1139.00 387.00 1968.00 703.00 1.84 1.91 4.34 4.78 0.64 8.40 0.00
Car 0.00 3 -2.50 -499.00 428.00 205.00 635.00 1.64 1.96 4.75 -7.94 0.76 11.10 -3.12
Car 0.00 2 -0.27 969.00 443.00 1291.00 549.00 1.52 1.97 4.37 5.13 0.86 19.31 -0.01
Car 0.00 3 2.86 924.00 448.00 1229.00 540.00 1.51 1.92 4.81 4.92 0.94 21.91 3.08
Car 0.00 1 2.14 1364.00 255.00 5094.00 1561.00 1.84 1.97 4.79 4.14 0.68 2.85 3.11
Car 0.00 1 -3.01 583.00 440.00 692.00 477.00 1.80 2.23 5.12 -7.40 1.03 63.00 -3.13
Car 0.00 0 -0.12 817.00 428.00 958.00 487.00 2.29 2.00 5.43 3.98 0.78 50.48 -0.04
Car 0.00 0 -2.31 494.00 431.00 686.00 519.00 1.83 2.08 4.06 -4.45 0.79 28.37 -2.47
Car 0.00 3 -0.43 1096.00 399.00 1692.00 627.00 1.83 1.90 4.35 5.14 0.62 11.15 -0.00
Car 0.00 2 -0.69 1286.00 379.00 2661.00 860.00 1.78 2.61 4.09 4.95 0.69 6.02 -0.01
