Car 0.00 3 -0.43 1111.00 390.00 1765.00 643.00 1.84 1.91 4.34 5.06 0.59 10.32 0.03
Car 0.00 3 -2.57 -227.00 421.00 328.00 592.00 1.64 1.96 4.75 -7.58 0.67 13.34 -3.09
Car 0.00 3 -0.24 986.00 435.00 1279.00 532.00 1.52 1.97 4.37 5.66 0.74 21.12 0.02
Car 0.00 3 2.88 945.00 445.00 1225.00 530.00 1.51 1.92 4.81 5.55 0.92 23.87 3.11
Car 0.00 0 2.41 1205.00 362.00 2998.00 977.00 1.84 1.97 4.79 4.32 0.72 4.82 3.14
Car 0.00 1 -3.02 625.00 436.00 730.00 472.00 1.80 2.23 5.12 -5.59 0.82 65.17 -3.10
Car 0.00 0 -0.11 850.00 422.00 986.00 479.00 2.29 2.00 5.43 5.39 0.52 52.37 -0.01
Car 0.00 0 -1.88 734.00 417.00 896.00 518.00 1.83 2.08 4.06 0.46 0.57 25.19 -1.86
Car 0.00 3 -0.39 1085.00 399.00 1588.00 593.00 1.83 1.90 4.35 5.47 0.56 13.02 0.01
Car 0.00 0 -1.16 1546.00 -247.00 11001.00 2696.00 2.13 2.11 5.57 4.63 0.57 2.00 0.00
Car 0.00 3 -0.56 1214.00 403.00 2161.00 747.00 1.78 2.61 4.09 5.16 0.73 7.95 0.02
