Car 0.00 1 2.43 369.00 499.00 666.00 605.00 1.43 1.89 4.46 -4.81 1.22 20.08 2.20
Car 0.00 2 2.79 -188.00 495.00 44.00 573.00 1.82 2.05 4.44 -23.12 1.59 32.38 2.17
Car 0.00 3 -0.78 428.00 511.00 555.00 563.00 1.47 1.73 3.78 -10.62 2.09 39.92 -1.04
Car 0.00 3 2.48 279.00 503.00 573.00 604.00 1.48 1.85 4.71 -6.83 1.36 21.85 2.18
Car 0.00 0 -1.16 956.00 515.00 1088.00 587.00 1.48 1.81 3.42 4.59 1.82 29.14 -1.01
Car 0.00 3 -0.77 484.00 502.00 622.00 559.00 1.56 1.71 4.09 -8.36 1.81 38.54 -0.99
Car 0.00 2 -0.89 673.00 504.00 828.00 576.00 1.74 1.87 4.34 -1.98 1.84 34.06 -0.95
Car 0.00 1 -1.04 841.00 504.00 1017.00 583.00 1.70 2.14 4.85 2.63 1.74 30.92 -0.95
Car 0.00 1 2.62 129.00 508.00 396.00 594.00 1.47 1.93 4.51 -11.14 1.53 25.04 2.20
Car 0.00 2 -0.94 758.00 501.00 912.00 576.00 1.72 1.81 4.24 0.30 1.71 32.43 -0.93
Car 0.00 1 2.72 -4.00 491.00 276.00 590.00 1.80 1.95 4.67 -14.08 1.37 25.81 2.22
Car 0.00 3 2.65 -92.00 504.00 138.00 582.00 1.59 1.71 4.13 -18.35 1.61 28.80 2.08
Car 0.00 3 -0.84 625.00 506.00 755.00 571.00 1.68 1.58 3.81 -3.87 1.92 36.09 -0.95
