Car 0.00 3 3.39 390.00 472.00 561.00 536.00 1.82 2.08 4.51 -10.32 1.00 37.11 3.11
Car 0.00 1 -0.48 1360.00 498.00 1518.00 545.00 1.70 2.04 5.01 23.20 1.94 47.62 -0.02
Car 0.00 1 3.56 77.00 464.00 420.00 576.00 1.76 2.00 4.77 -9.48 0.81 20.87 3.13
Car 0.00 1 3.67 -129.00 462.00 275.00 598.00 1.78 1.89 4.50 -10.42 0.80 17.59 3.14
Car 0.00 2 -2.78 295.00 465.00 527.00 550.00 1.90 2.06 4.71 -9.63 0.86 29.30 -3.10
Car 0.00 1 -0.25 1053.00 486.00 1186.00 535.00 1.71 1.92 4.32 10.52 1.45 45.24 -0.02
Car 0.00 1 -3.43 1137.00 482.00 1343.00 560.00 1.84 2.08 4.49 10.26 1.25 31.34 -3.11
Car 0.00 1 3.81 -605.00 478.00 63.00 655.00 1.53 1.93 4.54 -10.09 0.85 11.84 3.11
Car 0.00 1 2.45 1559.00 513.00 2204.00 684.00 1.51 1.97 4.78 10.27 1.22 12.50 3.14
Car 0.00 3 -0.12 1043.00 487.00 1167.00 532.00 1.69 1.82 4.51 10.72 1.50 48.48 0.09
Car 0.00 2 3.70 -298.00 482.00 220.00 620.00 1.51 1.94 4.69 -9.97 0.91 14.73 3.11
Car 0.00 3 3.49 223.00 487.00 473.00 557.00 1.41 1.85 4.51 -9.90 1.06 26.19 3.13
