Car 0.00 0 1.82 806.00 481.00 960.00 579.00 1.69 1.85 4.62 1.21 1.09 24.35 1.87
Car 0.00 0 -0.42 1565.00 494.00 2071.00 643.00 1.57 1.67 4.53 11.78 1.12 15.22 0.24
Car 0.00 3 -0.24 1373.00 476.00 1669.00 574.00 1.68 1.73 4.55 12.86 0.99 23.51 0.26
Car 0.00 3 -0.19 1352.00 475.00 1583.00 556.00 1.86 1.83 4.83 15.75 1.09 31.07 0.28
Car 0.00 3 -0.20 1352.00 469.00 1659.00 571.00 1.89 1.94 5.23 13.70 0.97 25.67 0.29
Car 0.00 3 -0.30 1557.00 498.00 1667.00 530.00 1.46 1.76 4.25 38.52 2.14 61.53 0.26
Car 0.00 3 -3.27 1275.00 491.00 1372.00 520.00 1.38 1.79 4.33 24.88 1.77 62.82 -2.89
Car 0.00 3 -3.29 1369.00 485.00 1570.00 549.00 1.59 1.74 4.56 17.12 1.23 33.60 -2.82
Car 0.00 3 -3.28 1295.00 483.00 1437.00 530.00 1.72 1.89 4.92 21.18 1.40 49.44 -2.87
Car 0.00 3 -3.30 1318.00 485.00 1474.00 539.00 1.79 1.88 4.77 20.11 1.47 44.43 -2.88
Car 0.00 1 -0.34 1453.00 466.00 1871.00 607.00 1.80 1.96 4.59 11.76 0.89 18.01 0.24
Car 0.00 3 -0.04 1293.00 484.00 1409.00 529.00 1.84 1.81 4.59 22.78 1.59 54.63 0.36
