Car 0.00 3 1.98 131.00 435.00 436.00 592.00 2.00 2.06 5.71 -7.96 0.58 19.16 1.59
Car 0.00 3 -0.33 1114.00 484.00 1360.00 561.00 1.44 1.80 4.42 8.35 1.05 25.72 -0.01
Car 0.00 1 -0.52 1496.00 486.00 1709.00 560.00 1.86 1.89 4.56 20.96 1.40 33.97 0.03
Car 0.00 2 -0.45 1379.00 486.00 1544.00 543.00 1.76 1.80 4.54 21.09 1.46 41.73 0.02
Car 0.00 0 -0.53 1561.00 503.00 1785.00 567.00 1.44 1.76 4.29 20.90 1.59 31.08 0.07
Car 0.00 0 1.71 611.00 466.00 725.00 549.00 1.65 1.83 4.65 -3.40 0.77 27.78 1.59
Car 0.00 3 -3.31 1029.00 484.00 1186.00 537.00 1.41 1.72 4.25 8.17 1.17 36.72 -3.09
Car 0.00 3 -3.35 1076.00 482.00 1249.00 540.00 1.46 1.69 4.26 9.08 1.09 34.14 -3.09
Car 0.00 3 -3.29 983.00 476.00 1100.00 518.00 1.66 1.91 4.61 9.09 1.15 53.23 -3.12
Car 0.00 1 -0.32 1146.00 462.00 1450.00 569.00 1.78 1.82 4.85 8.49 0.80 22.90 0.03
