Car 0.00 1 -1.83 1058.00 483.00 1278.00 617.00 1.53 1.71 4.36 4.40 0.96 16.86 -1.57
Car 0.00 0 1.77 510.00 490.00 599.00 547.00 1.77 2.05 4.57 -9.16 1.60 42.53 1.56
Car 0.00 1 -1.77 1006.00 480.00 1152.00 575.00 1.55 1.77 4.38 4.55 1.00 23.24 -1.57
Car 0.00 2 -1.72 988.00 490.00 1085.00 565.00 1.56 1.66 3.62 4.78 1.27 28.99 -1.56
Car 0.00 2 1.86 477.00 492.00 549.00 533.00 1.91 2.17 5.05 -15.94 2.14 63.96 1.61
Car 0.00 0 -1.54 755.00 478.00 804.00 523.00 2.08 2.14 4.70 -2.26 1.48 61.38 -1.57
Car 0.00 0 -2.37 1394.00 349.00 3829.00 1367.00 1.66 1.85 4.69 4.15 0.67 4.48 -1.63
Car 0.00 2 -1.68 927.00 480.00 989.00 526.00 1.62 1.82 4.46 4.86 1.21 46.93 -1.58
Car 0.00 0 -1.93 1128.00 410.00 1650.00 733.00 1.98 2.01 5.25 4.15 0.67 10.48 -1.56
Car 0.00 2 -1.69 950.00 483.00 1042.00 543.00 1.50 1.96 4.38 4.59 1.15 34.49 -1.56
