Car 0.00 0 -1.96 1193.00 454.00 1480.00 610.00 1.72 1.70 4.77 6.38 0.72 16.35 -1.59
Car 0.00 0 -1.57 703.00 472.00 761.00 519.00 1.74 2.19 4.52 -3.76 1.01 49.89 -1.64
Car 0.00 3 -0.48 1273.00 481.00 1507.00 562.00 1.89 1.92 5.06 14.22 1.28 31.77 -0.06
Car 0.00 2 -1.69 791.00 477.00 859.00 517.00 1.49 2.16 4.39 -0.11 1.08 49.97 -1.69
Car 0.00 0 -2.18 1386.00 455.00 2009.00 718.00 1.70 1.78 4.85 6.85 0.80 10.71 -1.61
Car 0.00 0 -1.87 1101.00 475.00 1279.00 572.00 1.53 1.73 4.67 6.38 0.90 22.58 -1.59
Car 0.00 1 -1.72 834.00 462.00 941.00 531.00 2.00 2.46 6.12 1.81 0.82 39.82 -1.68
Car 0.00 0 2.10 -25.00 498.00 169.00 581.00 1.73 1.80 4.56 -17.41 1.54 29.19 1.56
Car 0.00 1 1.77 278.00 488.00 354.00 536.00 1.65 1.75 4.39 -18.70 1.52 46.08 1.38
Car 0.00 0 -1.54 729.00 474.00 813.00 539.00 1.54 2.00 4.29 -1.36 0.90 32.22 -1.59
Car 0.00 0 -1.72 855.00 464.00 964.00 547.00 1.84 1.95 4.70 1.94 0.84 30.87 -1.66
Car 0.00 0 -1.88 1025.00 482.00 1165.00 548.00 1.36 1.73 4.65 5.97 0.97 28.45 -1.68
