Car 0.00 3 -0.41 1231.00 456.00 1582.00 581.00 1.80 1.79 4.67 9.00 0.74 19.73 0.02
Car 0.00 3 -0.52 1457.00 493.00 1628.00 545.00 1.46 1.76 4.25 22.07 1.50 38.73 -0.00
Car 0.00 1 1.72 639.00 465.00 707.00 514.00 2.00 2.06 5.71 -6.64 0.82 54.80 1.60
Car 0.00 3 2.89 1052.00 479.00 1217.00 530.00 1.38 1.79 4.33 8.91 0.99 36.51 3.13
Car 0.00 3 -3.50 1152.00 462.00 1468.00 567.00 1.72 1.89 4.92 8.55 0.77 22.47 -3.13
Car 0.00 0 2.66 1282.00 464.00 1701.00 607.00 1.79 1.88 4.77 9.04 0.86 17.33 3.14
Car 0.00 2 -0.22 1121.00 463.00 1351.00 552.00 1.84 1.81 4.59 9.06 0.82 28.07 0.09
Car 0.00 3 -0.25 1050.00 467.00 1214.00 530.00 1.82 1.66 4.67 9.43 0.88 38.90 -0.01
Car 0.00 3 -0.29 1086.00 469.00 1296.00 544.00 1.72 1.81 4.64 8.93 0.88 30.93 -0.01
Car 0.00 3 2.88 1068.00 482.00 1244.00 542.00 1.50 1.63 4.26 8.77 1.11 33.61 3.13
Car 0.00 2 -0.13 988.00 475.00 1098.00 515.00 1.78 1.82 4.85 10.02 1.15 58.25 0.04
