Car 0.00 1 3.29 472.00 420.00 633.00 488.00 1.71 1.75 4.26 -6.66 0.45 36.23 3.10
Car 0.00 3 0.19 431.00 420.00 606.00 494.00 1.69 1.86 4.20 -7.06 0.49 33.60 -0.02
Car 0.00 0 -2.97 636.00 423.00 697.00 448.00 1.76 1.92 4.62 -9.84 -0.20 103.28 -3.06
Car 0.00 0 3.68 -820.00 340.00 361.00 718.00 1.80 2.22 5.36 -5.73 0.52 7.91 3.05
Car 0.00 2 3.44 225.00 420.00 544.00 529.00 1.42 1.85 4.39 -6.23 0.55 19.94 3.14
Car 0.00 3 3.43 263.00 407.00 547.00 523.00 1.78 1.70 4.53 -6.78 0.47 22.78 3.14
Car 0.00 2 0.35 141.00 416.00 472.00 545.00 1.50 1.75 3.85 -6.54 0.56 17.50 -0.00
Car 0.00 3 3.39 330.00 412.00 580.00 507.00 1.64 1.71 4.54 -6.64 0.41 25.60 3.13
Car 0.00 3 3.27 498.00 419.00 651.00 484.00 1.75 1.88 4.42 -6.56 0.40 39.41 3.10
Car 0.00 3 3.35 383.00 418.00 594.00 501.00 1.58 1.69 4.25 -6.59 0.46 28.23 3.12
