Car 0.00 0 1.82 512.00 477.00 604.00 541.00 1.94 1.82 4.53 -8.61 1.24 40.50 1.61
Car 0.00 2 2.44 159.00 478.00 545.00 622.00 1.66 1.80 4.85 -6.20 0.98 17.04 2.09
Car 0.00 0 -1.13 -258.00 497.00 537.00 918.00 1.54 1.78 4.58 -3.06 0.92 6.91 -1.55
Car 0.00 1 -3.44 1234.00 452.00 1440.00 526.00 1.89 1.75 4.69 13.31 0.51 32.87 -3.05
Car 0.00 0 -3.64 1539.00 427.00 1807.00 516.00 1.78 1.67 4.31 17.48 0.05 26.04 -3.05
Car 0.00 3 1.82 469.00 490.00 545.00 537.00 1.66 1.67 4.49 -11.80 1.57 46.56 1.57
Car 0.00 0 -3.30 964.00 454.00 1215.00 535.00 1.69 1.78 5.05 5.54 0.53 26.92 -3.09
Car 0.00 0 -2.98 633.00 472.00 841.00 547.00 1.82 1.90 5.00 -2.21 0.99 31.67 -3.05
Car 0.00 1 -3.39 1118.00 460.00 1332.00 530.00 1.58 1.85 4.51 9.36 0.59 29.72 -3.08
Car 0.00 0 1.61 590.00 476.00 636.00 516.00 2.00 2.12 4.81 -11.06 1.38 65.17 1.44
