Car 0.00 3 -0.53 1319.00 451.00 1840.00 625.00 1.82 1.89 4.78 8.35 0.74 14.23 -0.00
Car 0.00 3 -0.57 1537.00 477.00 1778.00 562.00 2.00 1.96 4.58 20.23 1.18 30.66 0.01
Car 0.00 0 2.24 -478.00 494.00 167.00 741.00 1.60 1.60 4.76 -7.73 1.01 10.63 1.61
Car 0.00 3 2.83 1113.00 480.00 1334.00 559.00 1.71 1.76 4.43 8.90 1.11 28.31 3.14
Car 0.00 3 -3.39 1077.00 488.00 1286.00 549.00 1.42 1.83 4.64 8.67 1.18 30.88 -3.12
Car 0.00 3 -3.35 1031.00 480.00 1203.00 539.00 1.79 2.01 4.95 9.10 1.23 39.56 -3.12
Car 0.00 0 1.82 455.00 458.00 600.00 566.00 2.35 2.04 5.62 -7.07 0.97 30.26 1.59
Car 0.00 3 -3.53 1209.00 487.00 1566.00 594.00 1.57 1.85 4.79 8.70 1.08 19.77 -3.11
Car 0.00 3 -3.43 1150.00 479.00 1451.00 574.00 1.64 1.86 4.82 8.53 1.00 22.89 -3.08
Car 0.00 3 -0.44 1251.00 482.00 1642.00 600.00 1.49 1.87 4.42 8.33 0.93 17.16 0.01
