Car 0.00 2 2.80 1124.00 480.00 1341.00 551.00 1.62 1.92 4.79 10.07 1.11 31.33 3.11
Car 0.00 0 -3.38 1094.00 485.00 1270.00 545.00 1.73 1.95 4.98 11.14 1.40 39.49 -3.10
Car 0.00 0 -3.39 1108.00 470.00 1297.00 551.00 2.04 2.10 4.54 10.18 1.08 34.22 -3.10
Car 0.00 1 -3.26 942.00 479.00 1013.00 504.00 1.75 1.94 5.09 11.36 1.60 94.56 -3.14
Car 0.00 0 -0.16 1045.00 469.00 1185.00 529.00 2.00 2.20 4.59 10.31 1.03 45.10 0.07
Car 0.00 0 -0.49 1469.00 491.00 1646.00 560.00 2.00 1.98 4.39 22.99 1.73 39.53 0.04
Car 0.00 0 -3.66 1358.00 489.00 1758.00 617.00 1.61 1.74 4.64 10.24 1.13 17.79 -3.14
Car 0.00 2 -3.49 1208.00 474.00 1463.00 575.00 1.90 1.94 4.47 10.41 1.09 25.89 -3.10
Car 0.00 0 -0.43 1297.00 486.00 1629.00 599.00 1.67 1.83 4.53 10.41 1.15 20.77 0.04
Car 0.00 1 -0.43 1365.00 482.00 1557.00 548.00 2.17 2.28 5.72 22.75 1.60 45.13 0.04
