Car 0.00 3 0.37 286.00 438.00 405.00 482.00 1.94 2.18 4.65 -22.16 -0.44 57.86 0.01
Car 0.00 3 -1.97 1353.00 473.00 1508.00 538.00 1.43 1.76 4.51 14.57 0.81 30.53 -1.53
Car 0.00 0 0.47 138.00 445.00 289.00 496.00 1.84 1.91 4.72 -22.97 0.02 47.06 0.01
Car 0.00 0 -3.45 1307.00 454.00 1620.00 556.00 1.76 2.02 4.79 11.70 0.61 23.34 -2.99
Car 0.00 3 2.89 998.00 458.00 1129.00 504.00 1.84 2.08 4.96 9.78 0.46 52.03 3.07
Car 0.00 0 2.85 1072.00 453.00 1272.00 526.00 1.96 1.99 5.10 9.72 0.54 35.56 3.12
Car 0.00 2 1.04 1455.00 465.00 1653.00 548.00 1.84 1.94 4.85 17.39 0.81 30.27 1.57
Car 0.00 3 0.62 -55.00 447.00 108.00 498.00 1.74 1.86 4.62 -28.24 0.08 44.31 0.06
Car 0.00 3 0.38 217.00 442.00 353.00 486.00 1.75 2.08 4.79 -22.66 -0.25 52.55 -0.02
Car 0.00 1 0.23 484.00 452.00 654.00 506.00 1.59 2.25 4.72 -7.87 0.27 38.57 0.03
Car 0.00 3 -0.28 1072.00 456.00 1245.00 522.00 1.92 1.87 4.76 10.06 0.57 38.23 -0.02
Car 0.00 3 2.91 1027.00 466.00 1164.00 511.00 1.59 1.98 4.67 9.96 0.67 46.66 3.12
Car 0.00 3 2.88 1054.00 462.00 1214.00 517.00 1.75 1.89 4.74 10.01 0.62 41.01 3.12
Car 0.00 2 0.61 -136.00 446.00 53.00 501.00 1.75 1.99 4.91 -28.77 0.12 41.62 0.00
Car 0.00 3 2.96 975.00 462.00 1077.00 495.00 1.52 2.00 4.61 9.66 0.40 60.85 3.12
