Car 0.00 0 1.83 375.00 472.00 506.00 574.00 2.20 1.93 3.92 -8.96 1.19 29.44 1.54
Car 0.00 1 -1.67 952.00 462.00 1011.00 513.00 1.93 1.97 4.08 6.30 0.72 51.44 -1.55
Car 0.00 0 -1.78 1048.00 470.00 1188.00 557.00 1.59 1.83 4.69 5.94 0.86 26.10 -1.56
Car 0.00 0 1.71 548.00 487.00 701.00 597.00 1.47 1.69 4.23 -2.99 1.02 19.33 1.56
Car 0.00 2 1.79 446.00 462.00 561.00 560.00 2.44 2.06 4.39 -8.69 1.07 34.12 1.54
Car 0.00 1 -1.70 926.00 473.00 974.00 507.00 1.65 1.86 4.17 6.29 1.01 64.09 -1.60
Car 0.00 0 -2.10 1309.00 410.00 2029.00 776.00 1.88 1.92 4.80 5.36 0.68 9.01 -1.56
Car 0.00 2 -1.65 915.00 470.00 953.00 504.00 1.81 1.77 4.03 5.93 0.95 69.49 -1.57
Car 0.00 0 2.08 -32.00 480.00 341.00 663.00 2.00 1.97 5.18 -8.53 1.17 16.60 1.61
Car 0.00 0 -1.74 1005.00 457.00 1096.00 540.00 1.96 1.63 3.87 5.66 0.72 32.09 -1.56
Car 0.00 0 -1.92 1171.00 462.00 1455.00 634.00 1.69 1.69 4.14 5.46 0.82 14.67 -1.56
