Car 0.00 0 -1.69 711.00 479.00 769.00 518.00 1.59 1.97 4.42 -3.40 0.30 55.51 -1.75
Car 0.00 0 3.11 199.00 483.00 415.00 576.00 1.77 1.92 4.17 -11.04 0.78 27.57 2.73
Car 0.00 3 -0.46 1309.00 460.00 1580.00 547.00 1.53 1.96 4.38 12.43 0.23 25.27 -0.00
Car 0.00 2 -0.17 977.00 470.00 1144.00 534.00 1.60 1.97 4.23 6.74 0.27 35.28 0.02
Car 0.00 0 -1.01 490.00 477.00 669.00 561.00 1.68 1.82 4.33 -5.14 0.55 28.18 -1.19
Car 0.00 1 2.91 998.00 473.00 1225.00 552.00 1.54 1.96 4.55 6.48 0.45 28.17 3.14
Car 0.00 3 -0.22 912.00 469.00 1021.00 514.00 1.78 1.80 4.33 6.49 -0.01 54.80 -0.10
Car 0.00 3 -0.58 1493.00 456.00 1900.00 574.00 1.46 1.92 4.40 12.38 0.31 18.04 0.02
Car 0.00 3 -0.87 -325.00 496.00 201.00 686.00 1.50 1.85 4.43 -8.44 0.84 12.80 -1.45
Car 0.00 2 2.77 1092.00 469.00 1421.00 579.00 1.56 1.99 4.64 7.08 0.49 20.72 3.10
Car 0.00 2 -0.51 1385.00 449.00 1691.00 552.00 1.66 2.00 4.38 13.02 0.16 23.06 0.01
Car 0.00 3 -0.10 569.00 483.00 681.00 522.00 1.53 1.81 4.57 -8.23 0.46 54.48 -0.25
Car 0.00 3 -0.19 954.00 475.00 1091.00 528.00 1.56 1.75 4.12 6.71 0.31 41.42 -0.03
Car 0.00 3 -0.81 -529.00 485.00 49.00 668.00 1.55 1.79 4.88 -10.79 0.75 13.58 -1.48
