Car 0.00 2 -3.37 1023.00 446.00 1282.00 557.00 2.06 2.27 4.77 6.70 0.65 26.23 -3.12
Car 0.00 2 -4.03 1559.00 198.00 3962.00 992.00 1.90 2.19 4.70 5.56 0.35 4.33 -3.12
Car 0.00 2 -3.59 1201.00 435.00 1739.00 630.00 1.61 2.02 4.17 6.08 0.58 12.28 -3.13
Car 0.00 1 -0.66 1382.00 390.00 2141.00 673.00 1.82 2.09 4.34 7.01 0.43 9.79 -0.04
Car 0.00 3 0.52 -24.00 466.00 334.00 598.00 1.88 2.00 4.68 -10.73 0.97 20.26 0.03
Car 0.00 3 -3.50 1102.00 409.00 1513.00 593.00 2.25 2.37 4.79 6.58 0.42 17.64 -3.14
Car 0.00 2 -2.48 -168.00 481.00 210.00 620.00 1.73 1.89 4.13 -11.17 1.08 17.54 -3.04
Car 0.00 1 -3.53 1125.00 421.00 1591.00 610.00 1.92 2.24 4.50 6.09 0.52 14.87 -3.14
Car 0.00 1 -3.83 1399.00 350.00 2531.00 757.00 1.81 2.14 4.36 5.94 0.42 7.08 -3.14
Car 0.00 2 0.39 146.00 481.00 410.00 575.00 1.70 2.12 4.45 -11.14 1.16 25.70 -0.02
Car 0.00 2 0.41 110.00 483.00 387.00 586.00 1.66 2.04 4.07 -10.43 1.13 22.86 -0.02
Car 0.00 1 0.35 248.00 470.00 491.00 562.00 2.06 2.21 5.20 -11.31 1.12 31.28 0.00
Car 0.00 2 -3.34 1004.00 471.00 1206.00 546.00 1.68 2.02 4.60 6.90 0.95 31.46 -3.12
