Car 0.00 2 -0.50 1142.00 391.00 1936.00 694.00 1.84 1.91 4.34 4.90 0.65 8.74 0.01
Car 0.00 3 -2.51 -425.00 429.00 242.00 629.00 1.64 1.96 4.75 -7.78 0.76 11.52 -3.11
Car 0.00 2 -0.26 981.00 440.00 1299.00 545.00 1.52 1.97 4.37 5.34 0.81 19.54 0.00
Car 0.00 3 2.86 937.00 447.00 1238.00 538.00 1.51 1.92 4.81 5.19 0.94 22.19 3.09
Car 0.00 1 2.22 1305.00 293.00 4389.00 1350.00 1.84 1.97 4.79 4.13 0.69 3.24 3.12
Car 0.00 1 -3.01 598.00 441.00 706.00 478.00 1.80 2.23 5.12 -6.70 1.07 63.42 -3.12
Car 0.00 0 -0.12 831.00 427.00 972.00 486.00 2.29 2.00 5.43 4.57 0.74 50.77 -0.03
Car 0.00 0 -2.20 557.00 429.00 741.00 518.00 1.83 2.08 4.06 -3.13 0.76 28.23 -2.31
Car 0.00 3 -0.42 1103.00 399.00 1684.00 621.00 1.83 1.90 4.35 5.27 0.61 11.44 0.01
Car 0.00 2 -0.66 1279.00 385.00 2555.00 834.00 1.78 2.61 4.09 5.03 0.70 6.38 0.01
