Car 0.00 3 0.93 1575.00 418.00 1832.00 523.00 2.00 1.87 4.84 18.49 0.06 26.76 1.53
Car 0.00 2 1.70 593.00 484.00 653.00 540.00 2.20 1.93 3.92 -8.40 1.73 51.98 1.54
Car 0.00 1 -1.69 964.00 480.00 1027.00 525.00 1.59 1.83 4.69 6.48 1.24 48.57 -1.56
Car 0.00 0 1.08 1346.00 441.00 1575.00 550.00 1.96 2.00 4.97 12.76 0.52 25.67 1.54
Car 0.00 1 1.01 1470.00 421.00 1726.00 532.00 2.00 2.00 5.07 15.54 0.17 25.67 1.56
Car 0.00 2 1.68 616.00 476.00 675.00 533.00 2.44 2.06 4.39 -8.14 1.54 56.67 1.54
Car 0.00 0 -1.89 1197.00 477.00 1448.00 637.00 1.58 1.60 3.48 5.58 0.92 14.54 -1.52
Car 0.00 1 -1.74 1009.00 470.00 1122.00 553.00 1.88 1.92 4.80 5.89 1.01 31.48 -1.56
Car 0.00 2 1.81 515.00 487.00 620.00 557.00 2.00 1.97 5.18 -7.99 1.58 39.14 1.61
Car 0.00 1 -1.78 1045.00 466.00 1188.00 568.00 1.83 1.82 4.53 5.74 0.91 25.34 -1.56
Car 0.00 1 -1.67 946.00 472.00 994.00 520.00 1.96 1.63 3.87 6.21 1.13 54.60 -1.56
Car 0.00 2 -1.72 991.00 478.00 1071.00 540.00 1.69 1.69 4.14 6.00 1.14 37.21 -1.56
Car 0.00 1 -1.90 1090.00 463.00 1332.00 605.00 1.86 1.99 4.93 5.74 0.92 19.46 -1.61
