Car 0.00 0 -1.28 301.00 467.00 615.00 669.00 1.66 1.82 4.13 -3.41 0.85 12.45 -1.55
Car 0.00 3 -1.58 788.00 456.00 952.00 611.00 1.86 1.96 4.59 0.57 0.82 17.43 -1.55
Car 0.00 2 1.49 582.00 494.00 641.00 540.00 1.90 2.11 4.95 -9.40 2.01 54.49 1.32
Car 0.00 3 2.62 1442.00 442.00 1614.00 496.00 1.81 2.19 4.87 24.82 0.00 44.47 3.13
Car 0.00 0 -1.59 710.00 472.00 1045.00 713.00 1.47 2.06 4.81 0.33 0.81 10.18 -1.56
Car 0.00 0 -1.47 591.00 470.00 738.00 586.00 1.88 2.15 4.80 -2.84 1.01 23.07 -1.59
Car 0.00 3 -3.52 1399.00 444.00 1519.00 486.00 1.87 1.98 4.53 29.33 -0.21 58.25 -3.05
Car 0.00 1 0.89 699.00 486.00 840.00 538.00 1.67 2.21 4.85 -1.99 1.41 42.57 0.84
Car 0.00 0 -1.74 1365.00 437.00 1862.00 764.00 1.75 2.15 4.67 5.32 0.75 9.28 -1.22
Car 0.00 1 0.77 29.00 512.00 236.00 579.00 1.76 2.28 4.92 -19.67 2.12 35.57 0.26
Car 0.00 0 1.97 119.00 508.00 371.00 613.00 1.53 2.00 5.43 -9.92 1.48 21.96 1.55
