Car 0.00 0 2.29 -852.00 413.00 139.00 839.00 1.92 1.86 4.67 -6.69 0.74 8.06 1.59
Car 0.00 3 2.52 1493.00 470.00 1828.00 582.00 2.01 1.97 5.11 15.78 1.05 23.88 3.11
Car 0.00 3 -3.49 1294.00 491.00 1484.00 545.00 1.37 1.77 4.38 15.22 1.28 34.09 -3.07
Car 0.00 1 -0.66 1571.00 464.00 1991.00 586.00 1.94 2.16 5.60 16.23 0.92 21.53 -0.02
Car 0.00 3 2.76 1221.00 486.00 1381.00 533.00 1.52 1.88 4.64 15.79 1.31 41.84 3.12
Car 0.00 3 -3.66 1429.00 490.00 1710.00 570.00 1.56 1.90 4.77 15.54 1.23 26.40 -3.12
Car 0.00 0 1.65 747.00 476.00 811.00 533.00 1.90 1.91 4.50 -1.62 1.20 44.30 1.61
Car 0.00 3 -3.54 1266.00 461.00 1489.00 548.00 2.41 2.15 5.59 16.04 1.00 36.70 -3.12
Car 0.00 3 2.63 1386.00 482.00 1627.00 559.00 1.68 1.84 4.67 15.81 1.16 29.30 3.12
Car 0.00 3 -3.38 1120.00 483.00 1224.00 521.00 1.80 1.86 4.62 17.08 1.59 62.08 -3.11
Car 0.00 3 -2.06 1570.00 481.00 1662.00 517.00 1.96 2.25 5.33 45.71 1.67 72.68 -1.50
Car 0.00 3 -3.48 1206.00 495.00 1357.00 543.00 1.63 1.92 4.65 16.05 1.72 44.38 -3.13
