Car 0.00 3 2.59 1309.00 484.00 1705.00 620.00 1.73 2.10 4.44 9.44 1.11 17.64 3.09
Car 0.00 0 1.79 376.00 442.00 637.00 626.00 2.18 2.33 5.55 -4.28 0.82 17.91 1.56
Car 0.00 3 2.83 1090.00 486.00 1307.00 564.00 1.82 2.21 4.79 9.31 1.35 31.65 3.11
Car 0.00 2 2.45 1485.00 489.00 2117.00 675.00 1.60 2.15 4.61 9.36 1.03 12.35 3.10
Car 0.00 3 -3.52 1231.00 476.00 1607.00 605.00 1.88 2.44 4.94 9.44 1.09 20.37 -3.09
Car 0.00 3 -3.25 941.00 483.00 1030.00 514.00 1.70 2.00 4.86 9.18 1.65 72.56 -3.13
Car 0.00 3 -0.38 1180.00 465.00 1502.00 583.00 1.98 2.40 4.94 9.35 0.96 23.16 0.01
Car 0.00 3 2.80 1120.00 487.00 1354.00 571.00 1.78 2.11 4.67 9.38 1.33 28.94 3.11
Car 0.00 2 -0.60 1386.00 493.00 1877.00 639.00 1.55 2.04 4.59 9.44 1.10 14.98 -0.04
Car 0.00 3 2.97 920.00 472.00 1014.00 510.00 2.42 2.35 5.91 9.33 1.39 83.55 3.09
