Car 0.00 3 0.72 -90.00 463.00 138.00 538.00 1.71 2.05 4.52 -19.46 0.19 31.19 0.17
Car 0.00 3 -2.58 109.00 475.00 398.00 569.00 1.71 1.76 5.08 -11.15 0.56 25.22 -3.00
Car 0.00 0 2.38 1471.00 472.00 2116.00 678.00 1.66 2.04 4.44 8.67 0.70 11.48 3.03
Car 0.00 0 0.31 459.00 476.00 718.00 572.00 1.61 1.95 4.31 -4.16 0.56 23.54 0.14
Car 0.00 3 -2.90 622.00 484.00 781.00 551.00 1.64 1.90 3.80 -2.97 0.64 33.25 -2.99
Car 0.00 1 2.58 1130.00 488.00 1285.00 544.00 1.70 2.09 4.25 12.48 0.78 40.48 2.87
Car 0.00 3 -2.46 -27.00 482.00 321.00 596.00 1.63 2.31 4.55 -10.79 0.71 20.59 -2.95
Car 0.00 3 0.78 -203.00 460.00 52.00 540.00 1.66 2.23 4.40 -20.08 0.16 28.62 0.17
Car 0.00 0 1.49 1033.00 471.00 1130.00 554.00 1.98 2.03 5.24 6.84 0.50 33.10 1.70
Car 0.00 0 3.91 -1333.00 371.00 147.00 845.00 1.86 2.08 4.80 -6.24 0.48 6.18 3.12
Car 0.00 2 0.69 -444.00 425.00 366.00 742.00 1.86 1.93 4.49 -5.74 0.54 8.83 0.12
Car 0.00 1 -2.69 14.00 426.00 514.00 628.00 1.94 2.09 4.48 -5.81 0.34 13.73 -3.09
