Car 0.00 0 -1.82 432.00 517.00 492.00 553.00 1.72 1.82 4.61 -18.67 3.28 64.06 -2.11
Car 0.00 0 1.90 527.00 477.00 645.00 549.00 2.24 2.12 5.89 -8.12 1.45 42.92 1.71
Car 0.00 0 -3.45 1492.00 445.00 1786.00 547.00 1.86 2.05 4.50 16.23 0.54 25.31 -2.88
Car 0.00 0 -1.79 400.00 495.00 453.00 532.00 2.00 1.82 4.64 -22.42 2.45 70.15 -2.10
Car 0.00 0 -3.57 1568.00 449.00 1904.00 568.00 1.73 1.67 3.98 14.46 0.63 20.16 -2.95
Car 0.00 0 -3.37 1319.00 472.00 1481.00 528.00 1.70 1.84 4.50 18.91 0.99 41.50 -2.95
Car 0.00 0 2.23 71.00 489.00 349.00 609.00 1.96 1.87 5.09 -11.22 1.37 23.31 1.78
Car 0.00 0 -0.26 1279.00 471.00 1405.00 518.00 1.76 1.88 4.40 21.24 1.03 51.77 0.12
Car 0.00 0 -3.43 1498.00 442.00 1792.00 536.00 1.83 2.11 4.96 17.86 0.45 27.65 -2.86
Car 0.00 0 -1.79 387.00 515.00 436.00 548.00 1.84 1.81 4.51 -24.78 3.64 74.75 -2.11
