Car 0.00 2 -3.53 1184.00 422.00 1737.00 625.00 1.61 1.95 4.26 5.85 0.49 12.06 -3.07
Car 0.00 2 2.36 1353.00 304.00 2572.00 761.00 1.90 2.29 4.84 5.89 0.27 7.01 3.06
Car 0.00 2 2.97 946.00 448.00 1125.00 528.00 2.06 2.27 4.77 6.06 0.52 36.80 3.14
Car 0.00 2 2.78 1070.00 403.00 1544.00 596.00 1.90 2.19 4.70 5.49 0.33 14.87 3.14
Car 0.00 2 2.88 1020.00 447.00 1282.00 551.00 1.61 2.02 4.17 5.81 0.52 22.83 3.13
Car 0.00 1 -0.39 1093.00 428.00 1411.00 560.00 1.82 2.09 4.34 6.80 0.37 20.37 -0.06
Car 0.00 3 0.36 248.00 471.00 474.00 561.00 1.88 2.00 4.68 -11.20 1.08 30.38 0.00
Car 0.00 2 2.58 1284.00 400.00 1961.00 656.00 1.57 2.01 3.85 5.84 0.40 9.60 3.12
Car 0.00 3 2.90 984.00 428.00 1226.00 542.00 2.25 2.37 4.79 6.16 0.33 28.21 3.12
Car 0.00 2 -2.67 185.00 481.00 412.00 570.00 1.73 1.89 4.13 -11.57 1.20 27.62 -3.07
Car 0.00 2 1.22 1507.00 414.00 1703.00 527.00 1.96 1.86 4.15 15.10 0.01 24.58 1.77
Car 0.00 1 2.90 989.00 438.00 1242.00 548.00 1.92 2.24 4.50 5.75 0.45 25.42 3.12
Car 0.00 1 2.80 1065.00 422.00 1434.00 574.00 1.81 2.14 4.36 5.80 0.38 17.63 3.12
Car 0.00 2 0.27 322.00 480.00 503.00 549.00 1.70 2.12 4.45 -11.75 1.25 35.81 -0.04
