Car 0.00 3 0.09 696.00 487.00 814.00 533.00 1.68 2.09 4.37 -2.32 0.70 48.88 0.04
Car 0.00 3 -3.24 1032.00 490.00 1236.00 566.00 1.54 2.03 4.17 6.92 0.78 28.02 -3.00
Car 0.00 1 0.10 636.00 490.00 790.00 542.00 1.52 2.00 4.56 -3.14 0.74 39.18 0.02
Car 0.00 3 -3.23 951.00 492.00 1085.00 538.00 1.53 1.89 4.52 7.13 0.82 45.11 -3.08
Car 0.00 1 0.28 371.00 485.00 710.00 598.00 1.59 2.10 4.72 -4.17 0.72 19.67 0.07
Car 0.00 2 -3.23 964.00 494.00 1112.00 541.00 1.49 1.90 4.71 7.38 0.84 42.52 -3.06
Car 0.00 3 0.10 659.00 488.00 803.00 541.00 1.66 1.82 4.58 -2.77 0.73 41.90 0.03
Car 0.00 3 -0.45 1444.00 486.00 1702.00 567.00 1.62 2.12 4.31 16.32 0.73 27.54 0.09
Car 0.00 3 -0.43 1430.00 492.00 1661.00 566.00 1.62 2.08 4.22 17.06 0.84 29.84 0.09
Car 0.00 3 -0.60 1554.00 488.00 1888.00 588.00 1.65 2.33 4.26 16.03 0.78 22.65 0.02
Car 0.00 0 -3.36 1072.00 479.00 1431.00 605.00 1.63 2.19 4.47 6.07 0.68 18.19 -3.04
Car 0.00 3 -3.37 1059.00 489.00 1317.00 580.00 1.55 1.95 4.21 6.74 0.76 23.34 -3.09
Car 0.00 3 0.52 69.00 487.00 479.00 623.00 1.50 1.79 4.31 -6.58 0.72 15.62 0.12
Car 0.00 3 -3.37 1070.00 490.00 1356.00 595.00 1.60 1.95 4.17 6.48 0.81 21.08 -3.07
Car 0.00 3 -0.42 1340.00 485.00 1541.00 551.00 1.73 2.15 4.49 17.17 0.71 35.03 0.04
Car 0.00 3 -0.32 1239.00 487.00 1394.00 541.00 1.77 2.40 4.46 17.37 0.75 44.17 0.05
Car 0.00 3 -3.28 985.00 491.00 1171.00 549.00 1.52 1.89 4.82 7.18 0.76 35.13 -3.08
Car 0.00 3 -0.43 1382.00 489.00 1594.00 558.00 1.66 2.02 4.33 17.10 0.79 32.41 0.05
