Car 0.00 0 -1.28 307.00 467.00 617.00 667.00 1.66 1.82 4.13 -3.41 0.85 12.56 -1.55
Car 0.00 3 -1.58 788.00 456.00 952.00 611.00 1.86 1.96 4.59 0.57 0.81 17.43 -1.55
Car 0.00 3 1.37 585.00 492.00 661.00 541.00 1.90 2.11 4.95 -8.40 1.88 51.38 1.21
Car 0.00 3 2.62 1442.00 442.00 1614.00 496.00 1.81 2.19 4.87 24.82 -0.01 44.47 3.13
Car 0.00 0 -1.59 710.00 472.00 1045.00 713.00 1.47 2.06 4.81 0.34 0.81 10.18 -1.56
Car 0.00 0 -1.47 592.00 470.00 738.00 586.00 1.88 2.15 4.80 -2.83 1.01 23.07 -1.59
Car 0.00 3 -3.52 1399.00 444.00 1519.00 486.00 1.87 1.98 4.53 29.33 -0.21 58.25 -3.05
Car 0.00 3 0.76 749.00 482.00 906.00 537.00 1.67 2.21 4.85 -0.01 1.27 40.39 0.76
Car 0.00 0 -1.74 1365.00 435.00 1863.00 763.00 1.75 2.15 4.67 5.32 0.74 9.27 -1.22
Car 0.00 3 0.86 63.00 513.00 264.00 581.00 1.76 2.28 4.92 -18.46 2.12 34.91 0.38
Car 0.00 0 2.12 -279.00 517.00 197.00 688.00 1.53 2.00 5.43 -9.75 1.38 14.84 1.54
