Car 0.00 3 0.23 416.00 430.00 538.00 470.00 1.51 1.86 4.46 -12.38 0.48 50.68 -0.01
Car 0.00 0 2.63 1172.00 452.00 1502.00 555.00 1.64 2.01 4.75 9.24 1.08 21.43 3.04
Car 0.00 3 3.36 434.00 432.00 555.00 471.00 1.60 1.89 4.64 -12.27 0.57 53.18 3.13
Car 0.00 3 0.28 338.00 432.00 494.00 482.00 1.49 1.84 4.30 -11.54 0.60 39.50 -0.01
Car 0.00 1 2.50 1499.00 473.00 1777.00 560.00 2.11 2.18 5.79 21.86 1.99 32.57 3.09
Car 0.00 2 2.74 1086.00 454.00 1336.00 529.00 1.51 2.02 4.67 9.04 1.12 27.12 3.07
Car 0.00 2 -0.22 913.00 443.00 1023.00 484.00 1.72 1.85 4.37 7.78 1.08 54.37 -0.08
Car 0.00 3 -0.61 1459.00 489.00 1657.00 544.00 1.41 2.07 4.34 21.58 2.18 35.42 -0.07
Car 0.00 3 -2.68 10.00 436.00 299.00 523.00 1.48 1.81 4.33 -11.38 0.73 22.92 -3.14
Car 0.00 0 2.90 936.00 442.00 1068.00 492.00 1.77 1.95 4.42 7.82 1.04 46.08 3.07
Car 0.00 3 2.83 1042.00 455.00 1241.00 510.00 1.34 2.05 4.55 9.14 1.13 32.77 3.10
Car 0.00 3 -2.64 -65.00 420.00 242.00 531.00 1.69 1.78 3.94 -11.14 0.59 20.35 -3.14
Car 0.00 3 0.21 451.00 432.00 562.00 471.00 1.63 2.04 4.46 -12.34 0.60 55.84 -0.01
Car 0.00 3 2.94 893.00 444.00 992.00 478.00 1.58 1.77 4.40 7.43 1.08 60.37 3.07
