Car 0.00 1 2.18 -916.00 481.00 65.00 879.00 1.71 1.96 4.47 -6.90 0.96 7.82 1.46
Car 0.00 3 0.31 1225.00 475.00 1383.00 524.00 1.55 2.09 4.46 15.88 0.98 41.78 0.67
Car 0.00 2 -1.66 866.00 465.00 938.00 523.00 2.20 2.42 4.81 2.96 0.96 50.47 -1.60
Car 0.00 3 -2.11 845.00 478.00 1105.00 596.00 1.66 1.92 4.92 2.25 1.02 20.57 -2.01
Car 0.00 3 -1.62 684.00 478.00 762.00 549.00 1.69 1.79 4.17 -2.73 1.09 32.40 -1.70
Car 0.00 3 -1.57 808.00 472.00 868.00 531.00 1.92 1.96 4.46 0.39 1.10 43.74 -1.56
Car 0.00 0 -1.66 671.00 484.00 849.00 615.00 1.48 1.96 4.37 -1.04 0.96 16.84 -1.72
Car 0.00 2 1.78 316.00 499.00 476.00 590.00 1.54 1.91 4.98 -8.27 1.37 24.52 1.46
Car 0.00 1 2.14 -1093.00 504.00 294.00 1132.00 1.52 1.97 4.31 -4.07 0.95 5.42 1.49
Car 0.00 1 1.72 439.00 489.00 540.00 559.00 1.78 1.95 5.24 -9.37 1.45 35.20 1.46
