Car 0.00 3 0.09 699.00 482.00 815.00 527.00 1.68 2.09 4.37 -2.27 0.50 49.57 0.05
Car 0.00 3 -3.24 1023.00 485.00 1221.00 559.00 1.54 2.03 4.17 6.83 0.66 28.72 -3.00
Car 0.00 1 0.09 642.00 485.00 792.00 536.00 1.52 2.00 4.56 -3.08 0.58 40.01 0.02
Car 0.00 3 -3.23 951.00 487.00 1083.00 532.00 1.53 1.89 4.52 7.19 0.64 45.64 -3.08
Car 0.00 0 0.27 395.00 479.00 721.00 588.00 1.59 2.10 4.72 -4.04 0.64 20.36 0.07
Car 0.00 3 -3.23 963.00 488.00 1108.00 535.00 1.49 1.90 4.71 7.39 0.66 43.04 -3.06
Car 0.00 3 0.10 661.00 482.00 804.00 535.00 1.66 1.82 4.58 -2.76 0.55 42.45 0.03
Car 0.00 3 -0.44 1432.00 482.00 1685.00 561.00 1.62 2.12 4.31 16.33 0.63 28.07 0.09
Car 0.00 3 -0.43 1419.00 486.00 1645.00 559.00 1.62 2.08 4.22 17.08 0.72 30.43 0.08
Car 0.00 3 -0.58 1536.00 483.00 1858.00 580.00 1.65 2.33 4.26 16.03 0.69 23.27 0.02
Car 0.00 0 -3.37 1065.00 473.00 1410.00 595.00 1.63 2.19 4.47 6.10 0.58 18.87 -3.05
Car 0.00 3 -3.35 1039.00 484.00 1287.00 572.00 1.55 1.95 4.21 6.48 0.66 24.07 -3.09
Car 0.00 3 0.50 109.00 482.00 497.00 611.00 1.50 1.79 4.31 -6.54 0.66 16.37 0.12
Car 0.00 3 -3.36 1066.00 483.00 1344.00 585.00 1.60 1.95 4.17 6.52 0.69 21.63 -3.07
Car 0.00 3 -0.41 1333.00 480.00 1531.00 546.00 1.73 2.15 4.49 17.18 0.57 35.53 0.04
Car 0.00 3 -3.29 1003.00 486.00 1187.00 543.00 1.52 1.89 4.82 7.82 0.62 35.88 -3.08
Car 0.00 3 -0.42 1368.00 484.00 1577.00 552.00 1.66 2.02 4.33 16.93 0.66 32.86 0.05
