Car 0.00 0 -0.68 1458.00 439.00 2344.00 720.00 1.58 1.75 4.42 6.95 0.67 8.47 0.00
Car 0.00 1 -2.68 280.00 478.00 427.00 530.00 1.66 2.03 4.37 -16.67 1.19 44.27 -3.04
Car 0.00 3 2.69 1180.00 452.00 1687.00 614.00 1.57 1.85 4.76 6.64 0.67 14.09 3.13
Car 0.00 0 -2.65 1077.00 468.00 1363.00 560.00 1.47 1.81 4.58 7.01 0.78 22.70 -2.35
Car 0.00 0 -1.58 823.00 472.00 860.00 504.00 1.72 2.08 4.76 0.84 1.05 72.70 -1.57
Car 0.00 3 0.15 638.00 475.00 725.00 510.00 2.00 2.10 5.09 -9.03 1.39 78.44 0.03
Car 0.00 0 0.63 -520.00 434.00 88.00 645.00 2.00 1.98 4.93 -11.23 0.71 13.82 -0.05
Car 0.00 3 -2.19 1518.00 432.00 1799.00 541.00 1.69 1.85 4.41 14.46 0.28 22.15 -1.61
Car 0.00 3 -2.98 604.00 476.00 695.00 512.00 2.00 2.08 5.10 -10.57 1.42 75.03 -3.12
Car 0.00 0 1.76 469.00 448.00 656.00 624.00 1.89 1.63 2.96 -3.10 0.74 15.25 1.56
