Car 0.00 2 -0.58 1135.00 363.00 2089.00 731.00 1.84 1.91 4.34 4.48 0.56 7.37 -0.04
Car 0.00 3 3.83 -777.00 425.00 80.00 664.00 1.64 1.96 4.75 -8.37 0.74 9.70 3.12
Car 0.00 2 -0.28 939.00 443.00 1277.00 555.00 1.52 1.97 4.37 4.54 0.85 18.33 -0.04
Car 0.00 3 2.85 887.00 446.00 1205.00 543.00 1.51 1.92 4.81 4.20 0.90 20.88 3.05
Car 0.00 0 1.94 1558.00 -52.00 9675.00 3209.00 1.84 1.97 4.79 4.08 0.65 1.81 3.10
Car 0.00 1 3.27 538.00 437.00 650.00 475.00 1.80 2.23 5.12 -9.35 0.89 61.57 3.12
Car 0.00 0 -0.10 778.00 428.00 922.00 488.00 2.29 2.00 5.43 2.42 0.78 49.42 -0.05
Car 0.00 0 -2.52 357.00 432.00 571.00 521.00 1.83 2.08 4.06 -7.03 0.80 27.58 -2.77
Car 0.00 3 -0.47 1082.00 394.00 1740.00 647.00 1.83 1.90 4.35 4.78 0.61 10.15 -0.03
Car 0.00 2 -0.80 1321.00 350.00 3088.00 976.00 1.78 2.61 4.09 4.72 0.66 4.98 -0.04
