Car 0.00 3 0.08 690.00 516.00 811.00 563.00 1.68 2.09 4.37 -2.43 1.80 47.69 0.03
Car 0.00 3 -3.26 1037.00 519.00 1253.00 598.00 1.54 2.03 4.17 6.81 1.37 26.65 -3.01
Car 0.00 1 0.10 628.00 520.00 788.00 573.00 1.52 2.00 4.56 -3.16 1.63 37.81 0.01
Car 0.00 3 -3.33 1010.00 520.00 1204.00 590.00 1.52 1.84 4.11 6.67 1.44 29.37 -3.11
Car 0.00 3 -3.24 955.00 521.00 1094.00 567.00 1.53 1.89 4.52 7.11 1.79 43.58 -3.08
Car 0.00 0 0.30 331.00 517.00 698.00 638.00 1.59 2.10 4.72 -4.22 1.18 18.24 0.07
Car 0.00 2 -3.24 966.00 522.00 1119.00 570.00 1.49 1.90 4.71 7.27 1.75 41.09 -3.06
Car 0.00 3 0.10 649.00 517.00 798.00 571.00 1.66 1.82 4.58 -2.93 1.67 40.56 0.03
Car 0.00 3 -0.47 1475.00 512.00 1752.00 596.00 1.62 2.12 4.31 16.25 1.25 26.04 0.09
Car 0.00 3 -0.45 1456.00 518.00 1700.00 595.00 1.62 2.08 4.22 17.01 1.43 28.48 0.09
Car 0.00 3 -0.62 1591.00 514.00 1947.00 619.00 1.65 2.33 4.26 15.99 1.22 21.49 0.02
Car 0.00 0 -3.39 1088.00 512.00 1480.00 647.00 1.63 2.19 4.47 6.02 1.11 16.83 -3.05
Car 0.00 3 -3.38 1064.00 518.00 1340.00 614.00 1.55 1.95 4.21 6.53 1.24 21.83 -3.09
Car 0.00 3 -0.25 1202.00 519.00 1333.00 562.00 1.62 2.15 4.47 17.77 1.92 50.05 0.09
Car 0.00 3 0.55 -11.00 521.00 445.00 669.00 1.50 1.79 4.31 -6.62 1.10 14.23 0.12
Car 0.00 3 -3.39 1085.00 521.00 1395.00 633.00 1.60 1.95 4.17 6.40 1.27 19.54 -3.08
Car 0.00 3 -0.44 1359.00 511.00 1571.00 580.00 1.73 2.15 4.49 17.10 1.41 33.56 0.03
Car 0.00 3 -0.33 1251.00 514.00 1411.00 569.00 1.77 2.40 4.46 17.27 1.66 42.71 0.05
Car 0.00 3 -3.29 989.00 519.00 1182.00 579.00 1.52 1.89 4.82 7.12 1.51 33.85 -3.08
Car 0.00 3 -0.44 1391.00 515.00 1612.00 587.00 1.66 2.02 4.33 16.79 1.44 31.21 0.05
