Car 0.00 3 0.08 680.00 578.00 806.00 627.00 1.68 2.09 4.37 -2.60 4.00 45.87 0.03
Car 0.00 3 -3.28 1042.00 582.00 1275.00 667.00 1.54 2.03 4.17 6.62 2.58 24.99 -3.02
Car 0.00 1 0.10 616.00 582.00 784.00 639.00 1.52 2.00 4.56 -3.25 3.37 36.15 0.01
Car 0.00 3 -3.35 1029.00 583.00 1239.00 657.00 1.52 1.84 4.11 6.84 2.78 27.60 -3.11
Car 0.00 3 -3.25 953.00 582.00 1097.00 631.00 1.53 1.89 4.52 6.84 3.78 41.81 -3.08
Car 0.00 0 0.32 269.00 583.00 680.00 718.00 1.59 2.10 4.72 -4.30 2.00 16.51 0.07
Car 0.00 2 -3.25 969.00 584.00 1129.00 634.00 1.49 1.90 4.71 7.14 3.63 39.32 -3.07
Car 0.00 3 0.11 633.00 579.00 790.00 636.00 1.66 1.82 4.58 -3.15 3.53 38.68 0.03
Car 0.00 2 -0.52 1512.00 575.00 1815.00 665.00 1.62 2.12 4.31 16.16 2.43 24.37 0.07
Car 0.00 3 -0.47 1485.00 580.00 1749.00 662.00 1.62 2.08 4.22 16.91 2.72 26.96 0.09
Car 0.00 0 -3.43 1110.00 579.00 1557.00 732.00 1.63 2.19 4.47 5.96 1.88 15.15 -3.05
Car 0.00 3 -3.41 1082.00 581.00 1388.00 686.00 1.55 1.95 4.21 6.52 2.21 20.13 -3.10
Car 0.00 3 -0.27 1211.00 580.00 1348.00 625.00 1.62 2.15 4.47 17.60 4.21 48.31 0.08
Car 0.00 2 0.60 -133.00 588.00 394.00 760.00 1.50 1.79 4.31 -6.67 1.74 12.59 0.11
Car 0.00 3 -3.42 1103.00 586.00 1449.00 711.00 1.60 1.95 4.17 6.31 2.15 17.82 -3.08
Car 0.00 3 -0.46 1381.00 573.00 1608.00 645.00 1.73 2.15 4.49 16.97 2.93 31.88 0.03
Car 0.00 3 -0.35 1263.00 575.00 1432.00 632.00 1.77 2.40 4.46 17.12 3.60 41.02 0.05
Car 0.00 3 -3.34 1051.00 582.00 1261.00 645.00 1.52 1.89 4.82 8.51 3.06 32.07 -3.08
Car 0.00 3 -0.46 1413.00 577.00 1650.00 652.00 1.66 2.02 4.33 16.59 2.84 29.57 0.05
Car 0.00 2 -3.29 1004.00 584.00 1209.00 652.00 1.50 1.97 4.47 6.74 2.94 29.85 -3.07
