Car 0.00 1 0.32 -34.00 493.00 245.00 590.00 1.68 1.94 4.27 -13.83 1.35 24.29 -0.19
Car 0.00 2 -0.53 1255.00 460.00 1454.00 536.00 2.00 2.33 4.71 15.25 0.80 36.34 -0.14
Car 0.00 0 2.67 987.00 485.00 1266.00 588.00 1.56 1.93 4.24 5.16 1.11 21.75 2.91
Car 0.00 1 0.77 1557.00 432.00 2023.00 604.00 2.10 2.28 5.19 13.67 0.65 18.36 1.41
Car 0.00 2 3.55 -30.00 507.00 113.00 548.00 1.53 2.21 4.47 -32.27 2.35 51.66 3.00
Car 0.00 1 0.37 56.00 498.00 308.00 583.00 1.63 2.05 4.37 -13.77 1.47 27.02 -0.10
Car 0.00 3 2.73 1095.00 476.00 1230.00 522.00 1.67 2.24 4.64 13.31 1.14 49.75 2.99
Car 0.00 2 -0.23 832.00 490.00 1007.00 550.00 1.54 2.06 4.57 2.60 1.41 35.67 -0.16
Car 0.00 1 0.40 -116.00 500.00 240.00 606.00 1.59 2.16 4.81 -13.10 1.38 21.79 -0.14
Car 0.00 2 3.01 796.00 492.00 927.00 543.00 1.61 1.95 4.26 1.17 1.62 43.52 3.03
Car 0.00 2 2.83 810.00 479.00 984.00 547.00 1.90 2.29 4.84 2.13 1.31 38.56 2.88
Car 0.00 2 0.91 1362.00 466.00 1779.00 612.00 1.74 2.26 5.39 10.35 0.91 18.13 1.43
Car 0.00 2 2.87 835.00 489.00 1018.00 555.00 1.55 2.12 4.33 2.57 1.33 32.79 2.95
Car 0.00 2 -0.36 916.00 469.00 1228.00 574.00 1.84 2.21 5.61 4.80 0.99 24.88 -0.17
Car 0.00 2 -0.58 1330.00 480.00 1529.00 547.00 1.64 2.17 4.30 16.17 1.15 33.75 -0.13
Car 0.00 1 2.77 895.00 471.00 1135.00 572.00 2.00 2.17 4.69 4.09 1.09 27.55 2.92
Car 0.00 3 -0.72 1514.00 451.00 1700.00 514.00 2.00 2.18 5.33 27.21 0.45 43.74 -0.17
Car 0.00 2 1.08 1186.00 475.00 1331.00 547.00 1.81 1.93 4.24 11.68 1.10 34.22 1.41
Car 0.00 2 2.96 768.00 483.00 905.00 539.00 1.90 2.19 4.70 0.33 1.51 46.22 2.96
Car 0.00 2 0.24 111.00 482.00 353.00 571.00 1.91 2.06 4.80 -13.97 1.31 29.73 -0.20
Car 0.00 2 2.97 758.00 493.00 862.00 533.00 1.61 2.02 4.17 -0.75 1.84 54.11 2.96
Car 0.00 2 2.83 872.00 493.00 1054.00 566.00 1.57 2.02 3.87 3.24 1.40 30.16 2.93
Car 0.00 2 -0.49 1217.00 464.00 1373.00 524.00 1.75 2.00 4.05 14.57 0.75 39.07 -0.14
Car 0.00 2 -0.66 1428.00 458.00 1590.00 512.00 1.94 2.33 5.22 26.72 0.61 49.14 -0.16
Car 0.00 3 0.41 -148.00 503.00 37.00 556.00 1.68 2.07 4.88 -30.97 2.05 44.13 -0.20
