Car 0.00 0 -1.65 638.00 478.00 701.00 523.00 1.59 1.97 4.42 -5.51 0.31 47.01 -1.76
Car 0.00 0 -0.44 1034.00 476.00 1333.00 585.00 1.62 2.20 4.14 5.93 0.58 20.73 -0.16
Car 0.00 0 -0.59 1315.00 475.00 1661.00 572.00 1.49 2.21 4.70 11.19 0.49 21.33 -0.11
Car 0.00 3 2.48 1488.00 467.00 1697.00 541.00 1.88 1.84 4.62 20.75 0.32 33.95 3.02
Car 0.00 2 -0.13 810.00 476.00 921.00 518.00 1.60 1.97 4.23 1.96 0.21 51.30 -0.09
Car 0.00 0 -0.45 1143.00 478.00 1345.00 544.00 1.43 1.99 3.95 9.90 0.44 29.49 -0.13
Car 0.00 2 2.97 820.00 482.00 958.00 530.00 1.54 1.96 4.55 2.50 0.49 44.18 3.03
Car 0.00 1 -1.30 -201.00 380.00 442.00 858.00 1.90 1.81 4.92 -3.52 0.49 7.61 -1.73
Car 0.00 3 -0.21 768.00 477.00 851.00 510.00 1.78 1.80 4.33 -0.40 0.09 70.65 -0.21
Car 0.00 3 2.44 1557.00 475.00 1771.00 541.00 1.52 1.89 4.22 21.14 0.39 31.68 3.03
Car 0.00 3 -0.41 997.00 473.00 1256.00 574.00 1.74 2.04 4.23 5.76 0.55 23.77 -0.17
Car 0.00 3 -0.53 1244.00 485.00 1485.00 563.00 1.40 2.03 3.80 10.62 0.60 24.69 -0.12
Car 0.00 3 -0.16 796.00 482.00 892.00 518.00 1.56 1.75 4.12 1.24 0.37 57.57 -0.14
