Car 0.00 0 -1.32 386.00 471.00 640.00 640.00 1.66 1.82 4.13 -3.41 0.89 14.46 -1.55
Car 0.00 3 -1.58 788.00 456.00 953.00 611.00 1.86 1.96 4.59 0.57 0.81 17.43 -1.55
Car 0.00 1 0.25 885.00 466.00 1063.00 533.00 1.90 2.11 4.95 4.48 0.91 37.96 0.37
Car 0.00 3 2.62 1442.00 441.00 1615.00 495.00 1.81 2.19 4.87 24.83 -0.04 44.47 3.13
Car 0.00 0 -1.59 711.00 476.00 1045.00 717.00 1.47 2.06 4.81 0.34 0.84 10.18 -1.56
Car 0.00 0 -1.47 595.00 469.00 740.00 585.00 1.88 2.15 4.80 -2.79 0.99 23.08 -1.59
Car 0.00 3 -3.52 1399.00 444.00 1519.00 486.00 1.87 1.98 4.53 29.34 -0.21 58.24 -3.05
Car 0.00 3 1.69 576.00 497.00 632.00 535.00 1.72 2.12 4.82 -10.59 2.16 59.91 1.51
Car 0.00 3 -0.41 1318.00 441.00 1527.00 504.00 1.67 2.21 4.85 16.77 0.09 35.46 0.03
Car 0.00 0 -1.74 1366.00 441.00 1864.00 769.00 1.75 2.15 4.67 5.32 0.78 9.27 -1.22
Car 0.00 0 2.08 -126.00 510.00 190.00 636.00 1.76 2.28 4.92 -12.90 1.59 20.83 1.53
Car 0.00 3 3.37 23.00 517.00 168.00 560.00 1.56 2.37 4.55 -28.92 2.68 49.75 2.84
