Car 0.00 2 -0.50 1316.00 454.00 1771.00 613.00 1.80 1.79 4.67 8.85 0.76 15.75 0.01
Car 0.00 3 -0.56 1517.00 500.00 1710.00 557.00 1.46 1.76 4.25 21.78 1.60 34.80 -0.00
Car 0.00 0 1.73 616.00 466.00 691.00 520.00 2.00 2.06 5.71 -6.95 0.92 50.83 1.60
Car 0.00 3 2.87 1070.00 484.00 1257.00 541.00 1.38 1.79 4.33 8.68 1.09 32.53 3.13
Car 0.00 3 -3.56 1206.00 463.00 1600.00 593.00 1.72 1.89 4.92 8.35 0.82 18.47 -3.14
Car 0.00 0 2.55 1393.00 463.00 1965.00 654.00 1.79 1.88 4.77 8.82 0.88 13.27 3.14
Car 0.00 2 -0.26 1158.00 463.00 1432.00 568.00 1.84 1.81 4.59 8.87 0.85 24.07 0.09
Car 0.00 3 -0.27 1066.00 470.00 1250.00 539.00 1.82 1.66 4.67 9.19 0.95 34.96 -0.01
Car 0.00 3 -0.33 1114.00 471.00 1358.00 557.00 1.72 1.81 4.64 8.73 0.93 26.95 -0.01
Car 0.00 3 2.85 1090.00 486.00 1292.00 555.00 1.50 1.63 4.26 8.56 1.17 29.63 3.13
Car 0.00 2 -0.14 993.00 478.00 1112.00 522.00 1.78 1.82 4.85 9.72 1.28 54.23 0.04
