Car 0.00 3 0.48 -3.00 485.00 337.00 598.00 1.64 1.70 4.59 -10.60 1.13 20.34 -0.00
Car 0.00 2 -0.26 1049.00 471.00 1286.00 555.00 1.58 1.75 4.42 7.06 0.89 26.24 -0.00
Car 0.00 3 -2.79 444.00 491.00 545.00 528.00 1.66 2.03 4.37 -16.33 1.94 61.74 -3.05
Car 0.00 3 -3.56 1205.00 413.00 1802.00 629.00 1.90 1.94 4.91 6.59 0.51 12.71 -3.08
Car 0.00 0 -2.49 -181.00 486.00 233.00 621.00 1.69 1.97 4.63 -11.08 1.13 17.54 -3.05
Car 0.00 3 0.46 112.00 471.00 398.00 585.00 1.90 1.87 4.41 -10.47 1.05 23.15 0.03
Car 0.00 3 -2.53 974.00 480.00 1126.00 529.00 1.47 1.81 4.58 7.17 1.13 40.47 -2.35
Car 0.00 0 -1.58 826.00 483.00 867.00 517.00 1.72 2.08 4.76 1.04 1.59 67.89 -1.56
Car 0.00 1 0.27 282.00 472.00 505.00 559.00 2.00 1.98 4.93 -10.84 1.13 31.63 -0.06
Car 0.00 2 2.75 1113.00 466.00 1494.00 590.00 1.58 1.89 4.80 6.82 0.82 18.28 3.10
Car 0.00 2 -3.70 1333.00 387.00 2087.00 660.00 1.88 1.83 4.64 6.78 0.41 10.05 -3.11
Car 0.00 3 -1.97 1235.00 460.00 1353.00 518.00 1.69 1.85 4.41 14.77 0.61 39.86 -1.62
Car 0.00 1 -0.70 1447.00 437.00 2543.00 745.00 1.51 1.77 4.84 6.63 0.66 7.55 0.02
Car 0.00 0 1.62 724.00 477.00 775.00 532.00 1.89 1.63 2.96 -2.76 1.24 45.53 1.56
