Car 0.00 3 -0.34 1172.00 460.00 1451.00 561.00 1.80 1.79 4.67 9.22 0.76 24.08 0.02
Car 0.00 3 -0.48 1406.00 490.00 1558.00 536.00 1.46 1.76 4.25 22.45 1.47 43.01 0.01
Car 0.00 1 1.71 666.00 466.00 727.00 512.00 2.00 2.06 5.71 -6.09 0.88 59.22 1.61
Car 0.00 3 2.91 1038.00 479.00 1184.00 524.00 1.38 1.79 4.33 9.22 1.01 40.84 3.14
Car 0.00 3 -3.79 1574.00 473.00 2327.00 692.00 1.59 1.74 4.56 9.08 0.86 10.46 -3.07
Car 0.00 3 -3.45 1113.00 463.00 1373.00 550.00 1.72 1.89 4.92 8.81 0.76 26.84 -3.13
Car 0.00 0 -3.54 1210.00 466.00 1534.00 579.00 1.79 1.88 4.77 9.32 0.88 21.69 -3.14
Car 0.00 3 -0.18 1092.00 465.00 1288.00 542.00 1.84 1.81 4.59 9.33 0.84 32.44 0.10
Car 0.00 3 -0.23 1037.00 468.00 1184.00 524.00 1.82 1.66 4.67 9.75 0.89 43.21 -0.00
Car 0.00 3 -0.26 1068.00 471.00 1251.00 536.00 1.72 1.81 4.64 9.32 0.92 35.28 -0.00
Car 0.00 3 2.90 1050.00 481.00 1205.00 534.00 1.50 1.63 4.26 9.07 1.12 37.96 3.14
