Car 0.00 3 0.09 699.00 481.00 815.00 526.00 1.68 2.09 4.37 -2.27 0.46 49.58 0.04
Car 0.00 3 -3.24 1021.00 484.00 1219.00 558.00 1.54 2.03 4.17 6.79 0.64 28.75 -3.01
Car 0.00 1 0.09 645.00 484.00 795.00 535.00 1.52 2.00 4.56 -2.99 0.55 40.00 0.02
Car 0.00 3 -3.23 950.00 486.00 1082.00 531.00 1.53 1.89 4.52 7.14 0.61 45.63 -3.08
Car 0.00 0 0.27 394.00 478.00 720.00 588.00 1.59 2.10 4.72 -4.05 0.62 20.35 0.07
Car 0.00 2 -3.23 961.00 487.00 1106.00 534.00 1.49 1.90 4.71 7.33 0.64 43.06 -3.06
Car 0.00 3 0.10 661.00 481.00 804.00 534.00 1.66 1.82 4.58 -2.76 0.53 42.47 0.03
Car 0.00 3 -0.44 1432.00 482.00 1685.00 561.00 1.62 2.12 4.31 16.32 0.62 28.06 0.09
Car 0.00 3 -0.43 1418.00 486.00 1644.00 558.00 1.62 2.08 4.22 17.08 0.70 30.46 0.08
Car 0.00 3 -0.58 1535.00 482.00 1857.00 579.00 1.65 2.33 4.26 16.03 0.67 23.30 0.02
Car 0.00 1 -3.37 1066.00 473.00 1413.00 594.00 1.63 2.19 4.47 6.11 0.57 18.82 -3.05
Car 0.00 3 -3.35 1038.00 483.00 1287.00 572.00 1.55 1.95 4.21 6.47 0.65 24.04 -3.09
Car 0.00 3 0.50 106.00 482.00 496.00 611.00 1.50 1.79 4.31 -6.55 0.65 16.33 0.12
Car 0.00 3 -3.36 1067.00 481.00 1345.00 583.00 1.60 1.95 4.17 6.53 0.66 21.63 -3.07
Car 0.00 3 -0.41 1333.00 479.00 1531.00 545.00 1.73 2.15 4.49 17.18 0.55 35.50 0.04
Car 0.00 3 -3.29 998.00 485.00 1181.00 542.00 1.52 1.89 4.82 7.66 0.60 35.89 -3.08
Car 0.00 3 -0.42 1362.00 483.00 1570.00 551.00 1.66 2.02 4.33 16.77 0.63 32.87 0.05
