Car 0.00 0 1.80 425.00 475.00 539.00 567.00 2.20 1.93 3.92 -8.90 1.27 32.68 1.54
Car 0.00 2 -1.66 945.00 465.00 1000.00 512.00 1.93 1.97 4.08 6.31 0.80 54.69 -1.55
Car 0.00 0 -1.76 1027.00 474.00 1148.00 550.00 1.59 1.83 4.69 6.00 0.94 29.35 -1.56
Car 0.00 0 1.68 625.00 486.00 732.00 565.00 1.47 1.69 4.23 -3.00 1.10 26.14 1.57
Car 0.00 2 1.77 483.00 464.00 585.00 553.00 2.44 2.06 4.39 -8.64 1.12 37.36 1.54
Car 0.00 1 -1.68 922.00 473.00 966.00 506.00 1.65 1.86 4.17 6.28 1.06 67.34 -1.58
Car 0.00 0 -1.98 1208.00 435.00 1642.00 682.00 1.88 1.92 4.80 5.43 0.73 12.25 -1.56
Car 0.00 2 -1.65 911.00 470.00 948.00 503.00 1.81 1.77 4.03 5.95 0.98 73.02 -1.57
Car 0.00 0 2.01 133.00 483.00 415.00 632.00 2.00 1.97 5.18 -8.47 1.25 19.84 1.61
Car 0.00 0 -2.28 1486.00 365.00 2912.00 996.00 1.83 1.82 4.53 5.28 0.66 6.01 -1.56
Car 0.00 1 -1.72 991.00 461.00 1072.00 536.00 1.96 1.63 3.87 5.72 0.79 35.31 -1.56
Car 0.00 1 -1.86 1119.00 464.00 1332.00 601.00 1.69 1.69 4.14 5.53 0.82 17.92 -1.56
