Car 0.00 2 -1.76 951.00 477.00 1013.00 516.00 1.89 2.17 5.62 7.91 1.32 64.29 -1.63
Car 0.00 0 1.79 459.00 425.00 626.00 563.00 3.23 2.58 8.45 -7.38 0.62 33.83 1.57
Car 0.00 1 -1.59 829.00 486.00 926.00 560.00 1.69 2.22 4.46 1.23 1.26 31.34 -1.55
Car 0.00 0 -1.71 1033.00 476.00 1111.00 531.00 1.67 1.84 4.57 7.79 1.04 40.12 -1.51
Car 0.00 2 -1.58 821.00 477.00 876.00 525.00 1.96 2.24 5.03 0.92 1.30 54.00 -1.56
Car 0.00 3 1.23 730.00 478.00 777.00 507.00 2.13 2.20 4.34 -5.58 1.67 94.88 1.18
Car 0.00 0 -1.93 1214.00 488.00 1462.00 623.00 1.70 1.84 4.59 7.28 1.14 18.40 -1.55
Car 0.00 1 -1.82 1107.00 489.00 1322.00 587.00 1.62 2.73 4.71 7.08 1.20 23.56 -1.53
Car 0.00 2 -1.71 1001.00 481.00 1067.00 531.00 1.72 1.79 4.60 7.64 1.30 46.57 -1.55
Car 0.00 1 1.73 638.00 476.00 743.00 555.00 1.86 1.94 4.59 -3.39 1.10 31.98 1.62
