Car 0.00 3 1.26 579.00 488.00 675.00 538.00 1.92 2.49 4.93 -8.28 1.74 51.54 1.10
Car 0.00 0 -1.29 302.00 468.00 612.00 672.00 1.66 1.82 4.13 -3.41 0.87 12.41 -1.56
Car 0.00 3 -1.58 788.00 457.00 952.00 612.00 1.86 1.96 4.59 0.57 0.83 17.52 -1.55
Car 0.00 3 2.62 1442.00 440.00 1614.00 495.00 1.81 2.19 4.87 24.83 -0.06 44.47 3.13
Car 0.00 0 -1.59 705.00 473.00 1040.00 714.00 1.47 2.06 4.81 0.30 0.82 10.18 -1.56
Car 0.00 0 2.03 47.00 495.00 331.00 627.00 1.75 1.91 4.87 -9.59 1.28 19.37 1.57
Car 0.00 0 -1.48 591.00 464.00 734.00 580.00 1.88 2.15 4.80 -2.88 0.91 23.07 -1.61
Car 0.00 0 -1.74 1369.00 445.00 1868.00 772.00 1.75 2.15 4.67 5.36 0.80 9.29 -1.22
Car 0.00 1 0.75 -24.00 512.00 184.00 577.00 1.76 2.28 4.92 -21.43 2.12 36.05 0.21
Car 0.00 1 1.96 210.00 499.00 361.00 569.00 1.76 2.22 4.59 -14.73 1.69 34.45 1.56
