Car 0.00 3 0.60 -212.00 481.00 170.00 598.00 1.65 1.87 4.70 -13.10 1.05 19.58 0.01
Car 0.00 2 0.43 117.00 476.00 353.00 563.00 1.79 1.93 4.29 -13.01 1.07 27.76 -0.01
Car 0.00 2 0.57 -65.00 469.00 245.00 576.00 1.74 1.98 4.29 -12.84 0.89 22.04 0.04
Car 0.00 0 1.67 719.00 439.00 790.00 512.00 2.78 2.24 5.98 -2.88 0.22 51.53 1.62
Car 0.00 2 0.19 515.00 472.00 622.00 513.00 1.72 1.86 4.42 -11.52 1.01 56.16 -0.02
Car 0.00 3 0.29 432.00 480.00 567.00 525.00 1.56 1.87 4.47 -12.16 1.19 46.75 0.03
Car 0.00 2 0.26 370.00 482.00 533.00 537.00 1.65 1.90 4.76 -12.26 1.27 41.13 -0.03
Car 0.00 2 0.70 -406.00 474.00 57.00 630.00 1.86 1.96 4.58 -13.08 1.03 16.57 0.03
Car 0.00 3 0.41 208.00 469.00 434.00 549.00 1.95 2.17 5.06 -13.28 1.00 33.11 0.03
Car 0.00 3 0.54 17.00 477.00 277.00 571.00 1.70 1.89 4.10 -13.32 1.03 24.72 0.04
