Car 0.00 0 -3.27 897.00 425.00 1007.00 467.00 2.00 2.39 5.41 8.56 0.40 65.89 -3.14
Car 0.00 2 3.65 -169.00 399.00 231.00 535.00 1.75 1.88 4.61 -10.81 0.41 18.32 3.11
Car 0.00 0 3.43 199.00 405.00 446.00 498.00 1.90 1.99 4.83 -10.37 0.30 28.53 3.08
Car 0.00 3 0.49 3.00 417.00 331.00 515.00 1.51 1.91 4.80 -10.78 0.47 22.19 0.04
Car 0.00 0 3.30 509.00 417.00 609.00 456.00 1.57 1.89 4.05 -9.99 -0.06 55.70 3.13
Car 0.00 3 -2.19 1525.00 425.00 1859.00 549.00 2.14 2.53 5.69 17.73 0.87 25.26 -1.58
Car 0.00 3 0.31 277.00 429.00 485.00 499.00 1.56 1.94 4.50 -9.97 0.62 31.27 0.01
Car 0.00 0 -1.70 951.00 433.00 1039.00 483.00 1.40 2.10 4.59 6.45 0.59 39.57 -1.54
Car 0.00 1 -0.23 1044.00 425.00 1161.00 477.00 2.00 2.09 4.32 13.13 0.52 52.67 0.02
Car 0.00 3 0.06 562.00 419.00 648.00 452.00 1.65 2.01 4.45 -9.79 -0.12 68.26 -0.09
