Car 0.00 0 -1.72 904.00 479.00 1003.00 544.00 1.59 1.97 4.42 3.55 0.49 33.59 -1.61
Car 0.00 1 -0.31 1109.00 485.00 1289.00 547.00 1.62 2.20 4.14 10.24 0.64 34.12 -0.02
Car 0.00 3 -0.39 1291.00 486.00 1503.00 543.00 1.49 2.21 4.70 15.52 0.59 34.09 0.03
Car 0.00 3 -0.11 979.00 482.00 1067.00 513.00 1.60 1.97 4.23 10.57 0.30 64.98 0.05
Car 0.00 0 -0.33 1209.00 487.00 1348.00 530.00 1.43 1.99 3.95 15.39 0.55 42.32 0.02
Car 0.00 2 -3.29 985.00 486.00 1091.00 521.00 1.54 1.96 4.55 10.11 0.54 57.92 -3.11
Car 0.00 3 -1.55 702.00 458.00 816.00 578.00 1.90 1.81 4.92 -0.96 0.41 22.72 -1.59
Car 0.00 0 -3.67 1587.00 488.00 1763.00 538.00 1.55 1.89 4.31 27.40 0.68 40.52 -3.08
Car 0.00 3 -0.30 1092.00 483.00 1255.00 543.00 1.74 2.04 4.23 10.49 0.61 37.42 -0.03
Car 0.00 3 -0.37 1260.00 492.00 1416.00 541.00 1.40 2.03 3.80 15.43 0.72 37.62 0.02
