Car 0.00 2 -0.43 1320.00 457.00 1776.00 609.00 1.68 1.73 4.55 8.70 0.73 15.45 0.08
Car 0.00 3 -0.31 1231.00 454.00 1534.00 562.00 1.86 1.83 4.83 10.28 0.68 23.48 0.10
Car 0.00 3 -0.36 1271.00 446.00 1716.00 594.00 1.89 1.94 5.23 9.31 0.66 17.91 0.12
Car 0.00 3 -0.36 1364.00 485.00 1476.00 519.00 1.46 1.76 4.25 27.19 1.44 57.49 0.09
Car 0.00 1 1.69 803.00 466.00 849.00 501.00 2.00 2.06 5.71 0.01 0.82 75.93 1.69
Car 0.00 3 -3.30 1079.00 476.00 1184.00 509.00 1.38 1.79 4.33 13.67 0.99 56.37 -3.07
Car 0.00 3 -3.40 1238.00 471.00 1492.00 555.00 1.59 1.74 4.56 11.12 0.86 26.17 -2.99
Car 0.00 3 -3.33 1108.00 466.00 1268.00 521.00 1.72 1.89 4.92 12.19 0.78 42.49 -3.05
Car 0.00 3 -3.37 1149.00 468.00 1329.00 533.00 1.79 1.88 4.77 12.22 0.89 37.35 -3.06
Car 0.00 1 -0.65 1553.00 427.00 2381.00 695.00 1.80 1.96 4.59 8.62 0.63 9.88 0.07
Car 0.00 3 -0.09 1105.00 469.00 1234.00 520.00 1.84 1.81 4.59 13.08 0.91 48.01 0.18
Car 0.00 3 -0.16 1081.00 468.00 1189.00 509.00 1.82 1.66 4.67 14.40 0.86 58.63 0.08
Car 0.00 3 -0.18 1098.00 471.00 1223.00 516.00 1.72 1.81 4.64 13.51 0.94 50.85 0.08
