Car 0.00 0 -0.43 1209.00 469.00 1639.00 613.00 1.58 1.75 4.42 7.22 0.84 15.47 0.00
Car 0.00 3 -2.73 361.00 487.00 486.00 531.00 1.66 2.03 4.37 -16.42 1.59 51.12 -3.04
Car 0.00 2 0.76 -589.00 448.00 17.00 666.00 1.90 1.87 4.41 -10.80 0.82 12.39 0.04
Car 0.00 3 0.68 -410.00 469.00 111.00 640.00 1.83 1.85 4.89 -11.61 0.98 15.13 0.03
Car 0.00 1 -2.58 1025.00 474.00 1237.00 543.00 1.47 1.81 4.58 7.13 0.91 29.66 -2.35
Car 0.00 0 -1.59 827.00 481.00 866.00 514.00 1.72 2.08 4.76 1.10 1.55 70.55 -1.57
Car 0.00 1 0.44 -26.00 458.00 336.00 592.00 2.00 1.98 4.93 -11.02 0.89 20.86 -0.05
Car 0.00 0 2.38 1457.00 427.00 2556.00 756.00 1.58 1.89 4.80 6.64 0.64 7.47 3.11
Car 0.00 3 -2.08 1378.00 454.00 1565.00 535.00 1.69 1.85 4.41 14.75 0.56 28.97 -1.61
Car 0.00 0 1.67 647.00 471.00 734.00 560.00 1.89 1.63 2.96 -3.07 1.01 28.70 1.57
Car 0.00 3 1.17 1510.00 458.00 1698.00 530.00 1.46 1.91 4.54 17.36 0.53 28.27 1.72
