Car 0.00 3 -1.48 559.00 429.00 636.00 482.00 1.46 1.86 4.36 -5.52 0.52 37.34 -1.63
Car 0.00 1 -1.28 267.00 416.00 456.00 524.00 1.83 2.02 5.03 -7.90 0.57 24.03 -1.60
Car 0.00 1 -1.10 -50.00 426.00 213.00 544.00 1.56 1.70 4.17 -10.36 0.66 18.94 -1.60
Car 0.00 1 1.79 444.00 414.00 607.00 519.00 1.85 2.05 4.91 -4.96 0.53 24.74 1.59
Car 0.00 1 2.12 -129.00 419.00 98.00 514.00 1.70 1.77 4.27 -15.57 0.55 24.81 1.56
Car 0.00 2 -1.08 -35.00 427.00 195.00 522.00 1.64 1.89 4.52 -13.31 0.67 24.17 -1.58
Car 0.00 0 -1.22 134.00 423.00 380.00 549.00 1.65 1.96 4.31 -7.60 0.66 18.64 -1.61
Car 0.00 1 -1.39 350.00 431.00 535.00 543.00 1.53 1.93 4.46 -5.15 0.70 19.53 -1.64
Car 0.00 3 1.94 118.00 430.00 321.00 517.00 1.49 1.90 4.75 -10.61 0.65 24.06 1.52
Car 0.00 1 -1.34 367.00 421.00 467.00 485.00 1.75 1.85 4.22 -10.67 0.45 36.77 -1.62
