Car 0.00 1 2.57 1408.00 465.00 1668.00 546.00 1.50 1.66 4.31 14.20 0.69 25.13 3.08
Car 0.00 0 -1.81 996.00 465.00 1116.00 545.00 1.72 1.70 4.77 5.38 0.80 29.96 -1.63
Car 0.00 0 2.16 -224.00 495.00 61.00 610.00 1.86 1.84 5.02 -16.90 1.45 23.70 1.54
Car 0.00 0 -1.52 668.00 474.00 717.00 511.00 1.74 2.19 4.52 -6.65 1.10 62.67 -1.63
Car 0.00 3 -0.38 1108.00 480.00 1265.00 536.00 1.89 1.92 5.06 12.98 1.36 45.38 -0.10
Car 0.00 0 -2.02 1135.00 478.00 1400.00 597.00 1.51 1.84 4.59 6.37 0.92 18.75 -1.70
Car 0.00 0 -1.91 1060.00 466.00 1238.00 566.00 1.70 1.78 4.85 6.10 0.83 24.35 -1.66
Car 0.00 0 2.19 -9.00 504.00 182.00 574.00 1.45 1.72 4.18 -17.21 1.56 29.40 1.66
Car 0.00 0 -1.76 951.00 477.00 1043.00 535.00 1.53 1.73 4.67 4.83 1.00 36.12 -1.63
Car 0.00 0 1.95 197.00 492.00 310.00 549.00 1.73 1.80 4.56 -18.93 1.62 41.61 1.52
Car 0.00 0 -2.28 1543.00 383.00 2672.00 831.00 1.81 1.80 4.96 6.71 0.60 7.66 -1.56
Car 0.00 3 2.65 1261.00 456.00 1463.00 534.00 1.93 1.80 4.58 14.15 0.66 33.25 3.05
Car 0.00 0 -1.57 714.00 478.00 793.00 540.00 1.54 2.00 4.29 -2.00 1.03 34.43 -1.63
Car 0.00 0 -1.68 804.00 467.00 875.00 524.00 1.84 1.95 4.70 0.38 0.87 43.56 -1.67
