Car 0.00 3 1.82 512.00 477.00 603.00 541.00 1.94 1.82 4.53 -8.61 1.24 40.50 1.61
Car 0.00 2 2.44 -233.00 497.00 314.00 692.00 1.66 1.80 4.85 -7.90 1.12 13.30 1.90
Car 0.00 0 -1.13 -258.00 497.00 537.00 918.00 1.54 1.78 4.58 -3.07 0.92 6.91 -1.55
Car 0.00 0 -3.40 1174.00 456.00 1375.00 530.00 1.89 1.75 4.69 11.71 0.61 33.01 -3.05
Car 0.00 0 -3.57 1428.00 432.00 1683.00 521.00 1.78 1.67 4.31 15.16 0.15 26.25 -3.05
Car 0.00 1 1.82 469.00 490.00 545.00 537.00 1.66 1.67 4.49 -11.80 1.58 46.56 1.57
Car 0.00 0 2.89 839.00 458.00 1092.00 542.00 1.69 1.78 5.05 2.89 0.63 26.56 3.00
Car 0.00 0 -2.87 490.00 476.00 702.00 550.00 1.82 1.90 5.00 -5.83 1.07 32.00 -3.05
Car 0.00 1 -3.31 1007.00 465.00 1212.00 534.00 1.58 1.85 4.51 6.66 0.70 29.86 -3.09
Car 0.00 3 1.62 589.00 476.00 636.00 517.00 2.00 2.12 4.81 -10.74 1.34 63.17 1.45
