Car 0.00 3 -0.31 1107.00 442.00 1239.00 508.00 2.99 2.45 5.61 18.80 1.81 61.69 -0.01
Car 0.00 3 -0.65 1384.00 387.00 2077.00 633.00 1.94 2.08 4.89 8.49 0.63 11.71 -0.02
Car 0.00 3 2.72 1122.00 425.00 1446.00 553.00 1.83 2.07 4.34 7.87 0.80 20.28 3.09
Car 0.00 3 2.66 1183.00 425.00 1565.00 571.00 1.77 2.07 4.28 7.96 0.80 17.42 3.09
Car 0.00 3 2.74 1019.00 435.00 1246.00 512.00 1.54 2.05 4.43 7.68 0.79 28.32 3.01
Car 0.00 2 1.69 568.00 436.00 619.00 471.00 1.52 1.76 4.75 -8.94 0.73 58.81 1.54
Car 0.00 3 -0.29 940.00 431.00 1082.00 490.00 1.76 2.01 4.20 7.39 0.75 41.81 -0.11
Car 0.00 3 2.63 1221.00 429.00 1699.00 598.00 1.69 2.08 4.42 7.65 0.84 14.68 3.11
Car 0.00 3 -0.22 969.00 427.00 1128.00 493.00 1.74 1.94 4.13 7.50 0.64 36.46 -0.02
Car 0.00 3 2.95 917.00 434.00 1055.00 485.00 1.64 2.17 4.50 7.06 0.78 45.10 3.11
