Car 0.00 3 -0.67 1559.00 458.00 1828.00 549.00 1.77 2.14 4.50 20.17 1.43 28.24 -0.05
Car 0.00 0 2.14 -360.00 419.00 157.00 618.00 1.52 1.76 4.75 -8.27 0.68 12.46 1.55
Car 0.00 0 1.77 445.00 417.00 549.00 480.00 1.70 2.11 4.58 -8.63 0.32 38.05 1.55
Car 0.00 1 -0.35 1070.00 404.00 1370.00 534.00 2.07 2.28 4.59 7.76 0.55 22.97 -0.02
Car 0.00 3 -0.49 1294.00 460.00 1447.00 521.00 1.83 1.94 4.16 19.46 1.74 42.19 -0.06
Car 0.00 3 -0.16 922.00 434.00 1046.00 477.00 1.50 1.89 4.58 7.78 0.69 50.12 -0.01
Car 0.00 0 1.95 113.00 407.00 357.00 539.00 1.73 1.81 4.39 -8.24 0.51 19.34 1.55
Car 0.00 3 2.89 986.00 440.00 1165.00 505.00 1.53 1.96 4.28 7.71 0.91 34.00 3.12
Car 0.00 3 -0.63 1434.00 460.00 1663.00 545.00 2.00 2.06 4.90 20.25 1.69 33.67 -0.09
Car 0.00 2 -0.30 1035.00 432.00 1273.00 531.00 1.96 2.14 4.66 8.18 0.96 28.44 -0.02
Car 0.00 0 1.89 297.00 422.00 458.00 505.00 1.54 1.77 4.61 -8.49 0.53 26.66 1.59
Car 0.00 3 2.87 1002.00 423.00 1215.00 506.00 1.82 2.10 4.67 7.91 0.65 31.36 3.12
Car 0.00 3 2.93 950.00 432.00 1109.00 491.00 1.63 1.94 4.53 7.53 0.73 39.42 3.12
