Car 0.00 0 2.99 897.00 432.00 1032.00 485.00 2.00 2.39 5.41 7.59 0.86 54.34 3.13
Car 0.00 3 0.33 220.00 421.00 439.00 491.00 1.43 1.89 4.51 -10.85 0.43 30.21 -0.01
Car 0.00 3 3.63 -279.00 377.00 198.00 546.00 1.90 1.99 4.83 -10.69 0.30 16.67 3.06
Car 0.00 0 3.35 411.00 427.00 542.00 478.00 1.57 1.89 4.05 -10.71 0.49 43.84 3.11
Car 0.00 0 -1.88 1131.00 441.00 1307.00 520.00 1.49 2.22 4.83 9.29 0.86 27.62 -1.55
Car 0.00 2 3.55 71.00 421.00 351.00 511.00 1.53 1.89 4.62 -11.29 0.54 25.01 3.13
Car 0.00 3 0.48 -78.00 417.00 287.00 536.00 1.56 1.94 4.50 -10.34 0.57 19.42 -0.01
Car 0.00 0 -1.77 990.00 447.00 1131.00 520.00 1.40 2.10 4.59 5.94 0.94 27.99 -1.56
Car 0.00 0 1.05 1359.00 466.00 1552.00 548.00 1.51 1.84 4.15 14.51 1.45 27.68 1.53
Car 0.00 1 -0.29 1091.00 434.00 1245.00 503.00 2.00 2.09 4.32 12.38 0.98 41.20 0.00
Car 0.00 3 3.54 7.00 417.00 311.00 515.00 1.47 1.71 4.38 -10.87 0.48 22.10 3.08
Car 0.00 3 3.34 425.00 429.00 560.00 473.00 1.38 1.94 4.45 -10.70 0.48 46.14 3.11
Car 0.00 3 0.08 493.00 426.00 600.00 468.00 1.65 2.01 4.45 -10.67 0.39 56.35 -0.10
