Car 0.00 3 0.34 287.00 484.00 476.00 546.00 1.65 1.87 4.70 -12.60 1.26 35.67 0.00
Car 0.00 3 0.27 395.00 481.00 533.00 534.00 1.79 1.93 4.29 -12.64 1.29 43.87 -0.01
Car 0.00 3 0.35 335.00 478.00 499.00 538.00 1.74 1.98 4.29 -12.41 1.13 38.13 0.04
Car 0.00 3 0.38 176.00 486.00 381.00 562.00 1.71 1.87 4.07 -13.04 1.27 29.99 -0.03
Car 0.00 3 -2.46 -209.00 503.00 9.00 570.00 1.76 1.93 4.81 -26.19 1.85 35.51 -3.10
Car 0.00 3 0.43 70.00 491.00 330.00 573.00 1.68 1.88 4.76 -13.67 1.33 27.55 -0.03
Car 0.00 3 0.39 239.00 480.00 445.00 556.00 1.86 1.96 4.58 -12.56 1.23 32.66 0.02
Car 0.00 3 0.28 426.00 478.00 570.00 530.00 1.95 2.17 5.06 -12.86 1.32 49.20 0.02
Car 0.00 2 0.55 13.00 483.00 288.00 584.00 1.88 1.91 4.41 -13.23 1.22 24.66 0.06
Car 0.00 0 1.72 555.00 471.00 702.00 574.00 1.71 1.97 4.90 -3.57 0.91 23.45 1.57
Car 0.00 3 0.34 359.00 483.00 505.00 537.00 1.70 1.89 4.10 -12.80 1.28 40.81 0.04
