Car 0.00 1 3.63 -74.00 474.00 292.00 586.00 1.51 1.88 4.13 -10.13 0.83 17.95 3.11
Car 0.00 1 -0.41 1276.00 494.00 1405.00 533.00 1.70 2.04 5.01 23.25 1.95 56.77 -0.03
Car 0.00 1 3.43 317.00 463.00 544.00 541.00 1.76 2.00 4.77 -9.38 0.75 29.96 3.13
Car 0.00 2 3.51 214.00 465.00 461.00 553.00 1.78 1.89 4.50 -10.31 0.81 26.67 3.14
Car 0.00 2 3.72 -332.00 448.00 164.00 605.00 1.76 2.00 4.53 -10.88 0.66 15.27 3.10
Car 0.00 1 -2.40 -589.00 442.00 42.00 640.00 1.77 2.07 4.50 -10.68 0.65 12.44 -3.11
Car 0.00 2 -2.86 427.00 464.00 599.00 529.00 1.90 2.06 4.71 -9.54 0.81 38.39 -3.10
Car 0.00 1 -3.36 1071.00 478.00 1226.00 537.00 1.84 2.08 4.49 10.34 1.19 40.47 -3.11
Car 0.00 2 3.55 57.00 476.00 386.00 573.00 1.53 1.93 4.54 -9.97 0.88 20.92 3.10
Car 0.00 0 -0.56 1538.00 502.00 1768.00 569.00 1.72 2.02 5.00 22.78 1.79 34.70 0.02
Car 0.00 1 2.69 1270.00 496.00 1602.00 591.00 1.51 1.97 4.78 10.39 1.23 21.62 3.13
Car 0.00 2 3.50 157.00 477.00 447.00 561.00 1.51 1.94 4.69 -9.85 0.91 23.82 3.10
