Car 0.00 0 -1.63 647.00 483.00 705.00 527.00 1.59 1.97 4.42 -5.48 0.50 49.00 -1.74
Car 0.00 0 -0.47 1084.00 476.00 1429.00 601.00 1.62 2.20 4.14 6.27 0.62 18.35 -0.14
Car 0.00 0 -0.64 1399.00 474.00 1802.00 586.00 1.49 2.21 4.70 11.54 0.53 18.87 -0.09
Car 0.00 3 2.44 1564.00 464.00 1796.00 546.00 1.88 1.84 4.62 21.31 0.32 31.35 3.04
Car 0.00 2 -0.13 832.00 479.00 948.00 523.00 1.60 1.97 4.23 2.82 0.37 48.98 -0.07
Car 0.00 0 -0.48 1195.00 479.00 1418.00 553.00 1.43 1.99 3.95 10.39 0.50 27.03 -0.11
Car 0.00 1 2.97 842.00 486.00 989.00 536.00 1.54 1.96 4.55 3.23 0.63 41.86 3.05
Car 0.00 0 -1.15 -986.00 312.00 363.00 1176.00 1.90 1.81 4.92 -3.40 0.54 5.35 -1.71
Car 0.00 3 -0.21 788.00 480.00 874.00 515.00 1.78 1.80 4.33 0.77 0.33 68.36 -0.19
Car 0.00 3 -0.43 1040.00 473.00 1332.00 587.00 1.74 2.04 4.23 6.15 0.60 21.35 -0.15
Car 0.00 2 2.87 895.00 487.00 1081.00 549.00 1.56 1.99 4.64 4.64 0.69 34.53 3.00
Car 0.00 3 -0.56 1313.00 485.00 1588.00 574.00 1.40 2.03 3.80 11.03 0.63 22.19 -0.10
Car 0.00 3 -0.17 817.00 486.00 918.00 524.00 1.56 1.75 4.12 2.21 0.56 55.22 -0.13
