Car 0.00 1 2.50 1516.00 448.00 1834.00 546.00 1.50 1.66 4.31 14.33 0.44 21.30 3.10
Car 0.00 0 -1.83 1036.00 456.00 1180.00 548.00 1.72 1.70 4.77 5.75 0.63 26.21 -1.62
Car 0.00 0 -1.52 679.00 469.00 732.00 508.00 1.74 2.19 4.52 -5.68 0.87 59.17 -1.62
Car 0.00 3 -0.40 1149.00 472.00 1321.00 534.00 1.89 1.92 5.06 13.51 1.07 41.59 -0.09
Car 0.00 2 -1.70 771.00 473.00 828.00 506.00 1.49 2.16 4.39 -1.35 0.91 59.63 -1.72
Car 0.00 0 -2.10 1222.00 471.00 1592.00 626.00 1.51 1.84 4.59 6.59 0.81 14.91 -1.68
Car 0.00 0 -1.95 1117.00 456.00 1343.00 577.00 1.70 1.78 4.85 6.41 0.69 20.58 -1.65
Car 0.00 0 2.25 -107.00 502.00 123.00 584.00 1.45 1.72 4.18 -16.83 1.45 26.03 1.68
Car 0.00 0 -1.78 987.00 469.00 1094.00 534.00 1.53 1.73 4.67 5.44 0.78 32.38 -1.62
Car 0.00 0 1.98 157.00 491.00 285.00 554.00 1.73 1.80 4.56 -18.36 1.56 38.26 1.54
Car 0.00 3 2.62 1309.00 444.00 1539.00 533.00 1.93 1.80 4.58 14.07 0.43 29.63 3.06
Car 0.00 0 -1.56 719.00 470.00 799.00 533.00 1.54 2.00 4.29 -1.80 0.81 33.81 -1.61
Car 0.00 0 -1.69 815.00 461.00 894.00 523.00 1.84 1.95 4.70 0.82 0.68 40.43 -1.67
