Car 0.00 3 0.56 -303.00 487.00 122.00 634.00 1.87 2.10 4.60 -13.27 1.27 18.40 -0.06
Car 0.00 3 0.19 363.00 503.00 497.00 551.00 1.64 1.70 4.59 -15.06 2.15 47.78 -0.11
Car 0.00 0 2.46 1253.00 406.00 1979.00 701.00 1.86 1.87 4.48 5.87 0.56 9.61 3.01
Car 0.00 3 -0.54 1378.00 452.00 1536.00 500.00 1.84 2.28 5.68 27.31 0.28 54.38 -0.07
Car 0.00 3 -0.38 1160.00 460.00 1300.00 518.00 2.15 2.15 4.86 16.32 0.79 50.79 -0.07
Car 0.00 3 -0.15 819.00 492.00 925.00 532.00 1.58 1.75 4.42 2.00 1.87 55.84 -0.11
Car 0.00 3 2.69 1073.00 469.00 1524.00 634.00 1.69 1.91 4.67 5.56 0.93 15.13 3.04
Car 0.00 3 3.45 329.00 494.00 478.00 547.00 1.69 1.97 4.63 -15.12 1.79 44.97 3.12
Car 0.00 3 2.83 905.00 475.00 1156.00 572.00 1.74 1.89 4.65 4.11 1.07 25.60 2.99
Car 0.00 3 2.86 982.00 485.00 1283.00 594.00 1.55 1.83 4.43 4.95 1.11 20.65 3.09
Car 0.00 3 -0.33 960.00 479.00 1220.00 573.00 1.51 1.88 4.30 4.82 1.01 23.29 -0.13
Car 0.00 2 2.96 861.00 484.00 1047.00 547.00 1.51 1.69 4.79 3.43 1.22 34.29 3.06
Car 0.00 2 -0.55 1167.00 427.00 1727.00 653.00 1.88 1.91 4.56 5.96 0.64 12.38 -0.10
Car 0.00 3 2.40 1452.00 460.00 1702.00 542.00 1.65 1.97 4.72 17.03 0.69 28.53 2.94
Car 0.00 0 -1.56 686.00 488.00 736.00 530.00 1.72 2.08 4.76 -5.14 1.74 55.83 -1.65
Car 0.00 3 2.49 1529.00 448.00 1821.00 552.00 1.90 1.93 4.67 17.32 0.61 25.72 3.08
Car 0.00 2 0.44 -7.00 503.00 275.00 594.00 1.55 1.68 4.50 -13.38 1.49 24.41 -0.06
Car 0.00 3 -0.61 1362.00 449.00 1597.00 536.00 1.94 2.08 4.81 16.23 0.57 31.29 -0.13
Car 0.00 3 2.95 818.00 490.00 953.00 537.00 1.58 1.89 4.80 2.20 1.65 47.68 2.99
Car 0.00 3 0.85 1512.00 454.00 1822.00 578.00 1.77 1.86 4.12 13.51 0.73 20.49 1.43
Car 0.00 3 -0.18 858.00 485.00 1033.00 544.00 1.51 1.77 4.84 3.45 1.30 36.84 -0.09
