Car 0.00 1 -1.13 -119.00 494.00 110.00 577.00 1.32 1.95 4.60 -15.16 1.82 24.54 -1.68
Car 0.00 3 3.49 143.00 456.00 337.00 524.00 1.72 2.17 4.13 -14.16 1.33 32.92 3.08
Car 0.00 1 0.89 1468.00 492.00 1790.00 601.00 1.52 1.89 4.95 14.19 1.76 21.74 1.47
Car 0.00 0 -1.22 20.00 479.00 219.00 566.00 1.42 1.94 4.56 -12.74 1.56 24.48 -1.70
Car 0.00 3 -1.14 -171.00 465.00 6.00 537.00 1.87 2.20 5.19 -24.83 1.73 36.36 -1.74
Car 0.00 0 1.12 1166.00 482.00 1407.00 579.00 1.36 1.91 4.69 8.23 1.47 21.35 1.49
Car 0.00 0 1.00 1349.00 490.00 1592.00 593.00 1.49 1.76 3.96 11.50 1.69 21.58 1.49
Car 0.00 0 0.05 542.00 465.00 741.00 543.00 1.78 2.12 4.57 -3.42 1.56 30.28 -0.06
Car 0.00 0 -1.48 352.00 475.00 465.00 563.00 1.59 1.85 3.81 -7.59 1.57 25.65 -1.77
Car 0.00 3 1.65 448.00 472.00 533.00 540.00 1.81 2.05 5.04 -8.77 1.96 37.73 1.42
