Car 0.00 0 -1.65 723.00 485.00 777.00 525.00 1.59 1.97 4.42 -2.91 0.56 54.65 -1.71
Car 0.00 0 3.25 -33.00 483.00 294.00 615.00 1.77 1.92 4.17 -10.27 0.80 19.36 2.77
Car 0.00 1 -0.23 1079.00 476.00 1308.00 560.00 1.60 1.97 4.23 7.79 0.53 26.50 0.06
Car 0.00 0 -0.93 392.00 480.00 660.00 602.00 1.68 1.82 4.33 -4.38 0.68 19.86 -1.15
Car 0.00 0 -3.47 1128.00 481.00 1476.00 593.00 1.54 1.96 4.55 7.29 0.66 19.38 -3.11
Car 0.00 3 -0.24 978.00 473.00 1109.00 526.00 1.78 1.80 4.33 8.22 0.28 46.05 -0.07
Car 0.00 1 2.57 1328.00 472.00 1962.00 665.00 1.56 1.99 4.64 7.55 0.66 11.91 3.13
Car 0.00 3 -0.40 1317.00 474.00 1556.00 549.00 1.53 1.75 4.44 13.75 0.44 28.26 0.05
Car 0.00 3 -0.45 1373.00 481.00 1633.00 553.00 1.32 1.85 4.24 13.85 0.50 25.73 0.05
Car 0.00 2 -0.07 573.00 487.00 704.00 533.00 1.53 1.81 4.57 -6.51 0.65 46.16 -0.21
Car 0.00 3 -0.24 1040.00 481.00 1218.00 547.00 1.56 1.75 4.12 7.98 0.56 32.59 0.00
Car 0.00 3 -0.43 1426.00 467.00 1701.00 561.00 1.61 1.72 4.01 13.72 0.41 23.44 0.10
