Car 0.00 0 2.98 904.00 440.00 1051.00 498.00 2.00 2.39 5.41 7.55 1.24 50.49 3.13
Car 0.00 2 0.38 131.00 427.00 388.00 508.00 1.43 1.89 4.51 -10.90 0.60 26.33 -0.01
Car 0.00 3 3.76 -635.00 361.00 36.00 587.00 1.90 1.99 4.83 -10.70 0.36 12.81 3.06
Car 0.00 0 3.36 386.00 432.00 532.00 489.00 1.57 1.89 4.05 -10.28 0.71 39.85 3.11
Car 0.00 0 -1.93 1182.00 454.00 1403.00 548.00 1.49 2.22 4.83 9.28 1.10 23.69 -1.55
Car 0.00 0 3.57 41.00 408.00 323.00 519.00 1.82 2.07 4.26 -11.34 0.48 23.95 3.13
Car 0.00 2 3.62 -67.00 422.00 274.00 531.00 1.53 1.89 4.62 -11.31 0.63 21.14 3.13
Car 0.00 3 0.58 -309.00 415.00 170.00 568.00 1.56 1.94 4.50 -10.35 0.63 15.55 -0.01
Car 0.00 0 -1.81 1019.00 459.00 1192.00 547.00 1.40 2.10 4.59 5.93 1.17 24.13 -1.57
Car 0.00 0 0.98 1444.00 481.00 1686.00 579.00 1.51 1.84 4.15 14.49 1.66 23.83 1.53
Car 0.00 1 -0.32 1120.00 444.00 1292.00 520.00 2.00 2.09 4.32 12.35 1.28 37.35 -0.00
Car 0.00 1 3.61 -169.00 419.00 215.00 540.00 1.47 1.71 4.38 -10.88 0.58 18.25 3.08
Car 0.00 3 3.35 396.00 438.00 544.00 487.00 1.38 1.94 4.45 -10.55 0.81 42.29 3.11
Car 0.00 3 0.10 471.00 435.00 586.00 481.00 1.65 2.01 4.45 -10.67 0.83 52.47 -0.10
