Car 0.00 3 2.73 1217.00 467.00 1538.00 579.00 1.71 1.76 4.43 8.86 0.84 20.40 3.14
Car 0.00 3 -3.48 1161.00 478.00 1454.00 562.00 1.42 1.83 4.64 8.67 0.89 22.88 -3.11
Car 0.00 3 -3.40 1084.00 467.00 1304.00 542.00 1.79 2.01 4.95 9.17 0.85 31.56 -3.12
Car 0.00 0 1.90 304.00 433.00 529.00 585.00 2.35 2.04 5.62 -7.07 0.64 22.34 1.59
Car 0.00 2 -0.40 1129.00 456.00 1402.00 554.00 1.90 1.87 4.90 8.88 0.70 25.58 -0.06
Car 0.00 3 -3.73 1424.00 482.00 2081.00 670.00 1.57 1.85 4.79 8.50 0.93 11.86 -3.11
Car 0.00 3 -3.59 1308.00 476.00 1811.00 629.00 1.64 1.86 4.82 8.49 0.92 14.89 -3.07
Car 0.00 3 -3.60 1269.00 482.00 1668.00 602.00 1.56 1.78 4.70 8.92 0.98 17.68 -3.13
Car 0.00 2 -0.72 1578.00 466.00 2429.00 700.00 1.49 1.87 4.42 8.27 0.75 9.15 0.02
Car 0.00 3 -2.01 1433.00 472.00 1551.00 523.00 1.90 2.06 5.32 26.29 1.06 49.76 -1.52
Car 0.00 3 -3.40 1068.00 466.00 1261.00 534.00 1.76 1.90 4.72 9.14 0.81 34.15 -3.14
