Car 0.00 2 -0.34 1269.00 449.00 1641.00 572.00 1.81 1.91 4.82 9.63 0.60 19.56 0.11
Car 0.00 3 -3.48 1239.00 479.00 1508.00 553.00 1.40 1.94 4.54 10.80 0.88 25.03 -3.07
Car 0.00 0 1.74 760.00 489.00 878.00 565.00 1.43 1.75 4.30 -0.06 1.13 26.29 1.74
Car 0.00 0 1.79 660.00 439.00 805.00 556.00 2.57 2.12 6.67 -2.15 0.64 31.10 1.72
Car 0.00 3 -3.24 1143.00 474.00 1285.00 521.00 1.59 1.96 4.65 13.67 0.96 44.45 -2.94
Car 0.00 3 -0.56 1525.00 473.00 2190.00 656.00 1.52 1.73 4.53 9.24 0.80 11.59 0.11
Car 0.00 0 2.20 -411.00 352.00 589.00 874.00 1.99 2.01 5.79 -3.54 0.57 7.81 1.77
Car 0.00 3 -3.54 1329.00 463.00 1752.00 588.00 1.55 1.85 4.59 9.42 0.70 16.88 -3.03
Car 0.00 3 -3.33 1174.00 475.00 1365.00 540.00 1.66 1.76 4.54 11.66 0.97 33.25 -3.00
Car 0.00 3 -3.47 1219.00 473.00 1450.00 550.00 1.65 1.77 4.49 11.36 0.91 28.24 -3.09
Car 0.00 3 -3.47 1274.00 478.00 1571.00 569.00 1.52 1.83 4.41 10.45 0.91 22.27 -3.04
