Car 0.00 2 -1.71 842.00 479.00 929.00 537.00 1.59 1.97 4.42 1.97 0.46 37.47 -1.65
Car 0.00 1 -0.34 1093.00 488.00 1293.00 559.00 1.62 2.20 4.14 9.09 0.75 30.82 -0.05
Car 0.00 3 -0.44 1293.00 490.00 1528.00 556.00 1.49 2.21 4.70 14.38 0.74 30.87 0.00
Car 0.00 3 -0.12 944.00 483.00 1036.00 517.00 1.60 1.97 4.23 8.43 0.39 61.63 0.02
Car 0.00 0 -0.36 1195.00 491.00 1346.00 540.00 1.43 1.99 3.95 13.98 0.72 39.14 -0.02
Car 0.00 2 2.99 951.00 488.00 1064.00 526.00 1.54 1.96 4.55 8.19 0.65 54.54 3.14
Car 0.00 3 -1.53 623.00 450.00 764.00 597.00 1.90 1.81 4.92 -1.72 0.41 18.96 -1.62
Car 0.00 0 -3.71 1597.00 497.00 1787.00 553.00 1.55 1.89 4.31 26.04 0.97 37.76 -3.11
Car 0.00 3 -0.33 1072.00 486.00 1253.00 553.00 1.74 2.04 4.23 9.24 0.73 34.03 -0.06
Car 0.00 3 -0.40 1255.00 497.00 1426.00 552.00 1.40 2.03 3.80 14.17 0.89 34.40 -0.01
Car 0.00 3 -0.16 932.00 486.00 1014.00 516.00 1.56 1.75 4.12 8.39 0.49 68.12 -0.03
