Car 0.00 3 0.49 132.00 492.00 243.00 530.00 1.62 1.81 4.26 -29.96 1.89 58.76 0.02
Car 0.00 3 0.59 76.00 484.00 213.00 535.00 2.00 2.00 4.85 -29.37 1.68 54.02 0.09
Car 0.00 3 -0.17 984.00 444.00 1140.00 509.00 1.72 2.09 4.12 6.78 0.19 36.47 0.01
Car 0.00 3 0.28 377.00 463.00 566.00 535.00 2.00 2.10 5.09 -10.70 0.87 38.04 0.01
Car 0.00 3 0.65 -182.00 491.00 12.00 553.00 1.84 1.99 4.91 -29.82 1.68 41.10 0.02
Car 0.00 3 0.59 30.00 494.00 171.00 541.00 1.74 1.92 4.73 -29.72 1.92 51.36 0.07
Car 0.00 3 -0.20 972.00 446.00 1126.00 507.00 1.75 1.98 4.37 6.86 0.20 38.95 -0.02
Car 0.00 0 3.48 271.00 464.00 485.00 544.00 2.00 2.08 5.10 -12.27 0.91 34.51 3.14
Car 0.00 3 0.62 -57.00 498.00 107.00 549.00 1.69 1.98 4.85 -29.66 1.97 46.43 0.05
Car 0.00 3 0.62 -120.00 491.00 59.00 554.00 2.00 2.06 4.82 -29.99 1.80 43.93 0.02
