Car 0.00 0 -2.52 1578.00 379.00 8961.00 3072.00 1.53 1.71 4.36 3.96 0.75 2.93 -1.58
Car 0.00 0 2.13 -227.00 481.00 190.00 657.00 1.77 2.05 4.57 -9.92 1.05 15.28 1.55
Car 0.00 0 -1.99 1164.00 468.00 1697.00 749.00 1.55 1.77 4.38 4.03 0.81 9.32 -1.58
Car 0.00 1 -1.84 1076.00 482.00 1304.00 632.00 1.56 1.66 3.62 4.21 0.94 15.07 -1.57
Car 0.00 0 1.93 355.00 488.00 456.00 540.00 1.91 2.17 5.05 -16.84 1.73 50.36 1.61
Car 0.00 0 -1.52 752.00 474.00 795.00 513.00 2.08 2.14 4.70 -2.98 1.32 70.87 -1.56
Car 0.00 2 -1.71 939.00 475.00 1034.00 542.00 1.62 1.82 4.46 4.13 0.97 32.99 -1.58
Car 0.00 3 -1.74 974.00 481.00 1088.00 557.00 1.46 1.67 4.34 4.31 0.99 27.00 -1.58
Car 0.00 0 1.78 524.00 462.00 621.00 533.00 2.46 2.27 6.24 -9.44 1.00 47.15 1.58
Car 0.00 1 -1.76 990.00 479.00 1163.00 585.00 1.50 1.96 4.38 3.95 0.93 20.59 -1.57
