Car 0.00 0 -0.25 1236.00 438.00 1443.00 510.00 1.92 2.49 4.93 14.42 0.14 35.53 0.14
Car 0.00 0 -1.29 300.00 467.00 613.00 670.00 1.66 1.82 4.13 -3.41 0.86 12.42 -1.56
Car 0.00 3 -1.58 788.00 456.00 952.00 611.00 1.86 1.96 4.59 0.57 0.82 17.43 -1.55
Car 0.00 3 1.64 592.00 498.00 641.00 537.00 1.90 2.11 4.95 -10.67 2.37 63.84 1.47
Car 0.00 3 2.62 1442.00 442.00 1614.00 496.00 1.81 2.19 4.87 24.83 -0.01 44.47 3.13
Car 0.00 0 -1.59 710.00 472.00 1045.00 713.00 1.47 2.06 4.81 0.34 0.81 10.18 -1.56
Car 0.00 0 -1.47 592.00 468.00 739.00 584.00 1.88 2.15 4.80 -2.83 0.97 23.07 -1.59
Car 0.00 3 -3.52 1399.00 444.00 1519.00 486.00 1.87 1.98 4.53 29.34 -0.21 58.25 -3.05
Car 0.00 0 2.20 -390.00 502.00 88.00 663.00 1.93 2.37 6.06 -13.81 1.46 18.45 1.56
Car 0.00 3 1.30 607.00 493.00 695.00 538.00 1.67 2.21 4.85 -7.01 1.77 49.62 1.16
Car 0.00 0 -1.74 1365.00 442.00 1861.00 769.00 1.75 2.15 4.67 5.32 0.78 9.29 -1.22
Car 0.00 1 0.74 14.00 512.00 222.00 578.00 1.76 2.28 4.92 -20.18 2.13 35.75 0.23
