Car 0.00 3 -0.62 1515.00 425.00 1861.00 582.00 2.99 2.45 5.61 19.20 1.37 27.13 -0.01
Car 0.00 3 2.61 1256.00 433.00 1789.00 620.00 1.60 1.98 4.30 7.38 0.86 13.02 3.13
Car 0.00 0 1.88 250.00 422.00 426.00 513.00 1.52 1.76 4.75 -8.48 0.55 24.33 1.54
Car 0.00 0 1.72 516.00 422.00 589.00 469.00 1.70 2.11 4.58 -9.19 0.31 49.92 1.54
Car 0.00 3 2.71 1116.00 427.00 1488.00 566.00 1.74 2.02 4.59 7.46 0.83 18.60 3.10
Car 0.00 2 -0.24 965.00 415.00 1153.00 499.00 2.07 2.28 4.59 7.47 0.53 34.98 -0.03
Car 0.00 0 1.81 378.00 425.00 499.00 504.00 1.73 1.81 4.39 -8.50 0.64 31.21 1.54
Car 0.00 3 -0.50 1171.00 388.00 1634.00 580.00 2.02 2.10 4.61 7.40 0.55 15.50 -0.06
Car 0.00 2 2.50 1341.00 432.00 2069.00 675.00 1.64 2.17 4.50 7.39 0.89 10.57 3.11
Car 0.00 2 1.80 447.00 424.00 543.00 481.00 1.54 1.77 4.61 -8.80 0.46 38.53 1.58
