Car 0.00 1 1.91 55.00 496.00 384.00 678.00 1.71 1.96 4.47 -6.68 1.18 14.42 1.47
Car 0.00 3 0.33 1213.00 475.00 1359.00 522.00 1.55 2.09 4.46 16.55 1.03 45.22 0.68
Car 0.00 2 -1.66 882.00 469.00 950.00 524.00 2.20 2.42 4.81 3.79 1.14 54.09 -1.59
Car 0.00 0 2.26 -1908.00 506.00 8.00 1206.00 1.64 2.06 4.77 -6.00 1.02 5.58 1.44
Car 0.00 3 -2.10 866.00 480.00 1088.00 579.00 1.66 1.92 4.92 2.71 1.10 24.01 -1.99
Car 0.00 2 -1.58 716.00 481.00 802.00 562.00 1.69 1.79 4.17 -1.59 1.15 28.95 -1.64
Car 0.00 3 -1.59 830.00 476.00 888.00 533.00 1.92 1.96 4.46 1.15 1.25 46.18 -1.57
Car 0.00 0 -1.70 749.00 486.00 959.00 633.00 1.48 1.96 4.37 0.17 1.00 15.45 -1.69
Car 0.00 2 1.72 458.00 506.00 564.00 574.00 1.54 1.91 4.98 -8.09 1.74 32.51 1.47
Car 0.00 1 1.79 261.00 507.00 564.00 696.00 1.52 1.97 4.31 -4.00 1.19 12.91 1.49
