Car 0.00 3 0.36 320.00 435.00 433.00 477.00 1.94 2.18 4.65 -21.61 -0.65 60.27 0.02
Car 0.00 1 -1.95 1332.00 472.00 1472.00 532.00 1.43 1.76 4.51 14.89 0.78 32.67 -1.52
Car 0.00 0 0.45 188.00 434.00 330.00 483.00 1.84 1.91 4.72 -22.38 -0.45 49.48 0.02
Car 0.00 0 -3.52 1386.00 457.00 1686.00 552.00 1.76 2.02 4.79 14.03 0.65 25.04 -3.01
Car 0.00 3 2.89 1002.00 456.00 1128.00 501.00 1.84 2.08 4.96 10.28 0.36 54.19 3.08
Car 0.00 0 2.86 1070.00 452.00 1259.00 520.00 1.96 1.99 5.10 10.08 0.47 37.67 3.13
Car 0.00 3 1.07 1429.00 462.00 1608.00 540.00 1.84 1.94 4.85 17.71 0.73 32.38 1.57
Car 0.00 3 0.60 4.00 440.00 156.00 489.00 1.74 1.86 4.62 -27.85 -0.21 46.78 0.06
Car 0.00 3 0.37 257.00 439.00 386.00 480.00 1.75 2.08 4.79 -22.12 -0.45 54.99 -0.02
Car 0.00 3 -0.62 1577.00 464.00 1715.00 503.00 1.66 2.00 4.85 36.46 0.61 55.81 -0.04
Car 0.00 1 0.22 515.00 448.00 675.00 500.00 1.59 2.25 4.72 -7.48 0.13 40.81 0.04
Car 0.00 3 -0.27 1068.00 453.00 1232.00 516.00 1.92 1.87 4.76 10.36 0.46 40.37 -0.02
Car 0.00 3 2.92 1028.00 462.00 1159.00 505.00 1.59 1.98 4.67 10.36 0.53 48.82 3.13
Car 0.00 3 2.89 1055.00 459.00 1206.00 513.00 1.75 1.89 4.74 10.42 0.53 43.17 3.13
Car 0.00 1 0.59 -74.00 442.00 102.00 494.00 1.75 1.99 4.91 -28.52 -0.06 44.07 0.01
Car 0.00 3 2.97 981.00 460.00 1080.00 491.00 1.52 2.00 4.61 10.23 0.27 63.01 3.13
