Car 0.00 0 0.72 -85.00 400.00 354.00 569.00 1.77 1.80 4.42 -7.50 0.48 14.64 0.25
Car 0.00 0 0.83 -386.00 424.00 222.00 610.00 1.52 1.89 4.95 -8.12 0.65 11.93 0.23
Car 0.00 3 -2.53 95.00 429.00 451.00 542.00 1.44 1.85 4.33 -7.14 0.62 17.70 -2.91
Car 0.00 3 0.21 803.00 426.00 907.00 460.00 1.51 1.86 4.46 3.14 0.25 58.07 0.26
Car 0.00 0 -3.56 1478.00 455.00 1805.00 548.00 1.64 2.01 4.75 16.15 1.16 24.12 -2.97
Car 0.00 3 -2.94 814.00 447.00 918.00 482.00 1.60 1.89 4.64 3.81 1.24 60.47 -2.88
Car 0.00 3 0.25 747.00 430.00 871.00 472.00 1.49 1.84 4.30 0.85 0.48 47.16 0.26
Car 0.00 2 -2.59 216.00 399.00 520.00 520.00 1.78 2.07 4.11 -6.62 0.32 20.16 -2.91
Car 0.00 3 -3.47 1405.00 453.00 1654.00 522.00 1.51 2.02 4.67 17.38 1.12 29.80 -2.94
Car 0.00 3 -0.20 1260.00 447.00 1374.00 487.00 1.72 1.85 4.37 23.57 1.27 56.25 0.20
Car 0.00 3 -2.76 561.00 428.00 751.00 491.00 1.48 1.81 4.33 -3.24 0.51 31.45 -2.86
Car 0.00 0 -3.36 1281.00 441.00 1417.00 490.00 1.77 1.95 4.42 21.45 1.03 48.32 -2.94
Car 0.00 3 0.19 835.00 440.00 931.00 474.00 1.63 2.04 4.46 4.82 0.94 63.01 0.26
