Car 0.00 0 2.85 1085.00 448.00 1209.00 487.00 1.49 1.98 4.58 14.92 1.22 52.46 3.13
Car 0.00 0 -0.55 1242.00 427.00 1619.00 571.00 1.85 1.81 4.43 9.02 0.84 17.88 -0.08
Car 0.00 0 -1.79 953.00 426.00 1087.00 519.00 1.81 1.84 4.68 4.97 0.71 27.54 -1.61
Car 0.00 1 -3.67 1485.00 467.00 1655.00 524.00 1.86 2.04 4.72 27.89 2.04 45.08 -3.12
Car 0.00 3 -0.43 1348.00 471.00 1463.00 509.00 1.56 1.82 4.20 27.61 2.31 56.45 0.02
Car 0.00 3 2.85 1052.00 440.00 1150.00 479.00 1.74 1.93 4.16 14.96 1.04 60.25 3.09
Car 0.00 1 3.29 462.00 434.00 557.00 471.00 1.53 1.90 3.81 -12.19 0.63 55.72 3.08
Car 0.00 3 2.81 1130.00 457.00 1279.00 509.00 1.70 1.98 4.64 14.89 1.60 45.21 3.13
Car 0.00 0 2.20 -511.00 440.00 150.00 685.00 1.57 1.86 4.75 -7.57 0.84 10.69 1.59
Car 0.00 3 -0.46 1380.00 476.00 1503.00 515.00 1.45 1.85 4.22 27.75 2.42 53.58 0.02
