Car 0.00 2 3.53 130.00 474.00 405.00 563.00 1.51 1.88 4.13 -10.04 0.85 22.76 3.11
Car 0.00 3 -0.39 1244.00 495.00 1362.00 532.00 1.70 2.04 5.01 23.36 2.12 61.56 -0.03
Car 0.00 1 3.39 393.00 469.00 585.00 536.00 1.76 2.00 4.77 -9.28 0.89 34.77 3.13
Car 0.00 2 3.45 314.00 466.00 519.00 541.00 1.78 1.89 4.50 -10.22 0.84 31.48 3.14
Car 0.00 2 3.60 -33.00 455.00 320.00 573.00 1.76 2.00 4.53 -10.80 0.68 20.08 3.10
Car 0.00 2 -2.56 -165.00 452.00 255.00 593.00 1.77 2.07 4.50 -10.59 0.69 17.24 -3.11
Car 0.00 2 -2.89 475.00 466.00 627.00 523.00 1.90 2.06 4.71 -9.44 0.83 43.20 -3.10
Car 0.00 1 -3.34 1049.00 480.00 1186.00 533.00 1.84 2.08 4.49 10.44 1.30 45.26 -3.11
Car 0.00 2 3.47 212.00 476.00 469.00 555.00 1.53 1.93 4.54 -9.88 0.91 25.73 3.10
Car 0.00 2 -2.48 -377.00 451.00 136.00 618.00 1.76 1.93 4.52 -10.83 0.71 14.58 -3.12
Car 0.00 0 -0.50 1457.00 503.00 1654.00 562.00 1.72 2.02 5.00 22.88 1.94 39.48 0.02
Car 0.00 1 2.76 1196.00 496.00 1461.00 574.00 1.51 1.97 4.78 10.48 1.34 26.42 3.14
