Car 0.00 3 0.10 632.00 415.00 792.00 477.00 1.68 2.09 4.37 -2.93 -1.33 36.41 0.02
Car 0.00 2 -3.41 1137.00 414.00 1544.00 555.00 1.54 2.03 4.17 6.24 -0.14 15.58 -3.03
Car 0.00 1 0.14 524.00 423.00 754.00 501.00 1.52 2.00 4.56 -3.66 -0.65 26.74 0.00
Car 0.00 3 -3.45 1098.00 419.00 1434.00 536.00 1.52 1.84 4.11 6.30 -0.24 18.10 -3.11
Car 0.00 3 -3.29 981.00 422.00 1171.00 486.00 1.53 1.89 4.52 6.58 -0.99 32.51 -3.09
Car 0.00 0 0.64 -631.00 378.00 485.00 738.00 1.59 2.10 4.72 -4.48 0.24 6.97 0.06
Car 0.00 2 -3.30 1000.00 423.00 1216.00 491.00 1.49 1.90 4.71 6.80 -0.84 29.92 -3.07
Car 0.00 3 0.09 671.00 420.00 796.00 463.00 1.46 2.06 4.33 -2.96 -1.83 46.07 0.02
Car 0.00 3 0.14 555.00 414.00 765.00 491.00 1.66 1.82 4.58 -3.53 -0.92 29.18 0.02
Car 0.00 3 -0.21 -141.00 408.00 339.00 563.00 1.49 2.11 4.39 -8.02 -0.16 14.39 -0.72
Car 0.00 0 -3.86 1467.00 405.00 3069.00 875.00 1.63 2.19 4.47 5.78 0.47 5.75 -3.07
Car 0.00 2 -3.63 1253.00 404.00 1896.00 613.00 1.55 1.95 4.21 6.16 0.08 10.75 -3.11
Car 0.00 3 -0.34 1291.00 423.00 1468.00 479.00 1.62 2.15 4.47 17.25 -1.28 38.99 0.08
Car 0.00 1 -3.72 1366.00 413.00 2265.00 705.00 1.60 1.95 4.17 6.11 0.33 8.26 -3.09
Car 0.00 3 -0.61 1588.00 409.00 1936.00 515.00 1.73 2.15 4.49 16.73 -0.56 22.61 0.02
Car 0.00 3 -0.44 1376.00 415.00 1607.00 491.00 1.77 2.40 4.46 16.82 -0.99 31.80 0.04
Car 0.00 3 -3.37 1045.00 417.00 1346.00 510.00 1.52 1.89 4.82 6.66 -0.53 22.69 -3.09
Car 0.00 1 -3.38 1070.00 420.00 1387.00 523.00 1.50 1.97 4.47 6.51 -0.36 20.44 -3.07
