Car 0.00 0 -1.91 1129.00 455.00 1351.00 584.00 1.72 1.70 4.77 6.22 0.71 19.47 -1.60
Car 0.00 0 -1.52 694.00 474.00 753.00 519.00 1.74 2.19 4.52 -4.30 1.11 52.79 -1.60
Car 0.00 3 -0.45 1225.00 478.00 1435.00 552.00 1.89 1.92 5.06 13.96 1.23 34.89 -0.07
Car 0.00 3 2.46 1577.00 436.00 1944.00 549.00 1.56 1.76 4.40 14.32 0.35 19.36 3.10
Car 0.00 2 -1.69 782.00 479.00 846.00 517.00 1.49 2.16 4.39 -0.58 1.17 53.07 -1.70
Car 0.00 0 -2.34 1493.00 467.00 2448.00 796.00 1.51 1.84 4.59 6.71 0.80 8.28 -1.66
Car 0.00 0 -2.08 1264.00 455.00 1674.00 647.00 1.70 1.78 4.85 6.71 0.77 13.84 -1.63
Car 0.00 0 -1.84 1060.00 473.00 1208.00 557.00 1.53 1.73 4.67 6.16 0.87 25.66 -1.60
Car 0.00 2 -1.74 821.00 464.00 923.00 529.00 2.00 2.46 6.12 1.43 0.88 42.78 -1.70
Car 0.00 0 2.06 42.00 503.00 210.00 580.00 1.73 1.80 4.56 -17.75 1.76 32.02 1.55
Car 0.00 3 2.50 1495.00 440.00 1810.00 557.00 1.93 1.80 4.58 14.94 0.50 22.81 3.08
Car 0.00 0 -1.55 722.00 476.00 805.00 541.00 1.54 2.00 4.29 -1.59 0.97 32.69 -1.60
Car 0.00 0 -1.70 837.00 464.00 933.00 539.00 1.84 1.95 4.70 1.49 0.84 34.02 -1.66
