Car 0.00 2 3.74 -171.00 523.00 30.00 586.00 1.53 2.21 4.47 -27.34 2.55 38.32 3.12
Car 0.00 3 2.59 1422.00 414.00 1665.00 496.00 1.67 2.24 4.64 17.63 -0.35 30.99 3.11
Car 0.00 2 -0.33 1021.00 444.00 1384.00 577.00 1.54 2.06 4.57 5.34 0.57 18.29 -0.04
Car 0.00 2 -3.31 951.00 458.00 1176.00 551.00 1.61 1.95 4.26 4.87 0.70 26.25 -3.13
Car 0.00 2 2.76 974.00 428.00 1306.00 566.00 1.90 2.29 4.84 5.20 0.44 21.21 3.00
Car 0.00 2 2.75 1033.00 437.00 1452.00 596.00 1.55 2.12 4.33 4.97 0.54 15.42 3.06
Car 0.00 2 -0.65 1584.00 416.00 1867.00 501.00 1.43 1.94 4.38 18.39 -0.21 25.77 -0.03
Car 0.00 2 -0.76 1331.00 300.00 2634.00 744.00 1.84 2.21 5.61 6.24 0.25 7.30 -0.05
Car 0.00 1 2.51 1212.00 358.00 1964.00 679.00 2.00 2.17 4.69 5.85 0.33 10.04 3.04
Car 0.00 2 2.93 905.00 446.00 1131.00 544.00 1.90 2.19 4.70 4.35 0.57 29.03 3.08
Car 0.00 2 0.61 -523.00 477.00 67.00 687.00 1.91 2.06 4.80 -11.80 1.19 14.36 -0.08
Car 0.00 2 2.96 894.00 465.00 1049.00 530.00 1.61 2.02 4.17 4.23 0.81 37.00 3.08
Car 0.00 2 2.66 1128.00 439.00 1605.00 633.00 1.57 2.02 3.87 5.33 0.62 12.74 3.05
Car 0.00 1 -0.27 934.00 454.00 1111.00 532.00 1.82 2.09 4.34 5.35 0.64 34.60 -0.12
Car 0.00 3 0.24 369.00 488.00 523.00 552.00 1.88 2.00 4.68 -13.16 1.70 43.59 -0.05
Car 0.00 2 2.86 977.00 452.00 1211.00 552.00 1.57 2.01 3.85 4.99 0.59 23.80 3.07
Car 0.00 3 2.96 877.00 451.00 1033.00 529.00 2.25 2.37 4.79 4.29 0.67 42.39 3.06
Car 0.00 2 -2.81 340.00 494.00 489.00 557.00 1.73 1.89 4.13 -13.38 1.79 40.81 -3.12
Car 0.00 2 1.18 1248.00 431.00 1408.00 511.00 1.90 2.07 5.27 13.54 0.07 34.24 1.55
Car 0.00 2 1.12 1354.00 427.00 1573.00 514.00 1.60 2.17 5.10 13.82 0.05 27.61 1.58
Car 0.00 2 -2.52 -108.00 515.00 67.00 583.00 1.86 2.06 4.29 -27.71 2.56 41.08 -3.12
