Car 0.00 0 -2.03 1272.00 445.00 1670.00 645.00 1.72 1.70 4.77 6.46 0.68 13.31 -1.58
Car 0.00 0 -1.56 707.00 472.00 769.00 521.00 1.74 2.19 4.52 -3.33 0.98 47.21 -1.63
Car 0.00 3 -0.52 1326.00 479.00 1589.00 568.00 1.89 1.92 5.06 14.38 1.20 28.74 -0.05
Car 0.00 2 -1.71 797.00 478.00 871.00 520.00 1.49 2.16 4.39 0.23 1.07 46.91 -1.70
Car 0.00 0 -2.33 1566.00 439.00 2708.00 856.00 1.70 1.78 4.85 6.91 0.77 7.66 -1.60
Car 0.00 0 -1.91 1146.00 474.00 1367.00 588.00 1.53 1.73 4.67 6.51 0.87 19.57 -1.59
Car 0.00 1 -1.71 845.00 459.00 958.00 534.00 2.00 2.46 6.12 2.07 0.76 36.94 -1.65
Car 0.00 0 2.15 -111.00 500.00 117.00 593.00 1.73 1.80 4.56 -17.15 1.53 26.40 1.57
Car 0.00 1 1.80 245.00 491.00 330.00 542.00 1.65 1.75 4.39 -18.55 1.56 43.29 1.39
Car 0.00 0 -1.54 729.00 474.00 816.00 541.00 1.54 2.00 4.29 -1.29 0.91 31.36 -1.58
Car 0.00 0 -1.72 871.00 462.00 992.00 554.00 1.84 1.95 4.70 2.24 0.81 28.02 -1.64
Car 0.00 0 -1.91 1058.00 480.00 1221.00 555.00 1.36 1.73 4.65 6.22 0.91 25.47 -1.67
