Car 0.00 1 2.80 1000.00 473.00 1103.00 509.00 1.50 1.66 4.31 10.29 0.97 57.36 2.98
Car 0.00 3 2.34 -87.00 507.00 39.00 548.00 1.64 2.00 4.67 -38.52 2.57 56.89 1.75
Car 0.00 1 1.82 286.00 494.00 365.00 542.00 1.86 1.84 5.02 -20.86 1.97 52.35 1.44
Car 0.00 0 -1.60 615.00 483.00 647.00 508.00 1.74 2.19 4.52 -14.48 1.90 92.40 -1.75
Car 0.00 0 -2.01 1144.00 484.00 1398.00 598.00 1.42 1.66 4.55 6.29 0.95 18.36 -1.68
Car 0.00 0 -2.41 1551.00 404.00 2739.00 835.00 1.67 1.84 4.59 6.68 0.63 7.34 -1.67
Car 0.00 0 2.06 -77.00 507.00 121.00 598.00 1.76 1.85 4.36 -17.81 1.77 27.99 1.49
Car 0.00 0 -1.86 863.00 481.00 942.00 522.00 1.51 1.84 4.59 2.97 1.25 50.02 -1.80
Car 0.00 1 -0.58 1287.00 456.00 1434.00 505.00 1.73 2.54 4.51 20.56 0.42 48.36 -0.18
Car 0.00 1 1.89 157.00 468.00 298.00 561.00 2.77 2.38 5.90 -19.38 1.40 40.88 1.44
Car 0.00 0 -1.78 929.00 468.00 1021.00 532.00 1.81 1.80 4.96 4.53 0.92 39.02 -1.67
Car 0.00 3 2.59 1391.00 458.00 1527.00 500.00 1.63 2.23 4.50 26.21 0.39 52.03 3.05
Car 0.00 0 -1.61 707.00 484.00 775.00 536.00 1.54 2.00 4.29 -2.83 1.26 40.56 -1.68
Car 0.00 0 -2.05 1287.00 463.00 1719.00 654.00 1.52 1.77 4.59 6.42 0.76 12.62 -1.58
Car 0.00 0 2.02 78.00 512.00 234.00 577.00 1.52 1.82 4.84 -18.30 2.00 34.49 1.54
