Car 0.00 3 -1.74 969.00 471.00 1085.00 543.00 1.49 1.84 4.38 4.47 0.81 28.56 -1.58
Car 0.00 0 -1.98 1196.00 459.00 1652.00 720.00 1.56 1.66 3.68 4.19 0.76 9.49 -1.57
Car 0.00 0 -1.52 720.00 469.00 788.00 522.00 1.67 2.05 4.69 -2.40 0.86 42.52 -1.58
Car 0.00 0 1.76 576.00 466.00 637.00 511.00 2.30 2.13 5.91 -11.89 1.00 68.09 1.58
Car 0.00 3 -1.63 916.00 471.00 973.00 511.00 1.55 2.05 4.60 4.83 0.87 51.88 -1.54
Car 0.00 3 -1.81 1043.00 422.00 1311.00 619.00 2.04 2.00 5.00 4.13 0.57 15.73 -1.55
Car 0.00 0 -0.84 -3216.00 389.00 366.00 1904.00 1.58 1.95 4.94 -3.32 0.76 3.80 -1.56
Car 0.00 0 -1.59 829.00 472.00 868.00 501.00 1.59 2.10 4.58 1.22 0.94 71.22 -1.57
Car 0.00 2 -1.74 999.00 461.00 1155.00 572.00 1.68 1.84 4.63 4.20 0.75 21.74 -1.55
Car 0.00 0 -2.34 1486.00 429.00 4622.00 1669.00 1.56 1.57 4.61 4.03 0.78 3.91 -1.54
