Car 0.00 3 0.29 346.00 484.00 536.00 552.00 1.64 1.70 4.59 -10.38 1.28 33.95 -0.00
Car 0.00 3 -0.52 1499.00 423.00 1737.00 513.00 2.15 2.15 4.86 20.96 -0.03 33.35 0.04
Car 0.00 3 -0.19 988.00 474.00 1140.00 530.00 1.58 1.75 4.42 7.47 1.01 39.65 -0.00
Car 0.00 3 -3.33 1024.00 447.00 1282.00 549.00 1.90 1.94 4.91 6.77 0.59 26.42 -3.08
Car 0.00 0 -2.72 281.00 480.00 497.00 557.00 1.69 1.97 4.63 -10.84 1.19 31.20 -3.05
Car 0.00 3 2.55 1262.00 415.00 2010.00 684.00 1.74 1.89 4.65 6.13 0.57 9.88 3.10
Car 0.00 2 -0.72 1500.00 422.00 2549.00 745.00 1.51 1.88 4.30 6.66 0.60 7.39 0.01
Car 0.00 1 -3.44 1084.00 465.00 1443.00 581.00 1.51 1.69 4.79 6.47 0.78 18.94 -3.11
Car 0.00 0 -1.57 825.00 478.00 868.00 515.00 1.72 2.08 4.76 1.01 1.31 63.61 -1.56
Car 0.00 2 2.71 1198.00 452.00 1595.00 601.00 1.60 1.69 4.09 6.93 0.67 15.51 3.13
Car 0.00 3 2.89 999.00 470.00 1207.00 541.00 1.58 1.89 4.80 6.97 0.88 31.90 3.10
Car 0.00 3 3.73 -123.00 499.00 67.00 567.00 1.84 1.79 4.47 -25.73 1.87 37.83 3.13
Car 0.00 3 -3.39 1057.00 441.00 1335.00 553.00 1.88 1.83 4.64 6.86 0.51 23.64 -3.11
Car 0.00 3 -0.29 1072.00 465.00 1394.00 568.00 1.51 1.77 4.84 6.78 0.77 21.24 0.02
