Car 0.00 0 -2.18 1399.00 441.00 2415.00 933.00 1.56 1.66 3.62 4.32 0.72 5.87 -1.54
Car 0.00 3 1.99 286.00 485.00 417.00 548.00 1.91 2.17 5.05 -15.83 1.50 42.07 1.63
Car 0.00 0 -1.48 790.00 470.00 834.00 507.00 2.08 2.14 4.70 -0.84 1.09 75.34 -1.49
Car 0.00 0 1.61 689.00 476.00 726.00 508.00 1.80 2.00 4.66 -7.11 1.28 75.00 1.51
Car 0.00 1 -1.75 1009.00 465.00 1152.00 561.00 1.62 1.82 4.46 4.70 0.76 23.84 -1.56
Car 0.00 2 -1.82 1072.00 473.00 1275.00 595.00 1.46 1.67 4.34 4.72 0.81 17.70 -1.56
Car 0.00 1 -1.74 964.00 477.00 1052.00 532.00 1.44 1.75 4.46 5.18 0.94 36.21 -1.60
Car 0.00 2 -1.71 943.00 474.00 1007.00 517.00 1.49 1.79 4.00 5.57 0.94 47.37 -1.60
Car 0.00 0 1.91 325.00 442.00 524.00 566.00 2.46 2.27 6.24 -8.90 0.71 28.46 1.60
Car 0.00 0 -1.89 1126.00 468.00 1526.00 679.00 1.50 1.96 4.38 4.19 0.78 11.41 -1.54
