Car 0.00 3 0.27 385.00 506.00 559.00 570.00 1.64 1.70 4.59 -10.45 2.00 37.12 -0.01
Car 0.00 3 -0.48 1438.00 437.00 1651.00 521.00 2.15 2.15 4.86 20.91 0.29 36.69 0.04
Car 0.00 3 -0.18 973.00 490.00 1113.00 544.00 1.58 1.75 4.42 7.38 1.60 42.98 -0.01
Car 0.00 3 -3.31 1001.00 465.00 1229.00 559.00 1.90 1.94 4.91 6.73 0.99 29.67 -3.09
Car 0.00 2 -2.75 330.00 504.00 525.00 576.00 1.69 1.97 4.63 -10.90 1.89 34.36 -3.06
Car 0.00 3 2.66 1159.00 443.00 1696.00 645.00 1.74 1.89 4.65 6.12 0.74 13.14 3.10
Car 0.00 0 -3.75 1403.00 446.00 2371.00 755.00 1.55 1.83 4.43 6.37 0.78 8.01 -3.08
Car 0.00 3 -0.56 1310.00 447.00 1967.00 668.00 1.51 1.88 4.30 6.69 0.71 10.71 -0.00
Car 0.00 1 -3.39 1034.00 469.00 1339.00 572.00 1.51 1.69 4.79 6.19 0.88 21.96 -3.12
Car 0.00 0 -1.57 816.00 495.00 861.00 533.00 1.72 2.08 4.76 0.60 2.18 62.26 -1.56
Car 0.00 3 2.77 1133.00 469.00 1453.00 595.00 1.60 1.69 4.09 6.88 0.91 18.77 3.12
Car 0.00 0 0.74 -490.00 517.00 46.00 690.00 1.55 1.68 4.50 -11.28 1.40 13.65 0.05
Car 0.00 3 2.91 979.00 486.00 1168.00 552.00 1.58 1.89 4.80 6.86 1.37 35.16 3.10
Car 0.00 3 3.69 -52.00 526.00 121.00 591.00 1.84 1.79 4.47 -25.81 2.86 40.92 3.13
Car 0.00 3 -3.36 1028.00 460.00 1270.00 561.00 1.88 1.83 4.64 6.82 0.87 26.89 -3.11
Car 0.00 3 -0.26 1042.00 472.00 1321.00 566.00 1.51 1.77 4.84 6.78 0.94 24.26 0.02
