Car 0.00 0 -3.28 910.00 426.00 1028.00 471.00 2.00 2.39 5.41 8.87 0.51 61.88 -3.14
Car 0.00 3 3.76 -436.00 392.00 99.00 567.00 1.75 1.88 4.61 -10.71 0.45 14.43 3.12
Car 0.00 3 0.27 369.00 426.00 536.00 478.00 1.43 1.89 4.51 -10.03 0.41 38.19 0.01
Car 0.00 0 3.48 109.00 403.00 402.00 511.00 1.90 1.99 4.83 -10.23 0.37 24.61 3.08
Car 0.00 3 0.57 -165.00 415.00 245.00 535.00 1.51 1.91 4.80 -10.67 0.51 18.28 0.05
Car 0.00 0 3.32 494.00 419.00 602.00 461.00 1.57 1.89 4.05 -9.74 0.08 51.78 3.13
Car 0.00 0 -1.81 1086.00 427.00 1210.00 487.00 1.49 2.22 4.83 9.97 0.50 35.30 -1.53
Car 0.00 3 -2.82 275.00 430.00 477.00 495.00 1.53 1.89 4.62 -10.65 0.62 32.97 -3.13
Car 0.00 3 0.35 208.00 430.00 450.00 510.00 1.56 1.94 4.50 -9.82 0.66 27.35 0.01
Car 0.00 0 -1.72 975.00 435.00 1076.00 490.00 1.40 2.10 4.59 6.64 0.65 35.58 -1.54
Car 0.00 1 -0.25 1071.00 426.00 1199.00 482.00 2.00 2.09 4.32 13.37 0.61 48.65 0.02
Car 0.00 3 0.06 555.00 423.00 646.00 458.00 1.65 2.01 4.45 -9.44 0.11 64.32 -0.08
