Car 0.00 1 2.51 1036.00 467.00 1179.00 522.00 1.77 1.97 4.45 9.58 0.81 42.72 2.73
Car 0.00 0 -1.94 796.00 478.00 875.00 523.00 1.61 1.64 3.96 0.28 1.13 47.26 -1.94
Car 0.00 2 2.44 1551.00 467.00 1727.00 526.00 1.87 1.98 4.74 27.17 0.87 41.96 3.01
Car 0.00 3 2.51 1417.00 460.00 1576.00 513.00 2.00 2.29 5.24 26.78 0.66 50.19 3.00
Car 0.00 2 1.02 1298.00 462.00 1443.00 523.00 1.90 2.12 4.98 18.11 0.75 42.04 1.42
Car 0.00 0 1.68 199.00 491.00 253.00 530.00 1.72 1.75 4.78 -28.25 1.88 59.05 1.24
Car 0.00 0 1.65 225.00 461.00 473.00 652.00 1.81 2.23 5.31 -5.35 0.86 14.78 1.30
Car 0.00 3 2.37 1249.00 484.00 1455.00 550.00 1.44 1.99 4.34 12.45 1.07 29.71 2.76
Car 0.00 0 -1.71 657.00 480.00 744.00 536.00 1.54 2.00 4.29 -3.85 1.10 37.59 -1.81
Car 0.00 3 2.51 1588.00 444.00 1739.00 498.00 2.60 2.25 6.13 41.93 0.07 62.87 3.10
