Car 0.00 2 -1.77 990.00 461.00 1134.00 549.00 1.49 1.84 4.38 4.38 0.63 23.94 -1.58
Car 0.00 0 -2.27 1430.00 425.00 2858.00 1082.00 1.56 1.66 3.68 4.10 0.71 4.90 -1.57
Car 0.00 0 -1.52 723.00 462.00 789.00 514.00 1.67 2.05 4.69 -2.41 0.63 43.97 -1.58
Car 0.00 0 1.79 515.00 457.00 593.00 512.00 2.30 2.13 5.91 -12.14 0.65 56.22 1.58
Car 0.00 3 -1.64 922.00 463.00 986.00 507.00 1.55 2.05 4.60 4.75 0.56 47.26 -1.54
Car 0.00 3 -1.90 1108.00 377.00 1560.00 682.00 2.04 2.00 5.00 4.03 0.43 11.08 -1.55
Car 0.00 0 -1.02 -904.00 454.00 464.00 1099.00 1.58 1.95 4.94 -3.36 0.79 5.62 -1.56
Car 0.00 0 -1.58 823.00 464.00 861.00 493.00 1.59 2.10 4.58 0.88 0.51 73.45 -1.57
Car 0.00 0 -1.66 940.00 462.00 1004.00 513.00 1.55 1.70 4.10 4.68 0.57 40.92 -1.54
Car 0.00 2 -1.79 1031.00 441.00 1247.00 587.00 1.68 1.84 4.63 4.08 0.54 17.15 -1.55
