Car 0.00 0 0.25 175.00 477.00 388.00 552.00 1.68 1.94 4.27 -12.77 1.03 29.60 -0.16
Car 0.00 2 -0.49 1256.00 472.00 1432.00 536.00 2.00 2.33 4.71 16.72 1.07 40.64 -0.10
Car 0.00 0 2.71 1005.00 490.00 1233.00 569.00 1.56 1.93 4.24 6.11 1.22 26.41 2.94
Car 0.00 1 0.88 1477.00 461.00 1814.00 593.00 2.10 2.28 5.19 14.52 0.96 22.73 1.45
Car 0.00 2 3.51 106.00 486.00 228.00 520.00 1.53 2.21 4.47 -30.27 1.51 57.59 3.03
Car 0.00 1 0.30 234.00 482.00 434.00 548.00 1.63 2.05 4.37 -12.61 1.14 32.32 -0.07
Car 0.00 3 2.75 1118.00 481.00 1242.00 521.00 1.67 2.24 4.64 15.23 1.31 54.11 3.02
Car 0.00 1 0.31 126.00 483.00 392.00 561.00 1.59 2.16 4.81 -12.12 1.09 27.08 -0.11
Car 0.00 2 3.01 844.00 489.00 961.00 532.00 1.61 1.95 4.26 2.88 1.56 48.31 3.07
Car 0.00 2 2.83 857.00 479.00 1012.00 536.00 1.90 2.29 4.84 3.69 1.28 43.32 2.92
Car 0.00 0 1.00 1313.00 484.00 1615.00 595.00 1.74 2.26 5.39 11.20 1.15 22.62 1.46
Car 0.00 2 2.88 879.00 488.00 1038.00 543.00 1.55 2.12 4.33 3.92 1.34 37.53 2.98
Car 0.00 2 -0.34 949.00 476.00 1210.00 558.00 1.84 2.21 5.61 5.88 1.07 29.54 -0.14
Car 0.00 2 -0.53 1319.00 491.00 1494.00 547.00 1.64 2.17 4.30 17.55 1.45 38.03 -0.10
Car 0.00 2 2.79 931.00 475.00 1135.00 557.00 2.00 2.17 4.69 5.26 1.15 32.24 2.95
Car 0.00 3 -0.68 1504.00 468.00 1674.00 522.00 2.00 2.18 5.33 28.93 0.95 47.63 -0.13
Car 0.00 2 1.12 1192.00 482.00 1315.00 545.00 1.81 1.93 4.24 13.08 1.30 38.65 1.44
