Car 0.00 0 2.11 -233.00 513.00 171.00 674.00 1.56 1.76 4.89 -10.07 1.35 15.30 1.52
Car 0.00 0 -1.34 445.00 473.00 659.00 620.00 1.66 1.82 4.13 -3.42 0.92 16.42 -1.55
Car 0.00 3 -1.58 788.00 456.00 952.00 611.00 1.86 1.96 4.59 0.57 0.81 17.45 -1.55
Car 0.00 3 2.62 1442.00 441.00 1614.00 495.00 1.81 2.19 4.87 24.83 -0.06 44.47 3.13
Car 0.00 0 -1.59 710.00 472.00 1045.00 713.00 1.47 2.06 4.81 0.34 0.81 10.18 -1.56
Car 0.00 2 1.85 386.00 491.00 514.00 559.00 1.78 2.08 5.48 -10.71 1.52 36.06 1.56
Car 0.00 0 -1.48 594.00 470.00 737.00 586.00 1.88 2.15 4.80 -2.83 1.00 23.07 -1.60
Car 0.00 3 -3.52 1399.00 444.00 1519.00 486.00 1.87 1.98 4.53 29.34 -0.20 58.25 -3.05
Car 0.00 0 -0.62 1505.00 429.00 1713.00 491.00 1.72 2.12 4.82 22.91 -0.27 36.80 -0.06
Car 0.00 0 -1.75 1369.00 435.00 1871.00 764.00 1.75 2.15 4.67 5.34 0.74 9.26 -1.22
