Car 0.00 2 -3.53 1174.00 473.00 1751.00 687.00 1.65 1.96 4.10 5.49 0.70 11.27 -3.07
Car 0.00 3 2.90 987.00 480.00 1285.00 571.00 1.53 2.12 4.93 5.77 0.59 23.36 3.14
Car 0.00 3 -3.25 910.00 475.00 1020.00 520.00 1.75 2.04 4.30 6.12 0.25 52.47 -3.14
Car 0.00 0 -3.83 1363.00 478.00 2675.00 870.00 1.55 2.06 4.52 5.45 0.75 6.33 -3.12
Car 0.00 0 -3.26 919.00 475.00 1056.00 524.00 1.72 2.23 4.75 6.30 0.28 47.06 -3.13
Car 0.00 3 -0.35 1182.00 485.00 1326.00 530.00 1.53 2.12 4.55 16.14 0.58 46.88 -0.01
Car 0.00 3 -0.53 1538.00 488.00 1823.00 578.00 1.50 1.92 3.85 15.73 0.72 23.22 0.06
Car 0.00 2 -3.42 1016.00 482.00 1404.00 598.00 1.50 2.20 4.90 5.53 0.65 18.34 -3.13
Car 0.00 2 -3.69 1222.00 489.00 2062.00 739.00 1.47 2.09 4.52 5.46 0.76 8.91 -3.14
Car 0.00 3 -3.48 1095.00 473.00 1594.00 644.00 1.62 2.08 4.51 5.49 0.66 13.71 -3.10
