Car 0.00 2 -3.44 1090.00 440.00 1445.00 586.00 2.06 2.27 4.77 6.81 0.67 19.85 -3.11
Car 0.00 2 -3.92 1545.00 388.00 2944.00 827.00 1.61 2.02 4.17 6.08 0.56 5.90 -3.12
Car 0.00 3 0.69 -420.00 453.00 133.00 645.00 1.88 2.00 4.68 -10.67 0.84 14.03 0.04
Car 0.00 3 -3.66 1249.00 373.00 1953.00 668.00 2.25 2.37 4.79 6.62 0.42 11.26 -3.13
Car 0.00 1 -3.75 1326.00 380.00 2258.00 726.00 1.92 2.24 4.50 6.11 0.51 8.49 -3.13
Car 0.00 2 -3.43 1067.00 461.00 1373.00 572.00 1.76 2.20 4.74 6.90 0.81 22.43 -3.13
Car 0.00 2 0.51 -77.00 478.00 290.00 601.00 1.70 2.12 4.45 -11.04 1.04 19.47 -0.01
Car 0.00 2 0.55 -169.00 479.00 237.00 621.00 1.66 2.04 4.07 -10.35 1.01 16.62 -0.01
Car 0.00 2 -0.96 -35.00 497.00 163.00 574.00 1.67 1.82 4.54 -18.43 1.53 30.56 -1.50
Car 0.00 0 0.43 106.00 465.00 418.00 580.00 2.06 2.21 5.20 -11.16 1.02 25.05 0.01
Car 0.00 1 -0.25 1056.00 480.00 1284.00 559.00 1.60 2.08 4.51 7.60 1.09 28.08 0.01
Car 0.00 1 -3.50 1149.00 460.00 1554.00 602.00 1.67 2.17 4.51 6.90 0.79 16.91 -3.11
Car 0.00 2 -3.39 1055.00 474.00 1315.00 567.00 1.68 2.02 4.60 7.06 0.98 25.08 -3.11
