Car 0.00 3 2.70 1207.00 489.00 1527.00 600.00 1.59 1.74 4.26 8.36 1.14 19.61 3.10
Car 0.00 3 -0.20 1035.00 483.00 1183.00 538.00 1.82 1.89 4.78 9.90 1.40 44.09 0.02
Car 0.00 2 -0.45 1337.00 453.00 1839.00 637.00 1.86 2.04 4.42 8.41 0.80 14.22 0.08
Car 0.00 1 -0.62 1446.00 442.00 2092.00 664.00 1.80 1.80 4.53 8.37 0.71 11.45 0.01
Car 0.00 0 1.85 422.00 483.00 576.00 579.00 1.89 1.90 4.99 -7.04 1.26 27.50 1.60
Car 0.00 3 2.77 1142.00 489.00 1431.00 575.00 1.41 1.89 4.42 8.08 1.08 22.29 3.11
Car 0.00 2 -0.29 1141.00 466.00 1404.00 573.00 2.00 2.10 4.57 8.88 0.98 25.27 0.04
Car 0.00 0 1.81 375.00 466.00 669.00 678.00 1.86 1.95 4.59 -3.02 0.96 13.52 1.59
Car 0.00 3 -0.48 1288.00 461.00 1693.00 599.00 1.69 1.88 4.45 8.80 0.78 16.89 -0.00
Car 0.00 1 2.38 1551.00 442.00 2493.00 738.00 1.79 1.93 4.83 8.05 0.77 8.80 3.12
Car 0.00 0 2.09 -5.00 484.00 391.00 672.00 1.90 1.93 5.18 -7.42 1.16 15.48 1.64
Car 0.00 3 -3.41 1120.00 485.00 1350.00 564.00 1.65 1.83 4.58 9.10 1.20 28.18 -3.10
