Car 0.00 3 -2.75 150.00 417.00 387.00 491.00 1.91 2.28 5.54 -14.07 0.42 34.58 -3.14
Car 0.00 3 0.64 -356.00 421.00 101.00 560.00 1.63 2.17 4.31 -11.58 0.62 16.26 0.02
Car 0.00 3 -0.33 1058.00 398.00 1403.00 521.00 1.67 1.85 4.41 6.41 0.30 18.59 -0.00
Car 0.00 3 3.30 479.00 420.00 604.00 459.00 1.91 2.32 6.00 -12.54 0.08 64.96 3.11
Car 0.00 3 -0.37 1008.00 412.00 1332.00 510.00 1.50 2.12 4.70 6.28 0.35 21.05 -0.08
Car 0.00 3 -2.80 295.00 419.00 465.00 477.00 2.00 2.27 5.33 -14.56 0.35 45.46 -3.11
Car 0.00 3 0.48 -157.00 404.00 239.00 521.00 1.79 2.43 5.15 -12.29 0.37 21.16 -0.05
Car 0.00 2 0.19 447.00 389.00 614.00 454.00 3.62 2.77 9.16 -14.81 -0.97 73.42 -0.01
Car 0.00 3 -2.69 23.00 411.00 321.00 502.00 1.96 2.31 5.67 -13.94 0.40 28.93 -3.14
Car 0.00 3 -2.94 485.00 429.00 589.00 464.00 1.66 2.05 4.66 -12.19 0.39 61.89 -3.14
