Car 0.00 3 2.91 990.00 448.00 1163.00 510.00 1.71 1.97 4.55 8.32 1.16 36.56 3.13
Car 0.00 3 -0.20 970.00 456.00 1104.00 502.00 1.47 1.84 4.05 8.24 1.35 41.85 -0.01
Car 0.00 3 3.71 -351.00 423.00 97.00 564.00 1.74 1.86 4.45 -11.84 0.71 16.62 3.09
Car 0.00 0 2.48 1319.00 463.00 1843.00 614.00 1.60 2.19 4.92 9.18 1.12 14.87 3.03
Car 0.00 2 3.42 297.00 432.00 475.00 494.00 1.82 2.04 4.79 -12.18 0.76 38.65 3.11
Car 0.00 2 0.44 149.00 456.00 399.00 527.00 1.47 1.94 4.61 -11.02 1.13 27.36 0.05
Car 0.00 3 3.62 -221.00 435.00 166.00 558.00 1.76 1.96 4.52 -12.17 0.86 19.16 3.06
Car 0.00 0 2.81 1004.00 454.00 1195.00 517.00 1.60 2.12 4.50 8.30 1.26 33.80 3.05
Car 0.00 0 2.65 1203.00 454.00 1560.00 568.00 1.73 2.03 4.81 9.45 1.14 20.33 3.09
Car 0.00 0 -0.21 940.00 458.00 1070.00 500.00 1.52 1.84 4.58 8.25 1.54 48.00 -0.04
