Car 0.00 3 0.36 237.00 487.00 478.00 571.00 1.64 1.70 4.59 -10.21 1.27 27.47 0.01
Car 0.00 3 -0.22 1029.00 473.00 1215.00 539.00 1.58 1.75 4.42 7.71 0.94 32.99 0.01
Car 0.00 3 -3.41 1094.00 442.00 1453.00 578.00 1.90 1.94 4.91 6.87 0.62 19.74 -3.07
Car 0.00 0 -2.63 140.00 487.00 419.00 584.00 1.69 1.97 4.63 -10.70 1.26 24.68 -3.04
Car 0.00 3 0.36 306.00 480.00 515.00 566.00 1.90 1.87 4.41 -10.01 1.27 30.36 0.04
Car 0.00 1 -3.59 1220.00 453.00 1818.00 636.00 1.51 1.69 4.79 6.50 0.70 12.17 -3.10
Car 0.00 0 -1.58 840.00 484.00 882.00 519.00 1.72 2.08 4.76 1.79 1.66 66.00 -1.55
Car 0.00 1 2.47 1465.00 436.00 2248.00 706.00 1.60 1.69 4.09 7.03 0.66 8.87 3.14
Car 0.00 3 2.84 1053.00 473.00 1321.00 563.00 1.58 1.89 4.80 7.17 0.94 25.25 3.11
Car 0.00 3 -3.49 1152.00 431.00 1556.00 588.00 1.88 1.83 4.64 6.98 0.53 16.99 -3.10
Car 0.00 3 0.90 1563.00 441.00 1882.00 545.00 1.57 1.91 4.86 15.57 0.41 22.19 1.51
Car 0.00 1 -0.41 1182.00 463.00 1678.00 615.00 1.51 1.77 4.84 6.83 0.78 14.57 0.03
Car 0.00 0 1.61 761.00 479.00 801.00 522.00 1.89 1.63 2.96 -2.07 1.40 57.39 1.57
