Car 0.00 0 -2.96 971.00 462.00 1086.00 505.00 1.89 1.93 5.09 9.54 0.65 59.15 -2.80
Car 0.00 3 0.57 -162.00 483.00 178.00 603.00 1.79 1.93 4.29 -13.29 1.16 20.54 -0.00
Car 0.00 0 1.77 517.00 408.00 704.00 578.00 2.78 2.24 5.98 -3.87 0.42 23.74 1.61
Car 0.00 3 0.20 482.00 480.00 606.00 527.00 1.72 1.86 4.42 -11.04 1.28 49.16 -0.02
Car 0.00 0 1.63 752.00 479.00 795.00 512.00 1.59 1.85 4.77 -2.65 1.28 63.65 1.59
Car 0.00 3 0.33 349.00 490.00 511.00 543.00 1.56 1.87 4.47 -12.48 1.45 39.58 0.03
Car 0.00 3 0.34 312.00 486.00 489.00 540.00 1.46 1.82 4.55 -12.45 1.24 36.82 0.02
Car 0.00 1 0.32 256.00 491.00 458.00 558.00 1.65 1.90 4.76 -12.64 1.45 33.95 -0.03
Car 0.00 1 0.50 17.00 477.00 317.00 581.00 1.95 2.17 5.06 -13.53 1.18 25.93 0.02
Car 0.00 3 0.69 -340.00 488.00 55.00 623.00 1.70 1.89 4.10 -13.43 1.15 17.54 0.04
