Car 0.00 0 1.69 626.00 477.00 742.00 556.00 1.41 1.76 4.28 -2.77 0.86 25.18 1.58
Car 0.00 0 2.22 300.00 484.00 629.00 618.00 1.49 1.75 4.68 -4.69 0.98 17.06 1.96
Car 0.00 0 1.93 157.00 478.00 380.00 603.00 1.78 1.83 4.52 -9.00 1.05 20.66 1.52
Car 0.00 0 0.51 -716.00 507.00 214.00 794.00 1.54 1.76 4.62 -7.01 1.11 8.68 -0.16
Car 0.00 0 -2.10 1259.00 415.00 2133.00 874.00 1.70 1.79 4.33 4.06 0.68 6.94 -1.57
Car 0.00 2 -1.67 935.00 458.00 988.00 502.00 2.00 2.03 4.95 6.56 0.49 61.39 -1.56
Car 0.00 2 -1.65 954.00 464.00 1009.00 511.00 1.77 1.80 4.46 6.12 0.69 49.95 -1.53
Car 0.00 0 -1.67 979.00 472.00 1052.00 523.00 1.41 1.72 4.36 5.67 0.80 38.04 -1.53
Car 0.00 3 -2.04 1343.00 438.00 1543.00 528.00 1.64 1.77 4.48 12.41 0.26 25.57 -1.59
Car 0.00 0 -1.71 1023.00 457.00 1145.00 553.00 1.76 1.78 4.42 5.16 0.67 25.67 -1.51
Car 0.00 2 1.64 693.00 468.00 763.00 527.00 1.62 1.75 4.27 -2.92 0.80 37.76 1.56
