Car 0.00 0 -2.70 131.00 451.00 339.00 529.00 1.85 2.01 4.22 -14.61 0.48 31.11 -3.14
Car 0.00 3 -2.60 220.00 454.00 421.00 522.00 1.88 2.12 5.03 -14.68 0.50 36.46 -2.98
Car 0.00 2 -0.58 1408.00 438.00 1963.00 621.00 2.06 2.15 5.34 10.33 0.68 15.44 0.01
Car 0.00 3 -3.79 1541.00 478.00 2158.00 666.00 1.69 2.01 4.50 9.99 0.94 12.56 -3.11
Car 0.00 3 -2.68 135.00 442.00 385.00 526.00 2.16 2.31 5.70 -15.17 0.35 33.76 -3.10
Car 0.00 3 -2.44 -162.00 453.00 129.00 545.00 1.65 1.94 4.39 -16.05 0.52 23.97 -3.03
Car 0.00 0 3.43 319.00 455.00 480.00 508.00 1.72 2.19 4.73 -14.44 0.39 42.58 3.11
Car 0.00 3 -3.55 1252.00 461.00 1543.00 567.00 1.86 2.05 4.47 10.50 0.78 23.32 -3.13
Car 0.00 3 -3.45 1193.00 438.00 1428.00 529.00 2.00 2.14 4.62 11.07 0.30 28.96 -3.08
Car 0.00 3 -3.64 1339.00 448.00 1736.00 593.00 1.94 1.99 4.56 10.04 0.68 17.97 -3.13
