Car 0.00 3 -0.28 974.00 400.00 1386.00 567.00 1.84 1.91 4.34 4.55 0.51 15.13 0.01
Car 0.00 3 -2.69 24.00 415.00 412.00 537.00 1.64 1.96 4.75 -8.12 0.52 18.33 -3.11
Car 0.00 0 -0.83 1373.00 441.00 3582.00 1090.00 1.53 1.83 4.45 4.50 0.79 3.99 0.02
Car 0.00 3 -0.17 920.00 433.00 1150.00 511.00 1.52 1.97 4.37 5.03 0.67 26.04 0.02
Car 0.00 3 2.92 889.00 432.00 1117.00 502.00 1.51 1.92 4.81 4.85 0.64 28.70 3.09
Car 0.00 3 2.73 968.00 393.00 1710.00 664.00 1.84 1.97 4.79 3.93 0.62 9.62 3.12
Car 0.00 1 0.67 -646.00 392.00 218.00 648.00 1.74 2.02 5.10 -7.39 0.56 9.75 0.02
Car 0.00 0 -0.12 818.00 419.00 943.00 471.00 2.29 2.00 5.43 4.20 0.32 57.18 -0.05
Car 0.00 3 3.73 -400.00 383.00 186.00 588.00 1.82 1.82 4.37 -8.46 0.43 12.26 3.13
Car 0.00 3 -0.28 973.00 402.00 1320.00 540.00 1.83 1.90 4.35 4.96 0.44 17.85 -0.01
Car 0.00 0 -0.60 1044.00 304.00 2332.00 772.00 2.13 2.11 5.57 4.42 0.47 6.89 -0.03
