Car 0.00 3 0.70 -164.00 458.00 67.00 532.00 1.71 2.05 4.52 -21.61 0.08 31.76 0.10
Car 0.00 3 -2.61 49.00 473.00 333.00 564.00 1.71 1.76 5.08 -12.92 0.53 26.34 -3.06
Car 0.00 0 2.46 1284.00 475.00 1779.00 642.00 1.66 2.04 4.44 7.75 0.70 13.93 2.97
Car 0.00 0 0.30 395.00 472.00 640.00 561.00 1.61 1.95 4.31 -5.85 0.47 25.12 0.07
Car 0.00 3 -2.91 548.00 479.00 701.00 543.00 1.64 1.90 3.80 -5.23 0.52 34.91 -3.06
Car 0.00 1 2.58 1029.00 485.00 1172.00 538.00 1.70 2.09 4.25 9.66 0.68 43.10 2.80
Car 0.00 3 -2.51 -58.00 478.00 280.00 585.00 1.63 2.31 4.55 -11.97 0.63 21.69 -3.01
Car 0.00 0 1.51 937.00 474.00 1016.00 545.00 1.98 2.03 5.24 4.78 0.49 38.54 1.63
Car 0.00 0 3.77 -981.00 388.00 181.00 755.00 1.86 2.08 4.80 -6.79 0.44 7.67 3.05
Car 0.00 2 0.60 -347.00 431.00 348.00 694.00 1.86 1.93 4.49 -6.46 0.51 10.39 0.05
Car 0.00 1 3.55 5.00 427.00 460.00 608.00 1.94 2.09 4.48 -6.83 0.29 15.24 3.13
