Car 0.00 3 -1.47 555.00 430.00 640.00 487.00 1.46 1.86 4.36 -5.13 0.55 34.72 -1.62
Car 0.00 1 -1.25 211.00 413.00 436.00 537.00 1.83 2.02 5.03 -7.64 0.59 21.44 -1.59
Car 0.00 1 -1.01 -192.00 430.00 148.00 570.00 1.56 1.70 4.17 -10.16 0.73 16.30 -1.57
Car 0.00 1 1.82 411.00 405.00 600.00 525.00 1.85 2.05 4.91 -4.74 0.46 22.11 1.61
Car 0.00 2 2.17 -232.00 413.00 37.00 520.00 1.70 1.77 4.27 -15.48 0.49 22.44 1.57
Car 0.00 2 -1.03 -126.00 423.00 148.00 531.00 1.64 1.89 4.52 -13.05 0.63 21.64 -1.57
Car 0.00 0 -1.22 35.00 413.00 332.00 563.00 1.65 1.96 4.31 -7.40 0.58 16.03 -1.65
Car 0.00 1 -1.34 270.00 427.00 502.00 560.00 1.53 1.93 4.46 -5.15 0.68 16.90 -1.64
Car 0.00 3 1.98 44.00 429.00 287.00 528.00 1.49 1.90 4.75 -10.35 0.66 21.51 1.54
Car 0.00 3 -1.31 348.00 421.00 459.00 490.00 1.75 1.85 4.22 -10.28 0.48 34.21 -1.61
