Car 0.00 3 1.19 1250.00 429.00 1340.00 479.00 2.00 1.87 4.84 19.69 -0.64 52.89 1.55
Car 0.00 0 -0.03 14.00 444.00 620.00 655.00 1.67 1.95 5.03 -4.74 0.64 12.21 -0.40
Car 0.00 1 1.23 1240.00 437.00 1318.00 486.00 1.69 1.48 3.83 16.70 -0.31 46.42 1.58
Car 0.00 3 1.27 1186.00 433.00 1274.00 484.00 2.00 2.00 5.07 16.70 -0.45 52.09 1.58
Car 0.00 0 -1.66 996.00 454.00 1056.00 505.00 1.58 1.60 3.48 6.53 0.30 41.39 -1.51
Car 0.00 3 1.95 270.00 483.00 465.00 583.00 1.63 1.83 4.70 -8.65 1.12 24.08 1.61
Car 0.00 0 -2.00 1188.00 448.00 1746.00 713.00 1.53 1.89 4.76 4.50 0.66 9.83 -1.58
Car 0.00 3 -1.99 1334.00 431.00 1500.00 515.00 1.67 1.72 4.18 12.95 0.06 27.79 -1.56
Car 0.00 0 1.82 498.00 466.00 674.00 571.00 1.54 1.76 4.70 -3.90 0.73 21.15 1.63
Car 0.00 3 -1.64 934.00 451.00 964.00 482.00 1.96 1.63 3.87 7.91 -0.22 81.19 -1.54
Car 0.00 3 1.91 414.00 456.00 559.00 544.00 1.96 1.92 4.79 -8.23 0.67 30.80 1.64
