Car 0.00 0 -1.72 719.00 478.00 779.00 516.00 1.59 1.97 4.42 -3.03 0.23 56.00 -1.77
Car 0.00 0 3.15 152.00 481.00 393.00 583.00 1.77 1.92 4.17 -10.62 0.74 24.93 2.75
Car 0.00 3 -0.51 1394.00 456.00 1711.00 555.00 1.53 1.96 4.38 12.82 0.23 22.27 0.02
Car 0.00 2 -0.18 1013.00 469.00 1196.00 538.00 1.60 1.97 4.23 7.30 0.29 32.37 0.04
Car 0.00 0 -0.99 475.00 475.00 676.00 568.00 1.68 1.82 4.33 -4.72 0.54 25.48 -1.17
Car 0.00 1 -3.39 1040.00 472.00 1297.00 559.00 1.54 1.96 4.55 6.92 0.45 25.25 -3.13
Car 0.00 3 -0.23 939.00 466.00 1055.00 514.00 1.78 1.80 4.33 7.38 -0.07 51.91 -0.08
Car 0.00 1 -0.75 -677.00 495.00 87.00 748.00 1.50 1.85 4.43 -8.26 0.83 10.13 -1.44
Car 0.00 2 2.72 1155.00 466.00 1548.00 594.00 1.56 1.99 4.64 7.37 0.50 17.79 3.11
Car 0.00 2 -0.57 1489.00 443.00 1855.00 562.00 1.66 2.00 4.38 13.38 0.17 20.03 0.02
Car 0.00 3 -0.34 1211.00 466.00 1402.00 529.00 1.53 1.75 4.44 13.19 0.14 34.26 0.03
Car 0.00 2 -0.09 578.00 481.00 696.00 522.00 1.53 1.81 4.57 -7.35 0.40 51.80 -0.23
Car 0.00 3 -0.20 986.00 473.00 1135.00 530.00 1.56 1.75 4.12 7.38 0.29 38.48 -0.01
