Car 0.00 1 -0.46 1347.00 442.00 1881.00 614.00 1.81 1.91 4.82 8.75 0.62 14.33 0.09
Car 0.00 3 -3.58 1285.00 487.00 1636.00 582.00 1.40 1.94 4.54 9.84 0.97 19.75 -3.11
Car 0.00 0 2.11 -186.00 503.00 561.00 867.00 1.43 1.75 4.30 -3.16 0.93 7.37 1.71
Car 0.00 0 1.82 542.00 434.00 733.00 584.00 2.57 2.12 6.67 -3.51 0.71 24.92 1.68
Car 0.00 3 -3.28 1129.00 481.00 1294.00 535.00 1.59 1.96 4.65 11.82 1.14 38.74 -2.98
Car 0.00 3 -3.72 1484.00 466.00 2159.00 655.00 1.55 1.85 4.59 8.82 0.76 11.48 -3.07
Car 0.00 3 -3.39 1173.00 479.00 1402.00 557.00 1.66 1.76 4.54 10.24 1.04 28.12 -3.04
Car 0.00 3 -0.15 1121.00 479.00 1280.00 529.00 1.61 2.02 4.81 12.40 1.12 41.79 0.14
Car 0.00 2 1.77 698.00 489.00 774.00 538.00 1.73 1.94 4.60 -3.33 1.59 46.81 1.70
Car 0.00 3 -3.55 1248.00 477.00 1542.00 573.00 1.65 1.77 4.49 10.12 0.96 22.55 -3.13
Car 0.00 3 -3.58 1331.00 472.00 1734.00 593.00 1.52 1.83 4.41 9.43 0.82 17.04 -3.07
