Car 0.00 3 3.42 274.00 421.00 491.00 487.00 1.91 2.32 6.00 -12.46 0.48 39.29 3.11
Car 0.00 3 -2.64 -6.00 413.00 302.00 515.00 2.11 2.28 5.66 -13.98 0.55 27.89 -3.11
Car 0.00 3 -2.54 -222.00 423.00 163.00 537.00 1.87 2.34 5.38 -14.40 0.71 22.52 -3.11
Car 0.00 3 -2.47 -379.00 414.00 66.00 553.00 2.00 2.27 5.33 -14.62 0.67 19.82 -3.11
Car 0.00 3 -2.59 -96.00 412.00 230.00 525.00 2.09 2.24 5.25 -14.26 0.58 25.25 -3.11
Car 0.00 3 -1.35 1156.00 418.00 1302.00 484.00 1.48 2.28 5.29 11.15 0.28 31.55 -1.01
Car 0.00 3 -2.68 74.00 421.00 335.00 506.00 1.96 2.13 5.38 -14.11 0.60 30.84 -3.11
Car 0.00 2 0.28 277.00 377.00 542.00 479.00 3.62 2.77 9.16 -14.13 -0.37 47.83 -0.00
Car 0.00 3 -2.81 267.00 435.00 455.00 497.00 1.66 2.05 4.66 -12.13 0.78 36.21 -3.13
Car 0.00 3 3.48 171.00 441.00 374.00 503.00 1.54 1.96 4.64 -13.67 0.88 33.79 3.10
Car 0.00 3 0.17 483.00 435.00 601.00 471.00 1.54 2.04 4.94 -11.04 0.65 57.13 -0.02
Car 0.00 3 -1.40 1287.00 404.00 1419.00 478.00 1.70 2.18 4.79 14.13 0.06 31.35 -0.97
Car 0.00 3 3.33 484.00 426.00 591.00 469.00 1.95 2.11 4.68 -11.82 0.44 60.10 3.14
Car 0.00 3 -1.95 1087.00 391.00 1208.00 463.00 3.44 3.31 7.59 18.37 -0.54 64.88 -1.68
Car 0.00 3 -1.29 1037.00 420.00 1183.00 485.00 1.48 2.20 5.04 8.17 0.32 31.56 -1.04
