Car 0.00 3 0.40 47.00 482.00 321.00 581.00 1.87 2.10 4.60 -13.20 1.25 25.99 -0.07
Car 0.00 3 0.15 426.00 502.00 539.00 542.00 1.64 1.70 4.59 -15.17 2.28 55.35 -0.12
Car 0.00 3 0.44 -61.00 472.00 288.00 602.00 1.98 1.89 4.71 -11.80 1.09 20.99 -0.07
Car 0.00 0 2.66 1086.00 461.00 1462.00 612.00 1.86 1.87 4.48 6.08 0.88 17.29 3.00
Car 0.00 3 -0.35 1116.00 475.00 1235.00 524.00 2.15 2.15 4.86 16.27 1.39 58.59 -0.08
Car 0.00 3 2.79 1000.00 492.00 1289.00 595.00 1.69 1.91 4.67 5.70 1.30 22.77 3.04
Car 0.00 3 3.40 401.00 493.00 525.00 536.00 1.69 1.97 4.63 -15.21 1.86 52.54 3.11
Car 0.00 3 2.86 892.00 488.00 1083.00 560.00 1.74 1.89 4.65 4.23 1.41 33.27 2.98
Car 0.00 0 2.43 1506.00 479.00 1754.00 565.00 1.77 1.95 4.46 17.99 1.14 28.16 3.00
Car 0.00 3 2.91 944.00 492.00 1158.00 568.00 1.55 1.83 4.43 5.00 1.33 28.34 3.09
Car 0.00 0 0.46 -210.00 491.00 237.00 624.00 1.69 2.12 5.03 -11.57 1.21 18.18 -0.10
Car 0.00 3 2.97 854.00 489.00 1006.00 539.00 1.51 1.69 4.79 3.42 1.46 41.87 3.05
Car 0.00 3 -0.40 1047.00 467.00 1373.00 598.00 1.88 1.91 4.56 6.04 0.96 20.06 -0.11
Car 0.00 0 -1.58 696.00 491.00 751.00 538.00 1.72 2.08 4.76 -4.13 1.75 49.98 -1.66
Car 0.00 3 2.60 1372.00 475.00 1585.00 552.00 1.90 1.93 4.67 17.36 1.15 33.48 3.08
Car 0.00 3 0.47 -137.00 499.00 56.00 561.00 1.89 2.00 4.84 -28.54 1.96 41.37 -0.13
Car 0.00 3 -0.53 1255.00 472.00 1437.00 540.00 1.94 2.08 4.81 16.14 1.11 39.04 -0.14
Car 0.00 3 2.95 814.00 497.00 929.00 536.00 1.58 1.89 4.80 1.97 2.04 55.36 2.99
Car 0.00 2 0.98 1340.00 476.00 1533.00 563.00 1.77 1.86 4.12 13.58 1.09 28.18 1.43
