Car 0.00 3 3.51 125.00 412.00 425.00 501.00 1.91 2.32 6.00 -11.74 0.40 29.33 3.13
Car 0.00 3 -2.44 -433.00 395.00 81.00 559.00 2.11 2.28 5.66 -13.49 0.52 17.97 -3.09
Car 0.00 3 -1.49 1387.00 402.00 1573.00 505.00 1.48 2.28 5.29 11.70 0.20 21.11 -0.99
Car 0.00 3 3.35 421.00 430.00 564.00 476.00 1.53 2.02 4.60 -10.39 0.52 44.83 3.12
Car 0.00 3 -2.51 -244.00 409.00 162.00 538.00 1.96 2.13 5.38 -13.57 0.56 20.92 -3.09
Car 0.00 2 0.34 186.00 359.00 524.00 488.00 3.62 2.77 9.16 -12.79 -0.43 37.95 0.02
Car 0.00 3 -2.70 95.00 431.00 364.00 517.00 1.66 2.05 4.66 -11.48 0.71 26.25 -3.11
Car 0.00 3 3.62 -64.00 439.00 241.00 528.00 1.54 1.96 4.64 -13.06 0.82 23.86 3.12
Car 0.00 3 0.21 446.00 430.00 591.00 474.00 1.54 2.04 4.94 -9.96 0.49 47.14 -0.00
Car 0.00 3 -1.57 1588.00 379.00 1768.00 496.00 1.70 2.18 4.79 14.68 -0.03 20.85 -0.95
Car 0.00 3 -2.91 451.00 419.00 582.00 471.00 1.95 2.11 4.68 -10.68 0.27 50.13 -3.12
Car 0.00 3 -2.00 1171.00 376.00 1325.00 463.00 3.44 3.31 7.59 19.60 -0.76 54.29 -1.66
Car 0.00 3 -1.41 1203.00 406.00 1396.00 507.00 1.48 2.20 5.04 8.72 0.24 21.19 -1.02
