Car 0.00 3 0.09 665.00 489.00 801.00 541.00 1.68 2.09 4.37 -2.73 0.76 42.20 0.03
Car 0.00 3 -3.32 1068.00 486.00 1346.00 584.00 1.54 2.03 4.17 6.43 0.70 21.30 -3.02
Car 0.00 1 0.11 588.00 503.00 774.00 565.00 1.52 2.00 4.56 -3.40 1.06 32.55 0.01
Car 0.00 3 -3.38 1046.00 489.00 1290.00 573.00 1.52 1.84 4.11 6.53 0.72 23.88 -3.11
Car 0.00 3 -3.26 963.00 491.00 1122.00 543.00 1.53 1.89 4.52 6.76 0.74 38.16 -3.08
Car 0.00 0 0.40 93.00 490.00 635.00 664.00 1.59 2.10 4.72 -4.38 0.79 12.81 0.07
Car 0.00 2 -3.26 978.00 492.00 1155.00 546.00 1.49 1.90 4.71 6.98 0.76 35.72 -3.07
Car 0.00 3 0.08 692.00 493.00 801.00 529.00 1.46 2.06 4.33 -2.82 0.79 51.89 0.03
Car 0.00 3 0.12 606.00 490.00 780.00 552.00 1.66 1.82 4.58 -3.34 0.79 34.98 0.03
Car 0.00 3 -0.54 1581.00 480.00 1897.00 573.00 1.62 2.08 4.22 16.82 0.62 23.29 0.09
Car 0.00 0 -3.53 1186.00 493.00 1809.00 695.00 1.63 2.19 4.47 5.86 0.83 11.48 -3.06
Car 0.00 3 -3.47 1125.00 482.00 1507.00 609.00 1.55 1.95 4.21 6.33 0.66 16.45 -3.10
Car 0.00 3 -0.29 1239.00 486.00 1388.00 534.00 1.62 2.15 4.47 17.47 0.64 44.70 0.08
Car 0.00 1 0.76 -561.00 522.00 221.00 773.00 1.50 1.79 4.31 -6.74 0.98 8.90 0.11
Car 0.00 3 -3.50 1164.00 490.00 1617.00 646.00 1.60 1.95 4.17 6.21 0.79 14.12 -3.08
Car 0.00 3 -0.51 1447.00 474.00 1707.00 555.00 1.73 2.15 4.49 16.87 0.49 28.27 0.03
Car 0.00 3 -0.38 1301.00 479.00 1488.00 542.00 1.77 2.40 4.46 17.00 0.55 37.44 0.05
Car 0.00 3 -3.33 1018.00 488.00 1250.00 558.00 1.52 1.89 4.82 7.06 0.68 28.55 -3.08
Car 0.00 3 -0.52 1493.00 478.00 1771.00 563.00 1.66 2.02 4.33 16.49 0.56 25.79 0.05
Car 0.00 2 -3.32 1024.00 490.00 1262.00 566.00 1.50 1.97 4.47 6.64 0.73 26.18 -3.07
