Car 0.00 3 0.39 240.00 449.00 368.00 495.00 1.94 2.18 4.65 -22.72 0.10 54.59 -0.00
Car 0.00 3 2.60 1422.00 461.00 1531.00 497.00 1.88 2.15 4.79 34.95 0.47 67.45 3.08
Car 0.00 0 -2.01 1388.00 481.00 1569.00 553.00 1.43 1.76 4.51 14.20 0.97 27.60 -1.54
Car 0.00 3 0.49 71.00 445.00 237.00 500.00 1.84 1.91 4.72 -23.35 0.09 43.60 0.00
Car 0.00 0 -1.72 862.00 457.00 973.00 534.00 1.76 2.02 4.79 2.14 0.60 31.04 -1.65
Car 0.00 3 2.88 992.00 466.00 1131.00 515.00 1.84 2.08 4.96 9.16 0.78 49.06 3.06
Car 0.00 3 2.61 1349.00 471.00 1484.00 515.00 1.71 2.05 4.53 23.92 0.94 50.87 3.05
Car 0.00 0 2.83 1078.00 458.00 1298.00 537.00 1.96 1.99 5.10 9.27 0.70 32.43 3.11
Car 0.00 0 1.00 1498.00 468.00 1729.00 561.00 1.84 1.94 4.85 16.99 0.89 27.41 1.56
Car 0.00 2 0.66 -155.00 449.00 26.00 504.00 1.74 1.86 4.62 -29.02 0.21 40.87 0.04
Car 0.00 2 0.41 154.00 448.00 302.00 494.00 1.75 2.08 4.79 -23.43 0.05 49.21 -0.03
Car 0.00 1 0.25 432.00 456.00 621.00 516.00 1.59 2.25 4.72 -8.35 0.44 35.21 0.02
Car 0.00 3 -0.30 1074.00 461.00 1262.00 532.00 1.92 1.87 4.76 9.57 0.75 35.39 -0.03
Car 0.00 0 1.08 1307.00 478.00 1415.00 526.00 1.55 1.82 3.66 17.96 1.04 42.27 1.48
Car 0.00 3 2.90 1024.00 474.00 1171.00 521.00 1.59 1.98 4.67 9.41 0.94 43.72 3.11
Car 0.00 3 2.86 1055.00 468.00 1227.00 528.00 1.75 1.89 4.74 9.50 0.83 38.07 3.11
Car 0.00 3 2.95 967.00 469.00 1075.00 503.00 1.52 2.00 4.61 8.94 0.73 57.90 3.11
