Car 0.00 2 -1.76 958.00 473.00 1027.00 515.00 1.89 2.17 5.62 7.83 1.11 59.67 -1.63
Car 0.00 1 1.82 387.00 412.00 596.00 574.00 3.23 2.58 8.45 -7.47 0.49 29.21 1.57
Car 0.00 1 -1.59 830.00 482.00 927.00 556.00 1.69 2.22 4.46 1.24 1.16 31.17 -1.55
Car 0.00 0 -1.73 1055.00 473.00 1147.00 536.00 1.67 1.84 4.57 7.68 0.93 35.46 -1.51
Car 0.00 2 -1.57 820.00 474.00 875.00 522.00 1.96 2.24 5.03 0.90 1.18 54.64 -1.56
Car 0.00 3 1.24 726.00 473.00 775.00 504.00 2.13 2.20 4.34 -5.48 1.32 89.83 1.18
Car 0.00 0 -2.02 1326.00 484.00 1714.00 673.00 1.70 1.84 4.59 7.27 1.02 13.78 -1.53
Car 0.00 1 -1.90 1185.00 486.00 1484.00 612.00 1.62 2.73 4.71 7.38 1.07 18.91 -1.53
Car 0.00 2 -1.73 1017.00 477.00 1093.00 532.00 1.72 1.79 4.60 7.56 1.12 41.87 -1.55
Car 0.00 0 1.79 519.00 468.00 690.00 588.00 1.86 1.94 4.59 -3.72 0.92 21.85 1.63
