Car 0.00 3 -3.50 1151.00 448.00 1427.00 543.00 1.71 1.97 4.55 9.58 1.08 24.37 -3.12
Car 0.00 1 -0.29 1094.00 456.00 1292.00 522.00 1.47 1.84 4.05 9.47 1.17 29.66 0.02
Car 0.00 0 0.34 209.00 459.00 446.00 528.00 1.51 1.93 4.78 -10.58 1.26 29.36 -0.00
Car 0.00 0 3.53 135.00 424.00 399.00 514.00 1.82 2.04 4.79 -11.03 0.65 27.05 3.14
Car 0.00 2 -0.50 1539.00 474.00 1798.00 554.00 1.86 2.21 4.96 22.25 1.88 32.07 0.10
Car 0.00 2 0.65 -260.00 455.00 201.00 584.00 1.47 1.94 4.61 -10.10 0.96 15.84 0.08
Car 0.00 3 -3.39 1057.00 465.00 1230.00 522.00 1.41 1.88 4.03 9.32 1.45 33.18 -3.12
Car 0.00 3 3.35 464.00 435.00 578.00 476.00 1.67 1.89 4.36 -11.14 0.72 53.17 3.14
Car 0.00 0 2.67 1179.00 461.00 1497.00 561.00 1.60 2.12 4.50 9.32 1.22 21.61 3.08
Car 0.00 3 -3.46 1124.00 467.00 1348.00 538.00 1.42 1.92 4.12 9.51 1.35 26.99 -3.12
Car 0.00 0 -0.28 1041.00 458.00 1220.00 515.00 1.52 1.84 4.58 9.68 1.36 35.79 -0.01
Car 0.00 3 3.45 275.00 456.00 479.00 519.00 1.52 2.05 4.53 -10.36 1.23 32.18 3.14
Car 0.00 3 3.40 332.00 439.00 504.00 514.00 2.14 2.22 4.45 -10.90 1.13 37.59 3.12
