Car 0.00 3 -3.44 1102.00 457.00 1334.00 538.00 1.71 1.97 4.55 9.62 1.31 28.42 -3.12
Car 0.00 1 -0.25 1063.00 464.00 1234.00 523.00 1.47 1.84 4.05 9.59 1.46 33.71 0.03
Car 0.00 2 -2.80 228.00 430.00 453.00 509.00 1.82 2.04 4.79 -10.92 0.77 31.19 -3.14
Car 0.00 1 -0.45 1462.00 483.00 1686.00 554.00 1.86 2.21 4.96 22.38 2.26 36.07 0.11
Car 0.00 2 0.56 -37.00 456.00 316.00 558.00 1.47 1.94 4.61 -10.12 1.05 19.96 0.09
Car 0.00 3 -3.37 1033.00 472.00 1185.00 524.00 1.41 1.88 4.03 9.45 1.75 37.24 -3.12
Car 0.00 3 -2.95 492.00 439.00 597.00 477.00 1.67 1.89 4.36 -10.94 0.92 57.30 -3.14
Car 0.00 0 2.73 1123.00 469.00 1385.00 554.00 1.60 2.12 4.50 9.40 1.47 25.66 3.08
Car 0.00 3 -3.42 1085.00 474.00 1277.00 537.00 1.42 1.92 4.12 9.62 1.63 31.04 -3.12
Car 0.00 0 2.43 1527.00 469.00 2202.00 672.00 1.73 2.03 4.81 10.13 1.20 12.17 3.12
Car 0.00 0 -0.25 1019.00 466.00 1180.00 518.00 1.52 1.84 4.58 9.81 1.68 39.85 -0.01
Car 0.00 3 3.38 383.00 445.00 536.00 513.00 2.14 2.22 4.45 -10.75 1.34 41.73 3.13
