Car 0.00 0 3.00 896.00 429.00 1022.00 478.00 2.00 2.39 5.41 7.89 0.70 58.15 3.13
Car 0.00 2 0.30 295.00 423.00 485.00 484.00 1.43 1.89 4.51 -10.65 0.42 34.14 -0.01
Car 0.00 0 3.54 -58.00 392.00 309.00 525.00 1.90 1.99 4.83 -10.60 0.33 20.58 3.07
Car 0.00 1 0.68 -481.00 399.00 78.00 559.00 1.51 1.91 4.80 -10.94 0.43 14.23 0.03
Car 0.00 0 3.33 451.00 422.00 570.00 468.00 1.57 1.89 4.05 -10.40 0.25 47.75 3.11
Car 0.00 0 -1.84 1097.00 434.00 1243.00 502.00 1.49 2.22 4.83 9.43 0.70 31.50 -1.55
Car 0.00 3 3.50 178.00 426.00 414.00 502.00 1.53 1.89 4.62 -11.15 0.57 28.92 3.14
Car 0.00 3 0.41 80.00 424.00 373.00 521.00 1.56 1.94 4.50 -10.24 0.61 23.32 -0.01
Car 0.00 0 -1.74 974.00 441.00 1092.00 504.00 1.40 2.10 4.59 6.09 0.81 31.81 -1.55
Car 0.00 3 1.10 1301.00 457.00 1460.00 527.00 1.51 1.84 4.15 14.67 1.29 31.45 1.54
Car 0.00 1 -0.27 1072.00 430.00 1212.00 492.00 2.00 2.09 4.32 12.60 0.81 44.98 0.01
Car 0.00 3 3.48 135.00 422.00 385.00 503.00 1.47 1.71 4.38 -10.75 0.50 25.99 3.08
Car 0.00 3 0.07 518.00 424.00 617.00 462.00 1.65 2.01 4.45 -10.41 0.24 60.28 -0.10
