Car 0.00 3 -1.50 591.00 434.00 656.00 480.00 1.46 1.86 4.36 -5.46 0.64 42.75 -1.63
Car 0.00 1 -1.34 373.00 422.00 513.00 509.00 1.83 2.02 5.03 -7.88 0.62 29.43 -1.60
Car 0.00 1 -1.19 158.00 429.00 336.00 517.00 1.56 1.70 4.17 -10.33 0.65 24.50 -1.59
Car 0.00 1 1.76 511.00 418.00 636.00 503.00 1.85 2.05 4.91 -4.97 0.54 30.15 1.59
Car 0.00 1 2.03 57.00 425.00 221.00 501.00 1.70 1.77 4.27 -15.47 0.59 30.43 1.56
Car 0.00 2 -1.16 129.00 429.00 296.00 505.00 1.64 1.89 4.52 -13.29 0.67 29.57 -1.59
Car 0.00 0 -1.36 299.00 426.00 457.00 521.00 1.65 1.96 4.31 -7.64 0.65 24.07 -1.67
Car 0.00 1 2.08 -153.00 416.00 85.00 514.00 1.77 1.92 4.66 -16.15 0.53 25.21 1.51
Car 0.00 1 -1.43 446.00 434.00 580.00 520.00 1.53 1.93 4.46 -5.28 0.74 24.93 -1.63
Car 0.00 1 1.87 253.00 434.00 401.00 503.00 1.49 1.90 4.75 -10.59 0.69 29.46 1.52
