Car 0.00 1 -3.33 970.00 490.00 1166.00 550.00 1.33 1.91 4.35 6.01 0.67 30.62 -3.14
Car 0.00 3 -0.44 1370.00 481.00 1587.00 556.00 1.70 1.85 4.22 15.91 0.63 30.57 0.04
Car 0.00 2 -1.34 51.00 474.00 279.00 592.00 1.47 1.84 4.76 -9.21 0.51 18.35 -1.80
Car 0.00 3 -0.47 1327.00 480.00 1503.00 542.00 1.52 1.75 3.71 15.47 0.49 32.83 -0.03
Car 0.00 1 -0.36 1146.00 462.00 1803.00 678.00 1.68 2.04 4.84 5.63 0.62 11.46 0.09
Car 0.00 3 -3.39 1046.00 482.00 1377.00 600.00 1.59 1.93 4.29 5.70 0.68 18.68 -3.10
Car 0.00 1 -3.62 1224.00 489.00 2086.00 740.00 1.49 2.02 4.71 5.57 0.76 9.03 -3.06
Car 0.00 3 2.89 958.00 485.00 1130.00 550.00 1.60 1.79 4.09 5.91 0.66 33.09 3.07
Car 0.00 0 1.62 472.00 468.00 559.00 541.00 1.65 1.83 4.36 -7.28 0.29 30.99 1.39
Car 0.00 0 -4.01 1553.00 485.00 3544.00 1028.00 1.50 1.96 4.56 5.57 0.76 4.65 -3.13
Car 0.00 3 -0.44 1460.00 483.00 1706.00 562.00 1.49 1.85 3.84 15.45 0.60 25.71 0.10
