Car 0.00 2 -1.77 965.00 484.00 1040.00 530.00 1.89 2.17 5.62 7.65 1.59 55.07 -1.63
Car 0.00 2 1.87 280.00 410.00 553.00 610.00 3.23 2.58 8.45 -7.60 0.72 24.60 1.57
Car 0.00 3 -0.79 1514.00 481.00 1960.00 620.00 1.89 2.12 5.61 13.74 1.15 19.06 -0.16
Car 0.00 1 -1.60 828.00 494.00 925.00 568.00 1.69 2.22 4.46 1.19 1.45 31.27 -1.56
Car 0.00 0 -1.75 1080.00 485.00 1192.00 559.00 1.67 1.84 4.57 7.51 1.23 30.83 -1.51
Car 0.00 2 -1.57 818.00 485.00 872.00 532.00 1.96 2.24 5.03 0.79 1.65 55.12 -1.56
Car 0.00 0 1.24 720.00 484.00 772.00 517.00 2.13 2.20 4.34 -5.49 2.04 84.78 1.17
Car 0.00 0 -2.19 1512.00 492.00 2288.00 804.00 1.70 1.84 4.59 7.15 1.02 9.20 -1.53
Car 0.00 0 -1.99 1258.00 496.00 1707.00 672.00 1.62 2.73 4.71 7.01 1.13 14.23 -1.53
Car 0.00 2 -1.75 1034.00 488.00 1124.00 551.00 1.72 1.79 4.60 7.42 1.43 37.20 -1.55
Car 0.00 0 1.96 143.00 467.00 558.00 717.00 1.86 1.94 4.59 -4.09 0.96 11.74 1.62
