Car 0.00 2 -0.82 -213.00 480.00 6.00 560.00 1.39 1.71 3.29 -17.35 1.56 24.79 -1.43
Car 0.00 1 -1.10 183.00 485.00 395.00 566.00 1.32 1.95 4.60 -9.55 1.63 24.71 -1.47
Car 0.00 3 -2.79 438.00 424.00 619.00 493.00 1.72 2.17 4.13 -6.70 0.52 33.03 -2.99
Car 0.00 1 -1.21 319.00 471.00 508.00 557.00 1.42 1.94 4.56 -6.99 1.38 24.21 -1.49
Car 0.00 3 -1.12 163.00 462.00 316.00 529.00 1.87 2.20 5.19 -16.49 1.68 38.43 -1.52
Car 0.00 2 -0.88 -131.00 476.00 132.00 564.00 1.46 1.93 4.42 -15.06 1.51 24.53 -1.43
Car 0.00 0 1.05 1578.00 511.00 1964.00 651.00 1.36 1.91 4.69 12.66 1.75 16.72 1.70
Car 0.00 0 0.04 819.00 463.00 1035.00 550.00 1.78 2.12 4.57 3.12 1.47 27.95 0.15
Car 0.00 0 -1.48 630.00 467.00 745.00 559.00 1.59 1.85 3.81 -1.83 1.38 24.39 -1.56
Car 0.00 3 1.65 730.00 453.00 815.00 521.00 1.81 2.05 5.04 -0.33 1.37 36.60 1.64
