Car 0.00 2 -0.34 1271.00 449.00 1643.00 573.00 1.81 1.91 4.82 9.66 0.60 19.55 0.12
Car 0.00 3 -3.48 1243.00 483.00 1512.00 557.00 1.40 1.94 4.54 10.91 0.96 25.07 -3.07
Car 0.00 2 1.79 664.00 440.00 807.00 555.00 2.57 2.12 6.67 -2.10 0.65 31.30 1.73
Car 0.00 3 -3.24 1146.00 475.00 1288.00 522.00 1.59 1.96 4.65 13.80 1.00 44.53 -2.94
Car 0.00 3 -0.55 1511.00 473.00 2160.00 652.00 1.52 1.73 4.53 9.23 0.80 11.82 0.12
Car 0.00 0 1.95 379.00 423.00 783.00 669.00 1.99 2.01 5.79 -2.16 0.65 13.15 1.79
Car 0.00 3 -3.54 1338.00 464.00 1763.00 588.00 1.55 1.85 4.59 9.54 0.70 16.86 -3.03
Car 0.00 3 -3.33 1174.00 474.00 1361.00 537.00 1.66 1.76 4.54 11.88 0.94 34.00 -3.00
Car 0.00 3 -3.47 1223.00 474.00 1454.00 550.00 1.65 1.77 4.49 11.49 0.92 28.36 -3.08
Car 0.00 3 -3.47 1271.00 480.00 1567.00 570.00 1.52 1.83 4.41 10.41 0.94 22.32 -3.03
