Car 0.00 3 -2.61 -132.00 430.00 224.00 536.00 1.91 2.28 5.54 -14.14 0.84 24.37 -3.14
Car 0.00 3 -0.53 1305.00 396.00 1851.00 569.00 1.68 2.01 4.57 8.26 0.45 13.55 0.02
Car 0.00 3 -0.65 1349.00 381.00 2233.00 668.00 1.67 1.85 4.41 6.37 0.52 8.42 -0.00
Car 0.00 3 3.33 418.00 437.00 568.00 483.00 1.91 2.32 6.00 -12.66 0.92 54.75 3.10
Car 0.00 3 -2.80 281.00 432.00 468.00 496.00 2.11 2.28 5.66 -14.07 0.88 43.34 -3.11
Car 0.00 3 -0.61 1195.00 418.00 1880.00 617.00 1.50 2.12 4.70 6.24 0.61 10.88 -0.08
Car 0.00 3 -2.68 70.00 435.00 315.00 514.00 1.91 2.23 5.26 -15.20 0.92 32.50 -3.11
Car 0.00 3 -2.72 146.00 434.00 371.00 509.00 2.00 2.27 5.33 -14.65 0.92 35.26 -3.11
Car 0.00 3 -2.78 245.00 432.00 434.00 500.00 2.09 2.24 5.25 -14.33 0.88 40.70 -3.11
Car 0.00 2 0.22 389.00 401.00 585.00 476.00 3.62 2.77 9.16 -14.88 0.05 63.22 -0.01
Car 0.00 3 -2.50 -423.00 419.00 78.00 562.00 1.96 2.31 5.67 -13.99 0.74 18.72 -3.14
Car 0.00 3 -2.91 422.00 446.00 548.00 489.00 1.66 2.05 4.66 -12.30 1.19 51.68 -3.14
Car 0.00 3 3.36 365.00 450.00 497.00 491.00 1.54 1.96 4.64 -13.82 1.26 49.24 3.09
Car 0.00 3 -2.67 51.00 439.00 316.00 521.00 1.83 2.23 5.16 -14.11 0.95 29.78 -3.11
Car 0.00 3 -2.54 -288.00 426.00 117.00 549.00 1.98 2.18 5.47 -14.86 0.82 21.78 -3.14
Car 0.00 3 0.13 542.00 446.00 633.00 474.00 1.54 2.04 4.94 -11.39 1.26 72.61 -0.03
Car 0.00 3 -1.22 948.00 438.00 1052.00 480.00 1.48 2.20 5.04 8.04 0.77 47.21 -1.05
