Car 0.00 3 3.04 887.00 475.00 982.00 506.00 1.33 1.91 4.35 5.61 -0.07 60.50 3.13
Car 0.00 3 2.94 947.00 462.00 1165.00 550.00 1.75 2.04 4.30 5.11 0.29 27.49 3.13
Car 0.00 3 -0.41 1282.00 481.00 1472.00 542.00 1.48 1.95 4.27 15.12 0.52 34.31 0.00
Car 0.00 0 2.90 979.00 459.00 1286.00 570.00 1.72 2.23 4.75 5.37 0.37 22.09 3.13
Car 0.00 3 -0.46 1332.00 483.00 1521.00 552.00 1.57 1.84 3.80 15.23 0.63 31.77 -0.02
Car 0.00 1 -0.48 1364.00 473.00 1596.00 558.00 1.79 2.06 4.23 15.29 0.52 29.35 0.00
Car 0.00 1 -0.64 1523.00 485.00 1870.00 585.00 1.53 2.12 4.55 15.21 0.72 22.09 -0.03
Car 0.00 2 -0.05 911.00 463.00 1066.00 520.00 1.68 2.04 4.84 5.55 -0.03 41.33 0.08
Car 0.00 3 -3.22 918.00 473.00 1079.00 527.00 1.49 2.02 4.71 5.53 0.23 38.90 -3.08
Car 0.00 3 2.98 934.00 471.00 1114.00 532.00 1.50 1.96 4.56 5.59 0.25 34.53 3.14
