Car 0.00 2 -0.49 1202.00 436.00 1863.00 658.00 1.54 2.06 4.57 5.94 0.64 11.03 0.00
Car 0.00 2 -3.38 1056.00 463.00 1381.00 590.00 1.61 1.95 4.26 5.80 0.84 19.00 -3.09
Car 0.00 2 2.64 1108.00 416.00 1642.00 627.00 1.90 2.29 4.84 5.91 0.53 13.95 3.04
Car 0.00 2 2.52 1264.00 413.00 2166.00 727.00 1.55 2.12 4.33 5.44 0.58 8.18 3.11
Car 0.00 2 2.88 990.00 448.00 1299.00 577.00 1.90 2.19 4.70 5.41 0.73 21.81 3.13
Car 0.00 2 2.93 968.00 474.00 1164.00 554.00 1.61 2.02 4.17 5.62 1.04 29.77 3.12
Car 0.00 2 2.29 1543.00 398.00 2947.00 901.00 1.57 2.02 3.87 5.69 0.65 5.49 3.10
Car 0.00 1 -0.31 1020.00 461.00 1250.00 558.00 1.82 2.09 4.34 6.64 0.85 27.33 -0.08
Car 0.00 3 0.29 345.00 495.00 527.00 569.00 1.88 2.00 4.68 -11.48 1.82 37.09 -0.01
Car 0.00 2 2.77 1100.00 454.00 1454.00 597.00 1.57 2.01 3.85 5.82 0.71 16.55 3.11
Car 0.00 3 2.94 944.00 458.00 1135.00 550.00 2.25 2.37 4.79 5.90 0.94 35.15 3.11
Car 0.00 2 -2.75 304.00 503.00 482.00 576.00 1.73 1.89 4.13 -11.82 1.89 34.32 -3.08
Car 0.00 2 1.09 1416.00 433.00 1654.00 538.00 1.90 2.07 5.27 14.83 0.35 26.66 1.60
Car 0.00 2 0.99 1592.00 424.00 1966.00 548.00 1.60 2.17 5.10 14.80 0.28 19.99 1.63
Car 0.00 1 2.94 946.00 466.00 1141.00 553.00 1.92 2.24 4.50 5.53 1.01 32.36 3.11
Car 0.00 2 3.65 -89.00 521.00 108.00 587.00 1.81 2.15 4.96 -26.76 2.71 41.20 3.07
