Car 0.00 0 3.55 83.00 435.00 348.00 511.00 1.45 1.79 4.59 -11.59 0.71 25.84 3.12
Car 0.00 3 -0.70 1553.00 462.00 2217.00 657.00 1.47 1.84 4.05 9.13 0.97 10.78 0.01
Car 0.00 3 -3.70 1366.00 476.00 1834.00 617.00 1.41 1.88 4.03 8.96 1.16 14.19 -3.14
Car 0.00 3 3.46 252.00 432.00 439.00 498.00 1.67 1.89 4.36 -11.78 0.71 33.92 3.12
Car 0.00 3 3.32 481.00 420.00 595.00 465.00 2.00 2.03 4.87 -11.52 0.21 58.70 3.12
Car 0.00 0 -0.53 1283.00 460.00 1704.00 584.00 1.52 1.84 4.58 9.25 1.07 16.79 -0.03
Car 0.00 1 3.21 605.00 423.00 667.00 446.00 1.75 1.88 4.61 -11.74 -0.26 98.63 3.09
Car 0.00 1 3.82 -605.00 441.00 14.00 607.00 1.52 2.05 4.53 -10.82 0.83 12.93 3.12
Car 0.00 3 0.41 171.00 450.00 408.00 522.00 1.51 2.05 4.49 -11.07 1.04 28.35 0.03
Car 0.00 3 3.66 -217.00 414.00 192.00 574.00 2.14 2.22 4.45 -11.38 0.78 18.29 3.11
Car 0.00 3 3.74 -432.00 458.00 65.00 600.00 1.61 1.92 4.52 -11.70 1.07 15.50 3.09
Car 0.00 3 0.29 287.00 424.00 478.00 490.00 1.81 1.97 4.84 -11.51 0.55 36.24 -0.02
