Car 0.00 2 -1.71 988.00 466.00 1141.00 577.00 1.71 1.91 4.86 4.06 0.86 22.20 -1.53
Car 0.00 3 -1.67 959.00 476.00 1066.00 552.00 1.51 1.84 4.68 4.09 0.95 28.20 -1.53
Car 0.00 3 -1.65 940.00 476.00 1026.00 544.00 1.69 1.91 4.35 4.18 1.07 34.15 -1.53
Car 0.00 3 2.29 -318.00 514.00 43.00 639.00 1.60 1.95 4.48 -14.71 1.55 19.51 1.64
Car 0.00 0 -1.42 613.00 461.00 737.00 560.00 2.08 2.14 4.70 -3.41 0.91 29.17 -1.54
Car 0.00 0 -2.36 1408.00 91.00 5383.00 1865.00 1.85 1.94 4.84 3.86 0.59 3.77 -1.57
Car 0.00 0 1.78 564.00 493.00 637.00 537.00 1.75 2.08 4.83 -9.62 1.89 53.68 1.61
Car 0.00 0 -1.95 1135.00 425.00 1636.00 724.00 1.82 2.02 4.38 4.04 0.70 10.05 -1.57
Car 0.00 0 2.10 48.00 511.00 322.00 620.00 1.51 2.03 4.50 -10.48 1.49 20.91 1.64
Car 0.00 1 -1.80 1024.00 462.00 1262.00 632.00 1.79 1.79 4.82 3.81 0.88 15.99 -1.57
