Car 0.00 0 1.72 558.00 479.00 703.00 575.00 1.41 1.76 4.28 -3.20 0.88 21.28 1.57
Car 0.00 0 2.35 81.00 490.00 545.00 671.00 1.49 1.75 4.68 -5.17 1.02 13.43 1.98
Car 0.00 3 0.89 1583.00 424.00 1869.00 527.00 1.62 1.78 4.33 15.96 0.10 22.56 1.50
Car 0.00 1 2.00 -11.00 486.00 287.00 639.00 1.78 1.83 4.52 -9.27 1.14 17.37 1.51
Car 0.00 0 -2.38 1443.00 277.00 4393.00 1577.00 1.70 1.79 4.33 3.91 0.63 3.87 -1.58
Car 0.00 2 -1.67 923.00 459.00 979.00 505.00 2.00 2.03 4.95 5.73 0.57 58.23 -1.58
Car 0.00 2 -1.65 945.00 463.00 1005.00 514.00 1.77 1.80 4.46 5.52 0.68 46.91 -1.54
Car 0.00 0 -1.68 975.00 473.00 1056.00 528.00 1.41 1.72 4.36 5.20 0.81 34.98 -1.54
Car 0.00 2 -2.09 1387.00 432.00 1628.00 536.00 1.64 1.77 4.48 12.07 0.25 22.61 -1.60
Car 0.00 0 -1.73 1028.00 455.00 1172.00 565.00 1.76 1.78 4.42 4.81 0.67 22.63 -1.52
Car 0.00 2 1.66 653.00 469.00 737.00 537.00 1.62 1.75 4.27 -3.36 0.82 32.57 1.55
