Car 0.00 3 0.38 264.00 450.00 388.00 495.00 1.94 2.18 4.65 -22.40 0.11 56.16 0.00
Car 0.00 3 2.62 1414.00 467.00 1521.00 502.00 1.88 2.15 4.79 35.29 0.80 69.08 3.09
Car 0.00 0 -1.99 1371.00 485.00 1539.00 554.00 1.43 1.76 4.51 14.39 1.09 28.97 -1.53
Car 0.00 3 0.48 102.00 450.00 261.00 504.00 1.84 1.91 4.72 -23.19 0.25 45.17 0.01
Car 0.00 0 -2.22 875.00 464.00 1083.00 553.00 1.76 2.02 4.79 3.23 0.78 27.52 -2.10
Car 0.00 3 2.88 996.00 469.00 1131.00 517.00 1.84 2.08 4.96 9.48 0.94 50.46 3.07
Car 0.00 3 2.62 1343.00 476.00 1474.00 519.00 1.71 2.05 4.53 24.21 1.14 52.22 3.06
Car 0.00 0 2.84 1076.00 463.00 1288.00 540.00 1.96 1.99 5.10 9.50 0.83 33.77 3.11
Car 0.00 0 1.02 1477.00 473.00 1692.00 562.00 1.84 1.94 4.85 17.19 1.02 28.75 1.56
Car 0.00 2 0.64 -108.00 451.00 63.00 505.00 1.74 1.86 4.62 -28.85 0.27 42.66 0.05
Car 0.00 3 0.40 185.00 450.00 327.00 495.00 1.75 2.08 4.79 -23.07 0.11 50.80 -0.03
Car 0.00 1 0.24 457.00 459.00 637.00 517.00 1.59 2.25 4.72 -8.11 0.53 36.69 0.02
Car 0.00 3 -0.29 1072.00 466.00 1253.00 535.00 1.92 1.87 4.76 9.80 0.89 36.78 -0.03
Car 0.00 0 1.09 1301.00 482.00 1404.00 529.00 1.55 1.82 3.66 18.24 1.19 43.61 1.49
Car 0.00 3 2.90 1026.00 477.00 1169.00 524.00 1.59 1.98 4.67 9.69 1.09 45.10 3.11
Car 0.00 3 2.87 1055.00 472.00 1221.00 530.00 1.75 1.89 4.74 9.76 0.96 39.46 3.11
Car 0.00 2 0.62 -180.00 450.00 21.00 509.00 1.75 1.99 4.91 -28.68 0.31 39.78 -0.00
Car 0.00 3 2.96 972.00 473.00 1077.00 506.00 1.52 2.00 4.61 9.31 0.92 59.29 3.11
