Car 0.00 1 2.83 880.00 479.00 960.00 507.00 1.50 1.66 4.31 5.43 1.36 72.98 2.91
Car 0.00 0 -2.06 1166.00 460.00 1424.00 594.00 1.61 1.64 3.96 6.38 0.75 17.59 -1.72
Car 0.00 0 -1.98 1047.00 470.00 1249.00 575.00 1.67 1.84 4.59 5.73 0.92 23.02 -1.74
Car 0.00 0 1.87 169.00 509.00 273.00 568.00 1.76 1.85 4.36 -20.12 2.23 41.82 1.42
Car 0.00 0 -1.86 779.00 485.00 839.00 517.00 1.51 1.84 4.59 -0.95 1.62 65.26 -1.87
Car 0.00 0 -2.17 1315.00 433.00 1816.00 645.00 1.64 1.87 4.57 6.84 0.59 12.34 -1.66
Car 0.00 3 2.55 1385.00 452.00 1671.00 560.00 1.84 1.91 4.45 13.45 0.68 24.19 3.05
Car 0.00 0 1.94 94.00 511.00 230.00 580.00 1.72 1.75 4.78 -18.79 2.07 35.65 1.46
Car 0.00 1 1.77 258.00 477.00 347.00 547.00 2.77 2.38 5.90 -22.70 1.79 54.53 1.38
Car 0.00 0 -1.76 829.00 476.00 893.00 521.00 1.81 1.80 4.96 1.46 1.23 54.43 -1.74
Car 0.00 0 2.00 -37.00 525.00 128.00 594.00 1.37 1.68 4.33 -18.52 2.08 29.95 1.44
Car 0.00 0 -1.64 686.00 484.00 758.00 536.00 1.54 2.00 4.29 -3.48 1.28 40.95 -1.73
Car 0.00 0 -1.83 991.00 479.00 1125.00 555.00 1.52 1.77 4.59 5.08 1.02 28.20 -1.65
Car 0.00 3 -0.56 1588.00 438.00 1827.00 517.00 1.81 1.95 4.62 22.55 0.21 32.22 0.05
Car 0.00 0 1.88 232.00 507.00 324.00 551.00 1.52 1.82 4.84 -21.07 2.22 48.30 1.47
