Car 0.00 0 -0.56 1546.00 417.00 1784.00 491.00 1.92 2.49 4.93 23.37 -0.41 35.10 0.03
Car 0.00 0 -1.28 300.00 467.00 614.00 670.00 1.66 1.82 4.13 -3.41 0.86 12.42 -1.55
Car 0.00 3 -1.58 788.00 456.00 952.00 611.00 1.86 1.96 4.59 0.57 0.82 17.43 -1.55
Car 0.00 2 1.61 582.00 495.00 633.00 539.00 1.90 2.11 4.95 -10.03 2.13 57.69 1.44
Car 0.00 3 2.62 1442.00 443.00 1614.00 497.00 1.81 2.19 4.87 24.82 0.01 44.47 3.13
Car 0.00 0 -1.59 710.00 472.00 1045.00 713.00 1.47 2.06 4.81 0.33 0.81 10.18 -1.56
Car 0.00 0 -1.47 591.00 470.00 737.00 586.00 1.88 2.15 4.80 -2.85 1.01 23.07 -1.59
Car 0.00 3 -3.52 1399.00 444.00 1519.00 486.00 1.87 1.98 4.53 29.33 -0.21 58.25 -3.05
Car 0.00 3 1.01 650.00 485.00 776.00 534.00 1.67 2.21 4.85 -4.10 1.39 44.72 0.91
Car 0.00 0 -1.74 1365.00 439.00 1862.00 766.00 1.75 2.15 4.67 5.32 0.76 9.28 -1.22
Car 0.00 0 0.76 20.00 513.00 227.00 579.00 1.76 2.28 4.92 -19.95 2.14 35.63 0.25
Car 0.00 0 1.91 303.00 503.00 473.00 578.00 1.53 2.00 5.43 -10.01 1.56 29.12 1.58
