Car 0.00 3 -3.53 1236.00 480.00 1560.00 597.00 1.86 1.99 4.51 9.45 1.11 21.04 -3.10
Car 0.00 2 0.66 -355.00 490.00 128.00 628.00 1.56 2.05 4.38 -11.33 1.03 15.35 0.02
Car 0.00 3 3.55 83.00 481.00 386.00 582.00 1.82 1.91 4.78 -11.02 1.14 23.59 3.11
Car 0.00 3 -0.27 1090.00 471.00 1251.00 544.00 2.00 1.98 3.95 9.58 1.04 35.15 -0.00
Car 0.00 3 0.39 345.00 487.00 526.00 554.00 1.81 2.11 4.34 -10.87 1.39 35.04 0.09
Car 0.00 3 2.85 1107.00 499.00 1305.00 565.00 1.65 1.93 4.52 9.72 1.58 32.35 3.14
Car 0.00 3 0.50 5.00 486.00 325.00 591.00 1.67 1.77 4.38 -10.89 1.10 20.83 0.02
Car 0.00 3 0.56 -137.00 492.00 272.00 609.00 1.58 2.15 4.62 -10.83 1.12 18.16 0.02
Car 0.00 3 0.37 402.00 490.00 548.00 548.00 1.68 1.81 3.82 -10.53 1.45 37.68 0.09
Car 0.00 3 0.42 201.00 474.00 484.00 572.00 2.00 2.15 5.17 -10.19 1.10 26.64 0.06
