Car 0.00 1 -1.12 70.00 483.00 282.00 562.00 1.32 1.95 4.60 -11.97 1.62 25.16 -1.56
Car 0.00 3 -2.79 315.00 448.00 499.00 516.00 1.72 2.17 4.13 -9.96 1.14 33.32 -3.08
Car 0.00 0 -1.21 196.00 470.00 386.00 553.00 1.42 1.94 4.56 -9.51 1.36 24.66 -1.58
Car 0.00 3 -1.13 33.00 462.00 192.00 530.00 1.87 2.20 5.19 -20.15 1.69 38.07 -1.62
Car 0.00 1 -0.91 -267.00 478.00 7.00 566.00 1.46 1.93 4.42 -17.44 1.53 24.35 -1.53
Car 0.00 0 1.09 1377.00 488.00 1676.00 602.00 1.36 1.91 4.69 10.90 1.51 19.08 1.61
Car 0.00 0 0.97 1588.00 498.00 1899.00 620.00 1.49 1.76 3.96 14.11 1.72 18.96 1.61
Car 0.00 0 0.05 701.00 464.00 904.00 545.00 1.78 2.12 4.57 0.41 1.51 29.45 0.06
Car 0.00 0 -1.48 512.00 468.00 624.00 557.00 1.59 1.85 3.81 -4.28 1.42 25.24 -1.65
Car 0.00 3 1.65 606.00 468.00 690.00 535.00 1.81 2.05 5.04 -4.04 1.81 37.45 1.54
