Car 0.00 3 2.67 1240.00 463.00 1428.00 526.00 1.50 1.66 4.31 13.46 0.64 33.35 3.05
Car 0.00 0 -1.77 929.00 465.00 1018.00 527.00 1.72 1.70 4.77 4.37 0.77 37.98 -1.66
Car 0.00 0 2.03 11.00 498.00 195.00 585.00 1.86 1.84 5.02 -17.68 1.68 30.93 1.51
Car 0.00 0 -1.55 652.00 474.00 694.00 507.00 1.74 2.19 4.52 -8.57 1.17 70.28 -1.68
Car 0.00 3 -0.35 1035.00 478.00 1166.00 527.00 1.89 1.92 5.06 11.65 1.36 53.52 -0.13
Car 0.00 0 -1.94 1021.00 473.00 1186.00 554.00 1.51 1.84 4.59 5.76 0.88 26.69 -1.73
Car 0.00 0 2.16 -177.00 518.00 76.00 611.00 1.50 1.74 4.73 -17.28 1.79 25.01 1.56
Car 0.00 0 -1.85 972.00 467.00 1094.00 540.00 1.70 1.78 4.85 5.24 0.84 32.47 -1.69
Car 0.00 0 2.09 130.00 501.00 268.00 557.00 1.45 1.72 4.18 -18.21 1.68 36.57 1.62
Car 0.00 0 1.89 259.00 491.00 347.00 540.00 1.73 1.80 4.56 -20.31 1.72 48.81 1.49
Car 0.00 0 -1.98 1205.00 436.00 1533.00 614.00 1.81 1.80 4.96 6.44 0.60 15.63 -1.59
Car 0.00 2 2.73 1116.00 459.00 1272.00 522.00 1.93 1.80 4.58 12.17 0.68 41.59 3.02
Car 0.00 0 -1.59 707.00 476.00 783.00 535.00 1.54 2.00 4.29 -2.39 1.00 36.15 -1.65
Car 0.00 0 -1.64 781.00 468.00 838.00 518.00 1.84 1.95 4.70 -0.74 0.91 50.35 -1.66
Car 0.00 3 2.52 1419.00 452.00 1590.00 510.00 1.77 1.83 4.75 22.35 0.36 41.39 3.02
