Car 0.00 3 -0.33 1042.00 403.00 1519.00 592.00 1.84 1.91 4.34 5.07 0.59 13.46 0.03
Car 0.00 3 -2.66 -9.00 419.00 420.00 554.00 1.64 1.96 4.75 -7.49 0.60 16.59 -3.08
Car 0.00 3 -0.23 969.00 437.00 1221.00 521.00 1.52 1.97 4.37 5.82 0.77 24.24 0.01
Car 0.00 3 2.91 934.00 446.00 1179.00 520.00 1.51 1.92 4.81 5.70 0.95 27.02 3.11
Car 0.00 3 -3.63 1052.00 404.00 2000.00 744.00 1.84 1.97 4.79 4.26 0.76 7.93 -3.14
Car 0.00 1 0.77 -878.00 397.00 162.00 709.00 1.74 2.02 5.10 -7.12 0.65 8.26 0.06
Car 0.00 0 -0.11 856.00 423.00 985.00 477.00 2.29 2.00 5.43 5.84 0.52 55.52 -0.00
Car 0.00 0 -1.54 765.00 410.00 904.00 533.00 1.83 2.08 4.06 0.86 0.52 20.92 -1.49
Car 0.00 3 -2.49 -518.00 380.00 152.00 614.00 1.82 1.82 4.37 -8.12 0.48 10.88 -3.13
Car 0.00 3 -0.31 1035.00 409.00 1427.00 563.00 1.83 1.90 4.35 5.54 0.59 16.17 0.02
Car 0.00 0 -0.72 1160.00 262.00 3089.00 930.00 2.13 2.11 5.57 4.62 0.51 5.16 0.01
Car 0.00 3 -0.41 1115.00 407.00 1730.00 641.00 1.78 2.61 4.09 5.24 0.67 11.08 0.03
