Car 0.00 3 -0.38 1086.00 391.00 1655.00 612.00 1.84 1.91 4.34 5.14 0.54 11.62 0.03
Car 0.00 3 -2.61 -119.00 419.00 375.00 572.00 1.64 1.96 4.75 -7.50 0.63 14.70 -3.08
Car 0.00 3 -0.25 983.00 435.00 1258.00 526.00 1.52 1.97 4.37 5.81 0.74 22.40 0.01
Car 0.00 3 2.89 944.00 445.00 1209.00 525.00 1.51 1.92 4.81 5.69 0.91 25.19 3.11
Car 0.00 2 -3.75 1126.00 386.00 2438.00 843.00 1.84 1.97 4.79 4.30 0.73 6.12 -3.14
Car 0.00 1 -0.11 857.00 419.00 990.00 475.00 2.29 2.00 5.43 5.75 0.39 53.68 -0.01
Car 0.00 0 -1.70 773.00 413.00 912.00 520.00 1.83 2.08 4.06 0.95 0.52 23.77 -1.66
Car 0.00 3 -2.39 -819.00 375.00 31.00 662.00 1.82 1.82 4.37 -8.13 0.52 9.02 -3.13
Car 0.00 3 -0.35 1067.00 403.00 1517.00 577.00 1.83 1.90 4.35 5.56 0.56 14.34 0.02
Car 0.00 0 -0.95 1337.00 160.00 5043.00 1375.00 2.13 2.11 5.57 4.70 0.58 3.31 0.01
Car 0.00 3 -0.49 1171.00 403.00 1948.00 690.00 1.78 2.61 4.09 5.23 0.69 9.24 0.03
