Car 0.00 3 0.33 295.00 480.00 508.00 558.00 1.64 1.70 4.59 -10.34 1.17 30.70 0.00
Car 0.00 3 -0.56 1564.00 402.00 1836.00 504.00 2.15 2.15 4.86 20.76 -0.38 29.97 0.04
Car 0.00 3 -0.20 1003.00 462.00 1169.00 524.00 1.58 1.75 4.42 7.53 0.67 36.63 0.00
Car 0.00 3 -3.36 1052.00 430.00 1352.00 549.00 1.90 1.94 4.91 6.78 0.36 23.12 -3.08
Car 0.00 0 -2.68 216.00 478.00 460.00 564.00 1.69 1.97 4.63 -10.82 1.11 27.93 -3.05
Car 0.00 2 2.35 1453.00 353.00 2698.00 789.00 1.74 1.89 4.65 6.11 0.45 6.56 3.10
Car 0.00 3 0.33 352.00 472.00 541.00 551.00 1.90 1.87 4.41 -10.15 1.09 33.65 0.04
Car 0.00 1 -3.50 1134.00 440.00 1583.00 585.00 1.51 1.69 4.79 6.44 0.51 15.56 -3.11
Car 0.00 3 -2.09 1557.00 424.00 1687.00 475.00 1.81 2.17 4.78 31.58 -0.76 49.93 -1.53
Car 0.00 0 -1.58 832.00 471.00 875.00 508.00 1.72 2.08 4.76 1.40 0.99 64.88 -1.56
Car 0.00 1 2.61 1295.00 427.00 1822.00 623.00 1.60 1.69 4.09 6.96 0.50 12.20 3.13
Car 0.00 3 2.87 1021.00 458.00 1255.00 539.00 1.58 1.89 4.80 7.02 0.63 28.59 3.11
Car 0.00 3 3.77 -211.00 499.00 1.00 575.00 1.84 1.79 4.47 -25.67 1.83 34.63 3.13
Car 0.00 3 -3.43 1093.00 422.00 1422.00 555.00 1.88 1.83 4.64 6.86 0.30 20.32 -3.10
Car 0.00 3 -0.34 1113.00 448.00 1504.00 574.00 1.51 1.77 4.84 6.74 0.57 17.90 0.02
Car 0.00 0 1.60 767.00 469.00 802.00 508.00 1.89 1.63 2.96 -2.15 0.93 64.07 1.57
