Car 0.00 0 1.93 462.00 464.00 753.00 634.00 1.69 1.85 4.62 -2.39 0.82 15.04 1.77
Car 0.00 0 -0.52 1537.00 482.00 2122.00 652.00 1.57 1.67 4.53 10.17 0.93 13.04 0.15
Car 0.00 2 -0.29 1286.00 467.00 1604.00 573.00 1.68 1.73 4.55 10.42 0.81 21.42 0.16
Car 0.00 3 -0.22 1253.00 463.00 1492.00 548.00 1.86 1.83 4.83 12.61 0.80 29.25 0.18
Car 0.00 3 -0.25 1265.00 457.00 1592.00 565.00 1.89 1.94 5.23 11.19 0.73 23.68 0.20
Car 0.00 3 -0.32 1429.00 487.00 1535.00 518.00 1.46 1.76 4.25 32.27 1.59 61.78 0.17
Car 0.00 1 1.69 905.00 475.00 947.00 507.00 2.00 2.06 5.71 6.57 1.35 82.36 1.77
Car 0.00 3 -3.28 1157.00 480.00 1253.00 510.00 1.38 1.79 4.33 18.61 1.23 61.74 -2.99
Car 0.00 3 -3.32 1267.00 475.00 1473.00 542.00 1.59 1.74 4.56 13.71 0.94 31.87 -2.91
Car 0.00 3 -3.29 1179.00 472.00 1321.00 520.00 1.72 1.89 4.92 16.17 0.97 48.04 -2.97
Car 0.00 3 -3.33 1207.00 474.00 1364.00 530.00 1.79 1.88 4.77 15.65 1.08 42.94 -2.98
Car 0.00 1 -0.41 1395.00 450.00 1865.00 609.00 1.80 1.96 4.59 9.91 0.69 15.84 0.15
Car 0.00 3 -0.05 1177.00 474.00 1293.00 519.00 1.84 1.81 4.59 17.33 1.12 53.40 0.26
