Car 0.00 3 3.03 877.00 478.00 976.00 510.00 1.33 1.91 4.35 5.08 0.10 58.74 3.12
Car 0.00 3 2.93 943.00 464.00 1177.00 558.00 1.75 2.04 4.30 4.86 0.36 25.73 3.12
Car 0.00 3 -0.43 1293.00 485.00 1494.00 548.00 1.48 1.95 4.27 14.80 0.62 32.63 -0.01
Car 0.00 0 2.88 979.00 461.00 1314.00 581.00 1.72 2.23 4.75 5.16 0.43 20.33 3.13
Car 0.00 3 -0.48 1348.00 486.00 1548.00 558.00 1.57 1.84 3.80 14.94 0.70 30.09 -0.02
Car 0.00 1 -0.50 1384.00 475.00 1631.00 565.00 1.79 2.06 4.23 15.01 0.58 27.67 -0.01
Car 0.00 0 -0.67 1566.00 488.00 1946.00 596.00 1.53 2.12 4.55 15.00 0.77 20.41 -0.04
Car 0.00 2 -0.06 904.00 467.00 1065.00 525.00 1.68 2.04 4.84 5.17 0.12 39.57 0.07
Car 0.00 3 -3.23 911.00 478.00 1079.00 533.00 1.49 2.02 4.71 5.17 0.39 37.14 -3.09
Car 0.00 3 2.97 928.00 474.00 1118.00 538.00 1.50 1.96 4.56 5.27 0.35 32.77 3.13
Car 0.00 3 -3.44 1232.00 483.00 1387.00 535.00 1.50 2.02 4.11 15.41 0.52 39.74 -3.07
