Car 0.00 3 -0.29 984.00 405.00 1401.00 573.00 1.84 1.91 4.34 4.67 0.57 15.03 0.01
Car 0.00 3 -2.69 19.00 416.00 416.00 540.00 1.64 1.96 4.75 -7.92 0.54 17.90 -3.10
Car 0.00 0 -0.86 1403.00 449.00 3800.00 1152.00 1.53 1.83 4.45 4.51 0.82 3.76 0.01
Car 0.00 3 -0.19 926.00 433.00 1160.00 512.00 1.52 1.97 4.37 5.15 0.69 25.79 0.00
Car 0.00 3 2.92 896.00 437.00 1126.00 507.00 1.51 1.92 4.81 5.01 0.75 28.61 3.09
Car 0.00 3 2.72 980.00 399.00 1737.00 676.00 1.84 1.97 4.79 4.01 0.68 9.48 3.12
Car 0.00 1 0.68 -668.00 394.00 213.00 655.00 1.74 2.02 5.10 -7.37 0.59 9.59 0.02
Car 0.00 0 -0.12 822.00 420.00 947.00 472.00 2.29 2.00 5.43 4.38 0.35 57.08 -0.04
Car 0.00 0 -1.39 578.00 389.00 831.00 581.00 1.83 2.08 4.06 -0.73 0.45 14.16 -1.44
Car 0.00 3 3.74 -407.00 385.00 185.00 592.00 1.82 1.82 4.37 -8.42 0.45 12.15 3.13
Car 0.00 3 -0.28 981.00 404.00 1330.00 544.00 1.83 1.90 4.35 5.05 0.48 17.75 -0.01
Car 0.00 0 -0.59 1048.00 298.00 2386.00 779.00 2.13 2.11 5.57 4.40 0.46 6.71 -0.01
