Car 0.00 0 1.77 478.00 475.00 571.00 555.00 2.20 1.93 3.92 -8.94 1.31 37.38 1.53
Car 0.00 2 -1.66 932.00 469.00 982.00 512.00 1.93 1.97 4.08 6.16 0.98 59.45 -1.55
Car 0.00 0 -1.74 1000.00 478.00 1099.00 543.00 1.59 1.83 4.69 5.97 1.06 34.11 -1.56
Car 0.00 0 1.66 672.00 487.00 750.00 545.00 1.47 1.69 4.23 -3.11 1.23 34.43 1.57
Car 0.00 2 1.74 523.00 468.00 609.00 546.00 2.44 2.06 4.39 -8.69 1.23 42.07 1.53
Car 0.00 0 -1.88 1117.00 458.00 1380.00 624.00 1.88 1.92 4.80 5.47 0.87 17.01 -1.56
Car 0.00 2 -1.64 903.00 474.00 937.00 505.00 1.81 1.77 4.03 5.79 1.20 77.83 -1.56
Car 0.00 0 1.94 283.00 483.00 486.00 600.00 2.00 1.97 5.18 -8.46 1.30 24.54 1.61
Car 0.00 0 -2.03 1251.00 445.00 1752.00 722.00 1.83 1.82 4.53 5.35 0.81 10.77 -1.56
Car 0.00 1 -1.71 971.00 468.00 1040.00 534.00 1.96 1.63 3.87 5.67 0.97 40.07 -1.56
Car 0.00 1 -1.80 1064.00 470.00 1216.00 576.00 1.69 1.69 4.14 5.55 0.91 22.68 -1.56
Car 0.00 0 -2.44 1539.00 285.00 3983.00 1237.00 1.86 1.99 4.93 5.37 0.62 5.01 -1.62
