Car 0.00 2 -0.46 1320.00 450.00 1793.00 612.00 1.86 1.83 4.83 8.98 0.72 15.75 0.06
Car 0.00 2 -0.62 1476.00 428.00 2343.00 695.00 1.89 1.94 5.23 8.45 0.67 10.24 0.07
Car 0.00 3 -0.41 1369.00 492.00 1496.00 530.00 1.46 1.76 4.25 24.39 1.63 50.51 0.04
Car 0.00 1 1.70 733.00 475.00 785.00 514.00 2.00 2.06 5.71 -3.59 1.30 67.67 1.64
Car 0.00 3 -3.33 1050.00 483.00 1171.00 521.00 1.38 1.79 4.33 11.02 1.24 48.79 -3.11
Car 0.00 3 -3.53 1317.00 479.00 1694.00 596.00 1.59 1.74 4.56 9.84 0.95 18.47 -3.04
Car 0.00 3 -3.38 1095.00 471.00 1292.00 537.00 1.72 1.89 4.92 10.12 0.94 34.83 -3.09
Car 0.00 1 -3.44 1157.00 473.00 1386.00 554.00 1.79 1.88 4.77 10.45 1.01 29.69 -3.10
Car 0.00 3 -0.13 1087.00 475.00 1241.00 535.00 1.84 1.81 4.59 10.83 1.10 40.46 0.13
Car 0.00 3 -0.19 1051.00 475.00 1174.00 521.00 1.82 1.66 4.67 11.62 1.13 51.12 0.03
Car 0.00 3 -0.22 1075.00 478.00 1222.00 530.00 1.72 1.81 4.64 11.06 1.15 43.26 0.03
