Car 0.00 2 -0.34 1274.00 445.00 1647.00 569.00 1.81 1.91 4.82 9.69 0.55 19.52 0.12
Car 0.00 3 -3.48 1246.00 483.00 1515.00 556.00 1.40 1.94 4.54 10.95 0.96 25.03 -3.07
Car 0.00 3 1.79 669.00 460.00 812.00 575.00 2.57 2.12 6.67 -1.99 1.09 31.36 1.73
Car 0.00 3 -3.24 1150.00 475.00 1293.00 522.00 1.59 1.96 4.65 13.94 0.99 44.47 -2.94
Car 0.00 3 -0.55 1515.00 473.00 2166.00 652.00 1.52 1.73 4.53 9.24 0.79 11.79 0.12
Car 0.00 0 1.89 498.00 433.00 817.00 639.00 1.99 2.01 5.79 -1.70 0.67 15.11 1.77
Car 0.00 3 -3.54 1338.00 463.00 1762.00 587.00 1.55 1.85 4.59 9.55 0.70 16.91 -3.02
Car 0.00 3 -3.33 1175.00 474.00 1362.00 537.00 1.66 1.76 4.54 11.88 0.94 33.92 -2.99
Car 0.00 3 -3.47 1227.00 474.00 1458.00 549.00 1.65 1.77 4.49 11.58 0.92 28.34 -3.08
Car 0.00 3 -3.47 1272.00 479.00 1569.00 570.00 1.52 1.83 4.41 10.43 0.94 22.29 -3.03
