Car 0.00 2 1.79 443.00 483.00 561.00 548.00 1.40 1.78 4.25 -7.53 1.01 29.49 1.54
Car 0.00 0 2.10 -154.00 430.00 328.00 649.00 2.00 2.06 5.71 -8.01 0.68 14.49 1.59
Car 0.00 3 -0.39 1176.00 489.00 1483.00 582.00 1.44 1.80 4.42 8.32 1.07 21.00 -0.01
Car 0.00 3 -0.50 1449.00 491.00 1638.00 554.00 1.76 1.80 4.54 21.11 1.53 37.01 0.02
Car 0.00 3 -0.56 1566.00 504.00 1784.00 566.00 1.44 1.79 4.26 21.39 1.63 31.69 0.03
Car 0.00 0 1.78 483.00 470.00 677.00 600.00 1.65 1.83 4.65 -3.46 0.86 18.44 1.59
Car 0.00 3 -3.34 1060.00 488.00 1244.00 547.00 1.41 1.72 4.25 8.23 1.18 31.94 -3.09
Car 0.00 3 -3.39 1116.00 486.00 1319.00 553.00 1.46 1.69 4.26 9.11 1.14 29.45 -3.09
Car 0.00 3 -3.31 1001.00 481.00 1129.00 526.00 1.66 1.91 4.61 9.18 1.28 48.57 -3.12
Car 0.00 3 2.84 1044.00 487.00 1215.00 541.00 1.43 1.90 4.25 8.41 1.21 34.97 3.08
Car 0.00 1 -0.40 1219.00 460.00 1614.00 594.00 1.78 1.82 4.85 8.42 0.79 18.21 0.03
