Car 0.00 2 0.25 257.00 464.00 657.00 616.00 1.68 2.09 4.37 -4.31 0.56 15.78 -0.01
Car 0.00 0 0.63 -947.00 449.00 371.00 841.00 1.52 2.00 4.56 -4.79 0.63 6.14 -0.03
Car 0.00 2 -3.52 1091.00 484.00 1653.00 667.00 1.53 1.89 4.52 5.10 0.73 12.12 -3.13
Car 0.00 1 -3.61 1170.00 489.00 1929.00 718.00 1.49 1.90 4.71 5.35 0.77 9.79 -3.11
Car 0.00 3 0.16 468.00 480.00 703.00 560.00 1.46 2.06 4.33 -4.54 0.54 25.46 -0.01
Car 0.00 2 0.48 -330.00 447.00 508.00 736.00 1.66 1.82 4.58 -4.61 0.60 8.57 -0.01
Car 0.00 3 0.17 424.00 477.00 701.00 569.00 1.51 1.93 4.63 -4.49 0.54 22.99 -0.02
Car 0.00 3 0.22 342.00 465.00 671.00 596.00 1.70 1.93 4.25 -4.34 0.53 18.25 -0.01
Car 0.00 0 -3.06 1541.00 430.00 1682.00 474.00 1.81 2.15 5.10 35.04 -1.74 55.85 -2.50
Car 0.00 3 0.35 -44.00 472.00 582.00 678.00 1.54 1.87 4.55 -4.45 0.65 10.88 -0.04
