Car 0.00 3 3.02 906.00 507.00 1019.00 541.00 1.33 1.91 4.35 5.94 1.33 51.80 3.14
Car 0.00 3 -0.26 1148.00 502.00 1264.00 545.00 1.70 1.85 4.22 15.90 1.30 51.80 0.03
Car 0.00 3 2.87 1008.00 503.00 1337.00 630.00 1.75 2.04 4.30 5.16 1.06 18.80 3.14
Car 0.00 3 -0.53 1441.00 513.00 1711.00 592.00 1.48 1.95 4.27 15.22 1.19 25.53 0.01
Car 0.00 0 -3.52 1076.00 502.00 1614.00 683.00 1.72 2.23 4.75 5.36 0.99 13.40 -3.14
Car 0.00 3 -0.59 1527.00 508.00 1805.00 601.00 1.57 1.84 3.80 15.32 1.11 22.98 -0.01
Car 0.00 3 -0.63 1591.00 494.00 1949.00 612.00 1.79 2.06 4.23 15.34 0.96 20.57 0.01
Car 0.00 2 -3.46 1054.00 484.00 1436.00 630.00 1.70 1.92 4.19 5.29 0.79 16.05 -3.14
Car 0.00 1 -0.08 943.00 498.00 1140.00 568.00 1.68 2.04 4.84 5.71 1.04 32.64 0.09
Car 0.00 3 -3.25 953.00 512.00 1163.00 579.00 1.49 2.02 4.71 5.67 1.26 30.21 -3.07
Car 0.00 0 1.52 615.00 496.00 665.00 538.00 1.65 1.83 4.36 -7.29 1.03 52.11 1.38
Car 0.00 3 -3.35 977.00 511.00 1222.00 590.00 1.50 1.96 4.56 5.69 1.18 25.83 -3.14
Car 0.00 3 -3.51 1340.00 507.00 1538.00 569.00 1.50 2.02 4.11 15.96 1.17 32.62 -3.05
Car 0.00 3 -0.23 1176.00 501.00 1294.00 543.00 1.49 1.85 3.84 15.47 1.13 46.94 0.09
