Car 0.00 0 2.40 894.00 498.00 1244.00 625.00 1.43 1.89 4.46 3.27 1.12 16.66 2.59
Car 0.00 2 2.81 421.00 488.00 600.00 558.00 1.82 2.05 4.44 -8.82 1.43 35.10 2.56
Car 0.00 3 -0.79 948.00 509.00 1081.00 564.00 1.47 1.73 3.78 5.62 1.94 37.33 -0.64
Car 0.00 3 2.48 793.00 501.00 1115.00 615.00 1.48 1.85 4.71 1.99 1.24 19.05 2.58
Car 0.00 3 2.94 335.00 498.00 471.00 540.00 1.45 1.82 4.50 -15.74 1.79 46.57 2.62
Car 0.00 3 -0.79 1005.00 501.00 1155.00 562.00 1.56 1.71 4.09 7.13 1.69 35.13 -0.59
Car 0.00 3 2.87 399.00 491.00 564.00 552.00 1.68 1.95 4.35 -10.22 1.48 37.21 2.60
Car 0.00 2 3.03 188.00 498.00 262.00 522.00 1.58 1.81 4.40 -41.57 2.73 86.60 2.58
Car 0.00 2 -0.93 1219.00 499.00 1414.00 584.00 1.74 1.87 4.34 11.18 1.57 28.52 -0.55
Car 0.00 0 -1.09 1449.00 504.00 1704.00 607.00 1.70 2.14 4.85 14.28 1.53 23.80 -0.55
Car 0.00 1 2.59 660.00 503.00 916.00 592.00 1.47 1.93 4.51 -0.69 1.40 23.75 2.56
Car 0.00 2 -1.00 1336.00 501.00 1542.00 593.00 1.72 1.81 4.24 12.79 1.54 26.11 -0.54
Car 0.00 1 2.72 558.00 484.00 807.00 581.00 1.80 1.95 4.67 -2.93 1.21 25.67 2.60
Car 0.00 3 2.67 486.00 492.00 676.00 565.00 1.59 1.71 4.13 -5.85 1.35 30.04 2.48
Car 0.00 3 2.87 340.00 500.00 471.00 545.00 1.44 1.68 4.08 -14.80 1.82 44.10 2.55
Car 0.00 2 -0.23 278.00 485.00 424.00 536.00 1.98 2.08 5.24 -19.46 1.62 51.33 -0.59
Car 0.00 3 2.88 316.00 498.00 437.00 543.00 1.64 1.80 4.09 -17.55 1.93 48.90 2.53
Car 0.00 3 -0.87 1163.00 504.00 1320.00 579.00 1.68 1.58 3.81 10.27 1.72 30.92 -0.55
Car 0.00 3 2.84 356.00 499.00 497.00 550.00 1.57 1.80 4.11 -13.27 1.77 41.67 2.53
Car 0.00 3 -0.65 865.00 503.00 1002.00 555.00 1.51 1.77 4.02 3.40 1.83 39.53 -0.56
