Car 0.00 3 3.05 886.00 488.00 962.00 512.00 1.33 1.91 4.35 6.45 0.52 75.84 3.14
Car 0.00 1 2.75 1071.00 485.00 1611.00 650.00 1.53 2.12 4.93 5.46 0.76 13.73 3.13
Car 0.00 3 3.01 915.00 479.00 1052.00 535.00 1.75 2.04 4.30 5.61 0.49 42.84 3.14
Car 0.00 0 -3.29 929.00 477.00 1103.00 541.00 1.72 2.23 4.75 5.83 0.50 37.44 -3.14
Car 0.00 2 -0.33 1196.00 484.00 1338.00 540.00 1.79 2.06 4.23 15.82 0.70 44.59 0.01
Car 0.00 3 -0.42 1257.00 493.00 1443.00 551.00 1.53 2.12 4.55 15.67 0.87 37.33 -0.02
Car 0.00 1 -3.69 1182.00 488.00 2111.00 761.00 1.50 2.20 4.90 5.30 0.80 8.71 -3.14
Car 0.00 3 -3.18 904.00 483.00 1018.00 521.00 1.49 2.02 4.71 6.16 0.42 54.25 -3.07
Car 0.00 1 -4.02 1554.00 451.00 4038.00 1192.00 1.62 2.08 4.51 5.27 0.76 4.08 -3.10
Car 0.00 3 -3.26 913.00 485.00 1036.00 527.00 1.50 1.96 4.56 6.17 0.54 49.87 -3.13
