Car 0.00 1 1.84 224.00 488.00 457.00 627.00 1.71 1.96 4.47 -6.75 1.15 17.94 1.48
Car 0.00 3 0.34 1206.00 489.00 1346.00 532.00 1.55 2.09 4.46 16.77 1.51 46.86 0.69
Car 0.00 2 -1.67 886.00 475.00 951.00 527.00 2.20 2.42 4.81 4.04 1.39 55.77 -1.59
Car 0.00 0 2.02 -442.00 492.00 253.00 801.00 1.64 2.06 4.77 -6.09 1.01 9.22 1.44
Car 0.00 3 -2.10 869.00 490.00 1073.00 580.00 1.66 1.92 4.92 2.82 1.27 25.78 -1.99
Car 0.00 1 -1.68 731.00 485.00 833.00 568.00 1.69 1.79 4.17 -1.07 1.22 27.87 -1.72
Car 0.00 3 -1.59 833.00 481.00 888.00 535.00 1.92 1.96 4.46 1.24 1.42 47.26 -1.57
Car 0.00 0 -1.73 786.00 491.00 1017.00 643.00 1.48 1.96 4.37 0.69 1.02 14.70 -1.69
Car 0.00 2 1.69 507.00 505.00 593.00 562.00 1.54 1.91 4.98 -8.17 1.85 37.43 1.48
Car 0.00 2 1.71 404.00 503.00 611.00 640.00 1.52 1.97 4.31 -3.98 1.20 16.32 1.48
