Car 0.00 3 -2.65 84.00 463.00 363.00 585.00 2.00 1.90 4.27 -11.26 0.99 23.59 -3.10
Car 0.00 1 -0.09 959.00 468.00 1075.00 511.00 1.59 1.89 4.79 8.23 0.85 54.55 0.06
Car 0.00 1 -0.51 1305.00 401.00 1902.00 628.00 1.72 2.09 4.12 6.92 0.40 11.59 0.03
Car 0.00 2 0.70 -528.00 471.00 118.00 700.00 2.00 2.10 5.09 -10.67 1.15 13.27 0.02
Car 0.00 3 -0.44 1228.00 407.00 1722.00 596.00 1.75 1.98 4.37 7.00 0.35 13.93 0.03
Car 0.00 3 0.37 296.00 477.00 497.00 561.00 2.10 2.10 4.89 -12.11 1.37 35.51 0.05
Car 0.00 3 -0.45 1235.00 431.00 1608.00 587.00 2.08 1.91 4.76 9.07 0.59 19.40 -0.01
Car 0.00 1 -2.46 -236.00 454.00 230.00 651.00 2.26 1.96 4.97 -10.89 1.06 16.64 -3.04
Car 0.00 3 -2.69 174.00 473.00 406.00 578.00 2.00 1.94 4.06 -11.43 1.17 26.87 -3.10
Car 0.00 3 -2.57 -78.00 458.00 255.00 616.00 2.33 1.90 4.43 -12.28 1.10 21.04 -3.10
