Car 0.00 0 -1.30 321.00 467.00 617.00 662.00 1.66 1.82 4.13 -3.43 0.86 12.85 -1.56
Car 0.00 3 -1.58 788.00 455.00 952.00 611.00 1.86 1.96 4.59 0.57 0.81 17.43 -1.55
Car 0.00 3 1.24 598.00 490.00 694.00 542.00 1.90 2.11 4.95 -7.04 1.74 48.40 1.09
Car 0.00 3 2.62 1442.00 442.00 1615.00 496.00 1.81 2.19 4.87 24.83 -0.03 44.47 3.13
Car 0.00 0 -1.59 710.00 472.00 1045.00 713.00 1.47 2.06 4.81 0.34 0.81 10.18 -1.56
Car 0.00 0 -1.47 593.00 470.00 739.00 586.00 1.88 2.15 4.80 -2.82 1.00 23.07 -1.59
Car 0.00 3 -3.52 1399.00 444.00 1519.00 486.00 1.87 1.98 4.53 29.34 -0.22 58.24 -3.05
Car 0.00 3 0.51 817.00 476.00 990.00 533.00 1.67 2.21 4.85 2.33 1.07 38.65 0.57
Car 0.00 0 -1.74 1366.00 434.00 1863.00 762.00 1.75 2.15 4.67 5.32 0.74 9.27 -1.22
Car 0.00 0 0.89 85.00 511.00 284.00 581.00 1.76 2.28 4.92 -17.61 2.05 34.36 0.42
Car 0.00 0 2.15 -206.00 509.00 110.00 641.00 1.74 1.88 4.49 -13.35 1.52 19.53 1.55
