Car 0.00 0 2.96 914.00 432.00 1074.00 494.00 2.00 2.39 5.41 7.55 0.92 46.51 3.13
Car 0.00 2 0.44 7.00 419.00 318.00 515.00 1.43 1.89 4.51 -10.91 0.50 22.31 -0.01
Car 0.00 0 3.39 335.00 426.00 498.00 489.00 1.57 1.89 4.05 -10.43 0.55 35.82 3.11
Car 0.00 0 -2.00 1256.00 449.00 1550.00 565.00 1.49 2.22 4.83 9.31 0.96 19.63 -1.55
Car 0.00 0 3.65 -115.00 395.00 236.00 529.00 1.82 2.07 4.26 -11.32 0.37 19.95 3.13
Car 0.00 2 3.71 -277.00 411.00 163.00 545.00 1.53 1.89 4.62 -11.29 0.52 17.15 3.13
Car 0.00 0 -1.86 1061.00 455.00 1284.00 562.00 1.40 2.10 4.59 5.95 1.03 20.15 -1.57
Car 0.00 0 0.90 1564.00 477.00 1888.00 596.00 1.51 1.84 4.15 14.51 1.45 19.86 1.53
Car 0.00 1 -0.36 1159.00 435.00 1355.00 520.00 2.00 2.09 4.32 12.36 1.01 33.38 -0.00
Car 0.00 0 3.73 -454.00 407.00 67.00 562.00 1.47 1.71 4.38 -10.87 0.51 14.26 3.08
Car 0.00 3 3.37 360.00 434.00 525.00 487.00 1.38 1.94 4.45 -10.36 0.67 38.30 3.11
Car 0.00 3 0.11 442.00 429.00 568.00 478.00 1.65 2.01 4.45 -10.74 0.59 48.48 -0.10
