Car 0.00 0 1.80 412.00 421.00 534.00 492.00 1.70 2.11 4.58 -8.30 0.51 33.85 1.56
Car 0.00 2 -0.42 1146.00 403.00 1528.00 563.00 2.07 2.28 4.59 7.95 0.65 18.63 -0.02
Car 0.00 3 -0.53 1365.00 463.00 1539.00 531.00 1.83 1.94 4.16 19.83 1.74 37.74 -0.05
Car 0.00 3 -0.18 946.00 438.00 1083.00 485.00 1.50 1.89 4.58 8.21 0.86 45.78 0.00
Car 0.00 3 2.76 1122.00 431.00 1423.00 552.00 1.81 1.96 4.25 8.04 0.87 21.19 3.13
Car 0.00 0 2.05 -90.00 405.00 267.00 580.00 1.73 1.81 4.39 -8.05 0.60 15.13 1.56
Car 0.00 3 2.86 1027.00 446.00 1234.00 519.00 1.53 1.96 4.28 8.00 1.02 29.66 3.13
Car 0.00 3 -0.69 1543.00 462.00 1814.00 559.00 2.00 2.06 4.90 20.55 1.64 29.21 -0.08
Car 0.00 2 -0.35 1091.00 432.00 1378.00 548.00 1.96 2.14 4.66 8.43 0.97 24.09 -0.02
Car 0.00 0 1.95 209.00 428.00 415.00 528.00 1.54 1.77 4.61 -8.26 0.68 22.46 1.59
Car 0.00 3 2.83 1048.00 424.00 1299.00 521.00 1.82 2.10 4.67 8.18 0.73 27.01 3.13
Car 0.00 3 2.90 982.00 435.00 1163.00 501.00 1.63 1.94 4.53 7.87 0.83 35.08 3.13
Car 0.00 2 1.76 552.00 425.00 630.00 476.00 1.87 2.00 5.19 -7.68 0.53 50.05 1.61
Car 0.00 0 1.72 601.00 436.00 655.00 471.00 1.57 1.86 4.75 -7.68 0.75 61.49 1.59
