Car 0.00 3 0.12 566.00 474.00 755.00 549.00 1.68 2.09 4.37 -3.75 0.48 31.13 -0.00
Car 0.00 2 -3.56 1230.00 483.00 1882.00 706.00 1.54 2.03 4.17 5.83 0.76 10.52 -3.05
Car 0.00 1 0.18 404.00 478.00 700.00 579.00 1.52 2.00 4.56 -4.33 0.59 21.37 -0.02
Car 0.00 2 -3.56 1158.00 489.00 1646.00 660.00 1.52 1.84 4.11 5.82 0.79 12.98 -3.14
Car 0.00 3 -3.32 976.00 487.00 1204.00 565.00 1.53 1.89 4.52 5.84 0.71 27.41 -3.11
Car 0.00 2 -3.33 992.00 489.00 1255.00 574.00 1.49 1.90 4.71 5.92 0.75 24.86 -3.09
Car 0.00 3 0.10 622.00 480.00 764.00 530.00 1.46 2.06 4.33 -3.93 0.43 40.81 0.00
Car 0.00 3 0.17 458.00 472.00 721.00 570.00 1.66 1.82 4.58 -4.18 0.53 23.86 0.00
Car 0.00 0 0.01 -964.00 452.00 16.00 735.00 1.49 2.11 4.39 -8.43 0.55 8.91 -0.74
Car 0.00 1 -3.93 1531.00 473.00 2990.00 921.00 1.55 1.95 4.21 5.86 0.75 5.64 -3.13
Car 0.00 3 -0.39 1324.00 491.00 1529.00 557.00 1.62 2.15 4.47 16.36 0.84 34.15 0.06
Car 0.00 3 -0.52 1438.00 484.00 1718.00 576.00 1.77 2.40 4.46 16.10 0.78 26.99 0.02
Car 0.00 2 -3.44 1066.00 484.00 1463.00 608.00 1.52 1.89 4.82 6.08 0.71 17.63 -3.11
Car 0.00 2 -3.47 1111.00 489.00 1547.00 632.00 1.50 1.97 4.47 6.03 0.77 15.36 -3.09
Car 0.00 3 0.14 504.00 479.00 738.00 561.00 1.54 1.87 4.55 -3.96 0.57 26.28 -0.01
