Car 0.00 3 0.25 376.00 435.00 507.00 476.00 1.51 1.86 4.46 -13.00 0.67 47.71 -0.02
Car 0.00 0 2.59 1193.00 459.00 1574.00 578.00 1.64 2.01 4.75 8.73 1.14 18.71 3.03
Car 0.00 3 0.30 281.00 437.00 451.00 491.00 1.49 1.84 4.30 -12.10 0.75 36.54 -0.02
Car 0.00 1 2.46 1537.00 473.00 1841.00 567.00 2.11 2.18 5.79 21.35 1.92 30.03 3.08
Car 0.00 1 2.71 1102.00 455.00 1382.00 537.00 1.51 2.02 4.67 8.72 1.10 24.42 3.05
Car 0.00 2 -0.22 904.00 446.00 1019.00 489.00 1.72 1.85 4.37 7.12 1.20 51.66 -0.09
Car 0.00 3 3.67 -136.00 439.00 208.00 539.00 1.48 1.81 4.33 -11.71 0.78 19.92 3.13
Car 0.00 0 2.89 927.00 445.00 1068.00 498.00 1.77 1.95 4.42 7.22 1.14 43.51 3.05
Car 0.00 3 2.81 1048.00 459.00 1266.00 518.00 1.34 2.05 4.55 8.73 1.18 30.07 3.09
Car 0.00 3 3.71 -233.00 423.00 140.00 554.00 1.69 1.78 3.94 -11.35 0.68 17.40 3.13
Car 0.00 3 0.22 413.00 431.00 532.00 471.00 1.63 2.04 4.46 -13.09 0.55 52.87 -0.02
Car 0.00 3 2.94 882.00 446.00 986.00 481.00 1.58 1.77 4.40 6.70 1.17 57.63 3.05
