Car 0.00 1 2.73 1139.00 464.00 1283.00 512.00 1.50 1.66 4.31 12.94 0.60 42.34 3.03
Car 0.00 0 -1.76 889.00 472.00 959.00 522.00 1.72 1.70 4.77 3.57 0.99 46.67 -1.68
Car 0.00 3 2.52 1534.00 445.00 1741.00 512.00 1.75 2.33 4.44 23.23 0.24 36.02 3.10
Car 0.00 1 1.93 172.00 494.00 297.00 560.00 1.86 1.84 5.02 -18.38 1.72 39.16 1.49
Car 0.00 0 -1.60 645.00 479.00 683.00 508.00 1.74 2.19 4.52 -10.27 1.46 78.72 -1.73
Car 0.00 3 -0.32 984.00 481.00 1095.00 522.00 1.89 1.92 5.06 10.58 1.56 62.40 -0.15
Car 0.00 0 -1.89 956.00 475.00 1072.00 534.00 1.51 1.84 4.59 5.19 0.95 35.44 -1.75
Car 0.00 3 -0.75 -151.00 491.00 33.00 554.00 2.28 2.29 6.11 -35.39 2.05 50.37 -1.37
Car 0.00 0 2.03 71.00 511.00 229.00 578.00 1.50 1.74 4.73 -17.83 1.92 33.29 1.54
Car 0.00 1 2.01 241.00 500.00 343.00 546.00 1.45 1.72 4.18 -19.02 1.86 44.79 1.60
Car 0.00 3 -0.73 1575.00 443.00 1812.00 516.00 1.73 2.54 4.51 22.65 0.25 32.87 -0.13
Car 0.00 0 2.07 -132.00 458.00 140.00 603.00 2.77 2.38 5.90 -17.76 1.23 27.55 1.50
Car 0.00 0 -1.86 1065.00 454.00 1235.00 560.00 1.81 1.80 4.96 6.14 0.68 24.41 -1.61
Car 0.00 3 2.78 1040.00 466.00 1167.00 518.00 1.93 1.80 4.58 11.12 0.87 50.49 3.00
Car 0.00 0 -1.62 716.00 477.00 790.00 533.00 1.54 2.00 4.29 -2.30 1.04 38.24 -1.68
Car 0.00 1 -1.69 763.00 472.00 819.00 515.00 1.84 1.95 4.70 -1.67 1.05 56.59 -1.72
Car 0.00 2 2.60 1285.00 458.00 1422.00 507.00 1.77 1.83 4.75 21.12 0.50 50.27 3.00
