Car 0.00 0 -1.66 698.00 484.00 754.00 524.00 1.59 1.97 4.42 -3.96 0.52 54.98 -1.73
Car 0.00 2 3.08 232.00 489.00 427.00 573.00 1.77 1.92 4.17 -11.59 0.90 30.15 2.71
Car 0.00 0 -0.84 1576.00 422.00 2651.00 777.00 1.62 2.20 4.14 7.20 0.52 7.42 -0.07
Car 0.00 3 -0.42 1236.00 467.00 1472.00 545.00 1.53 1.96 4.38 11.92 0.31 28.27 -0.02
Car 0.00 2 -0.15 942.00 474.00 1094.00 534.00 1.60 1.97 4.23 6.03 0.36 38.18 0.00
Car 0.00 0 -1.02 497.00 482.00 659.00 559.00 1.68 1.82 4.33 -5.69 0.65 30.84 -1.21
Car 0.00 0 -0.68 1572.00 456.00 2014.00 590.00 1.43 1.99 3.95 11.95 0.37 15.71 -0.03
Car 0.00 1 2.93 959.00 479.00 1162.00 550.00 1.54 1.96 4.55 5.91 0.55 31.08 3.12
Car 0.00 3 -0.21 884.00 475.00 987.00 518.00 1.78 1.80 4.33 5.41 0.21 57.68 -0.12
Car 0.00 3 -0.52 1379.00 464.00 1712.00 565.00 1.46 1.92 4.40 12.01 0.37 21.08 0.00
Car 0.00 2 -0.70 1397.00 432.00 2097.00 691.00 1.74 2.04 4.23 7.31 0.49 10.27 -0.08
Car 0.00 2 2.80 1038.00 476.00 1321.00 571.00 1.56 1.99 4.64 6.68 0.57 23.65 3.08
Car 0.00 2 -0.46 1299.00 458.00 1561.00 549.00 1.66 2.00 4.38 12.55 0.23 26.12 -0.01
Car 0.00 3 -0.10 556.00 488.00 664.00 526.00 1.53 1.81 4.57 -9.30 0.69 57.10 -0.27
Car 0.00 3 -0.18 922.00 481.00 1049.00 530.00 1.56 1.75 4.12 5.89 0.47 44.34 -0.05
Car 0.00 3 -0.90 -300.00 491.00 135.00 640.00 1.55 1.79 4.88 -11.07 0.80 16.17 -1.50
