Car 0.00 2 -2.27 -382.00 454.00 151.00 630.00 1.58 1.80 4.72 -9.52 0.44 13.03 -2.90
Car 0.00 2 -2.60 273.00 479.00 539.00 569.00 1.50 1.70 4.36 -7.47 0.56 23.16 -2.91
Car 0.00 3 -2.55 100.00 464.00 429.00 585.00 1.59 1.95 3.96 -7.96 0.43 18.42 -2.95
Car 0.00 3 2.23 -6.00 442.00 264.00 565.00 2.10 1.91 4.93 -13.00 0.18 24.39 1.74
Car 0.00 0 1.42 1163.00 472.00 1409.00 645.00 1.58 1.81 4.48 5.00 0.61 14.08 1.76
Car 0.00 3 -2.93 631.00 483.00 848.00 568.00 1.59 1.74 4.06 -1.50 0.65 25.52 -2.99
Car 0.00 0 0.62 -190.00 467.00 563.00 710.00 1.53 1.72 4.99 -4.59 0.61 9.49 0.17
Car 0.00 1 1.42 1089.00 474.00 1211.00 565.00 1.67 1.77 4.21 6.65 0.51 25.65 1.68
Car 0.00 0 -2.88 544.00 469.00 809.00 576.00 1.76 1.84 4.38 -2.46 0.51 22.78 -2.99
Car 0.00 3 -2.73 361.00 468.00 612.00 550.00 1.58 1.69 4.78 -6.82 0.34 26.40 -2.99
