Car 0.00 3 0.65 -465.00 452.00 44.00 624.00 1.87 2.10 4.60 -12.93 0.80 15.89 -0.03
Car 0.00 3 0.21 375.00 471.00 516.00 522.00 1.64 1.70 4.59 -13.73 0.95 45.34 -0.08
Car 0.00 0 2.29 1460.00 314.00 2618.00 771.00 1.86 1.87 4.48 6.02 0.28 6.55 3.04
Car 0.00 3 -0.56 1454.00 415.00 1627.00 467.00 1.84 2.28 5.68 28.81 -1.14 50.68 -0.05
Car 0.00 3 -0.40 1220.00 424.00 1372.00 487.00 2.15 2.15 4.86 17.68 -0.53 47.40 -0.04
Car 0.00 3 -0.15 856.00 460.00 968.00 502.00 1.58 1.75 4.42 3.56 0.45 52.82 -0.08
Car 0.00 3 2.61 1168.00 422.00 1752.00 632.00 1.69 1.91 4.67 5.94 0.49 12.11 3.07
Car 0.00 2 -2.82 336.00 464.00 494.00 519.00 1.69 1.97 4.63 -13.92 0.71 42.53 -3.13
Car 0.00 3 2.81 951.00 438.00 1238.00 549.00 1.74 1.89 4.65 4.77 0.39 22.63 3.02
Car 0.00 2 2.82 1041.00 448.00 1401.00 576.00 1.55 1.83 4.43 5.42 0.56 17.63 3.12
Car 0.00 3 -0.36 1017.00 442.00 1320.00 551.00 1.51 1.88 4.30 5.45 0.40 20.29 -0.09
Car 0.00 2 2.95 900.00 451.00 1105.00 520.00 1.51 1.69 4.79 4.35 0.38 31.34 3.09
Car 0.00 2 -0.66 1308.00 362.00 2095.00 671.00 1.88 1.91 4.56 6.26 0.29 9.32 -0.07
Car 0.00 3 2.35 1571.00 419.00 1862.00 514.00 1.65 1.97 4.72 17.80 -0.08 25.15 2.97
Car 0.00 0 -1.56 719.00 457.00 767.00 498.00 1.72 2.08 4.76 -3.82 0.35 57.64 -1.63
Car 0.00 1 0.49 -66.00 471.00 252.00 573.00 1.55 1.68 4.50 -12.71 0.87 21.92 -0.03
Car 0.00 3 -0.65 1463.00 409.00 1733.00 507.00 1.94 2.08 4.81 17.11 -0.27 27.93 -0.10
Car 0.00 3 2.94 855.00 457.00 999.00 507.00 1.58 1.89 4.80 3.56 0.43 44.74 3.02
Car 0.00 3 -0.19 898.00 451.00 1090.00 515.00 1.51 1.77 4.84 4.46 0.35 33.86 -0.06
Car 0.00 3 3.66 -156.00 482.00 43.00 544.00 1.73 1.78 4.93 -28.27 1.35 40.22 3.05
