Car 0.00 1 2.33 1394.00 433.00 1687.00 544.00 1.77 1.97 4.45 12.70 0.31 22.36 2.85
Car 0.00 0 -1.96 941.00 462.00 1081.00 542.00 1.61 1.64 3.96 4.00 0.68 27.91 -1.82
Car 0.00 0 -1.92 869.00 466.00 996.00 536.00 1.67 1.84 4.59 2.72 0.80 33.44 -1.84
Car 0.00 0 -1.87 660.00 475.00 713.00 502.00 1.51 1.84 4.59 -8.36 1.11 74.58 -1.98
Car 0.00 0 -1.98 1011.00 450.00 1215.00 554.00 1.64 1.87 4.57 5.04 0.54 22.76 -1.77
Car 0.00 3 2.66 1109.00 452.00 1290.00 524.00 1.84 1.91 4.45 10.45 0.50 35.22 2.95
Car 0.00 0 1.84 110.00 495.00 209.00 551.00 1.72 1.75 4.78 -22.76 1.76 42.93 1.35
Car 0.00 0 -1.77 709.00 467.00 764.00 505.00 1.81 1.80 4.96 -4.65 0.83 64.11 -1.84
Car 0.00 0 -1.68 618.00 469.00 698.00 522.00 1.54 2.00 4.29 -5.43 0.79 39.91 -1.82
Car 0.00 0 -1.80 834.00 470.00 926.00 525.00 1.52 1.77 4.59 1.57 0.82 38.36 -1.76
