Car 0.00 2 -0.34 1270.00 449.00 1641.00 572.00 1.81 1.91 4.82 9.64 0.60 19.56 0.11
Car 0.00 3 -3.48 1240.00 483.00 1509.00 556.00 1.40 1.94 4.54 10.86 0.96 25.09 -3.07
Car 0.00 2 1.64 861.00 486.00 925.00 533.00 1.43 1.75 4.30 2.19 1.22 40.32 1.69
Car 0.00 2 1.79 662.00 439.00 806.00 555.00 2.57 2.12 6.67 -2.14 0.64 31.28 1.72
Car 0.00 3 -3.24 1145.00 475.00 1287.00 522.00 1.59 1.96 4.65 13.75 0.99 44.53 -2.94
Car 0.00 3 -0.55 1512.00 473.00 2160.00 651.00 1.52 1.73 4.53 9.24 0.80 11.82 0.11
Car 0.00 0 2.01 238.00 410.00 741.00 705.00 1.99 2.01 5.79 -2.57 0.62 11.49 1.79
Car 0.00 3 -3.54 1331.00 463.00 1755.00 587.00 1.55 1.85 4.59 9.45 0.70 16.88 -3.03
Car 0.00 3 -3.33 1174.00 475.00 1366.00 540.00 1.66 1.76 4.54 11.67 0.98 33.25 -3.00
Car 0.00 3 -3.47 1223.00 474.00 1453.00 550.00 1.65 1.77 4.49 11.47 0.92 28.33 -3.09
Car 0.00 3 -3.47 1269.00 480.00 1565.00 570.00 1.52 1.83 4.41 10.39 0.94 22.33 -3.03
