Car 0.00 3 -1.62 935.00 478.00 977.00 514.00 1.77 1.87 4.67 6.56 1.30 64.01 -1.51
Car 0.00 0 2.07 141.00 491.00 321.00 571.00 1.91 2.17 5.05 -15.89 1.56 33.79 1.63
Car 0.00 0 -1.53 800.00 474.00 837.00 509.00 2.08 2.14 4.70 -0.51 1.36 80.37 -1.54
Car 0.00 0 1.71 632.00 480.00 693.00 523.00 1.80 2.00 4.66 -7.30 1.36 56.12 1.58
Car 0.00 1 1.94 349.00 497.00 455.00 545.00 1.58 2.12 4.76 -15.59 1.83 46.28 1.61
Car 0.00 0 -1.85 1092.00 464.00 1358.00 624.00 1.62 1.82 4.46 4.59 0.79 15.17 -1.56
Car 0.00 0 -2.03 1252.00 476.00 1838.00 756.00 1.46 1.67 4.34 4.59 0.81 8.89 -1.56
Car 0.00 0 -1.78 999.00 483.00 1123.00 556.00 1.44 1.75 4.46 5.06 1.03 27.60 -1.60
Car 0.00 1 -1.74 965.00 480.00 1046.00 532.00 1.49 1.79 4.00 5.48 1.08 38.76 -1.60
Car 0.00 0 2.35 -1046.00 346.00 61.00 790.00 2.46 2.27 6.24 -9.38 0.59 10.19 1.61
Car 0.00 0 1.85 397.00 494.00 530.00 569.00 1.58 1.81 4.68 -8.53 1.40 29.86 1.57
