Car 0.00 3 0.13 527.00 482.00 737.00 564.00 1.68 2.09 4.37 -4.02 0.67 28.24 -0.01
Car 0.00 1 -3.71 1359.00 488.00 2356.00 809.00 1.54 2.03 4.17 5.77 0.80 7.59 -3.06
Car 0.00 0 0.22 319.00 484.00 668.00 600.00 1.52 2.00 4.56 -4.55 0.70 18.44 -0.03
Car 0.00 2 2.63 1222.00 497.00 1871.00 716.00 1.52 1.84 4.11 5.62 0.84 10.16 3.14
Car 0.00 3 -3.34 982.00 493.00 1238.00 580.00 1.53 1.89 4.52 5.60 0.84 24.58 -3.12
Car 0.00 1 -3.35 998.00 496.00 1296.00 591.00 1.49 1.90 4.71 5.64 0.86 22.06 -3.10
Car 0.00 3 0.11 596.00 488.00 749.00 541.00 1.46 2.06 4.33 -4.23 0.68 37.91 -0.01
Car 0.00 3 0.20 393.00 479.00 696.00 590.00 1.66 1.82 4.58 -4.38 0.68 20.94 -0.01
Car 0.00 3 -0.43 1356.00 496.00 1582.00 568.00 1.62 2.15 4.47 16.07 0.96 31.41 0.05
Car 0.00 3 -0.57 1493.00 488.00 1811.00 590.00 1.77 2.40 4.46 15.86 0.86 24.27 0.01
Car 0.00 2 -3.49 1090.00 490.00 1569.00 637.00 1.52 1.89 4.82 5.82 0.79 14.84 -3.12
Car 0.00 2 -3.54 1158.00 496.00 1710.00 671.00 1.50 1.97 4.47 5.89 0.84 12.55 -3.10
Car 0.00 3 0.16 451.00 487.00 716.00 579.00 1.54 1.87 4.55 -4.20 0.74 23.37 -0.02
