Car 0.00 0 -2.31 1562.00 383.00 2752.00 842.00 1.72 1.70 4.77 6.50 0.57 7.19 -1.57
Car 0.00 0 -1.57 704.00 470.00 773.00 525.00 1.74 2.19 4.52 -3.01 0.93 42.93 -1.64
Car 0.00 3 -0.61 1459.00 466.00 1807.00 583.00 1.89 1.92 5.06 14.47 0.96 22.67 -0.04
Car 0.00 1 -1.74 801.00 477.00 888.00 526.00 1.49 2.16 4.39 0.52 1.03 41.85 -1.73
Car 0.00 0 -2.05 1288.00 466.00 1689.00 643.00 1.53 1.73 4.67 6.73 0.78 13.44 -1.59
Car 0.00 1 -1.77 855.00 450.00 1003.00 541.00 2.00 2.46 6.12 2.39 0.61 31.27 -1.69
Car 0.00 0 1.85 163.00 497.00 272.00 558.00 1.65 1.75 4.39 -18.17 1.66 37.59 1.40
Car 0.00 0 2.01 36.00 513.00 205.00 584.00 1.45 1.75 4.62 -17.10 1.86 30.62 1.51
Car 0.00 0 -1.56 723.00 474.00 817.00 547.00 1.54 2.00 4.29 -1.30 0.90 29.33 -1.60
Car 0.00 0 -1.74 894.00 459.00 1056.00 581.00 1.84 1.95 4.70 2.44 0.81 21.84 -1.63
Car 0.00 0 -1.98 1141.00 478.00 1385.00 583.00 1.36 1.73 4.65 6.44 0.84 19.11 -1.66
