Car 0.00 3 -3.73 1473.00 468.00 2073.00 668.00 1.86 1.99 4.51 9.37 0.94 12.75 -3.10
Car 0.00 3 0.40 352.00 493.00 509.00 556.00 1.55 1.58 3.50 -10.11 1.38 32.10 0.10
Car 0.00 3 3.74 -336.00 473.00 167.00 634.00 1.82 1.91 4.78 -11.03 0.97 15.44 3.12
Car 0.00 3 0.51 149.00 484.00 394.00 572.00 1.60 1.88 3.86 -10.52 1.08 23.92 0.10
Car 0.00 3 -0.34 1168.00 455.00 1386.00 554.00 2.00 1.98 3.95 9.57 0.73 26.86 0.00
Car 0.00 3 0.48 194.00 481.00 437.00 570.00 1.81 2.11 4.34 -10.88 1.17 26.86 0.10
Car 0.00 3 -3.52 1198.00 489.00 1476.00 581.00 1.65 1.93 4.52 9.70 1.21 24.07 -3.14
Car 0.00 3 0.24 402.00 470.00 586.00 547.00 2.18 2.60 4.85 -9.86 1.12 37.54 -0.02
Car 0.00 2 0.74 -572.00 483.00 12.00 664.00 1.67 1.77 4.38 -10.98 0.99 12.65 0.03
Car 0.00 3 0.44 282.00 485.00 473.00 559.00 1.68 1.81 3.82 -10.53 1.20 29.49 0.10
Car 0.00 3 0.23 380.00 470.00 564.00 552.00 2.17 2.06 4.55 -9.74 1.12 34.75 -0.04
Car 0.00 3 0.57 -95.00 461.00 335.00 607.00 2.00 2.15 5.17 -10.25 0.91 18.45 0.06
Car 0.00 3 -3.44 1115.00 472.00 1325.00 561.00 2.00 1.98 4.34 9.22 1.08 29.63 -3.14
