Car 0.00 3 -1.52 617.00 433.00 671.00 473.00 1.46 1.86 4.36 -5.50 0.59 49.01 -1.63
Car 0.00 1 -1.38 448.00 423.00 555.00 493.00 1.83 2.02 5.03 -7.95 0.56 35.69 -1.60
Car 0.00 1 -1.26 290.00 428.00 417.00 497.00 1.56 1.70 4.17 -10.48 0.59 30.86 -1.59
Car 0.00 1 1.73 553.00 419.00 652.00 489.00 1.85 2.05 4.91 -5.21 0.47 36.41 1.59
Car 0.00 1 1.96 179.00 417.00 302.00 480.00 1.70 1.77 4.27 -15.75 0.32 36.67 1.55
Car 0.00 2 -1.23 249.00 424.00 374.00 486.00 1.64 1.89 4.52 -13.36 0.48 35.81 -1.59
Car 0.00 0 -1.41 401.00 426.00 514.00 500.00 1.65 1.96 4.31 -7.81 0.59 30.36 -1.67
Car 0.00 1 1.96 51.00 422.00 213.00 498.00 1.77 1.92 4.66 -16.23 0.55 31.59 1.49
Car 0.00 1 -1.46 513.00 431.00 613.00 499.00 1.53 1.93 4.46 -5.43 0.66 31.18 -1.63
Car 0.00 1 1.81 350.00 430.00 461.00 486.00 1.49 1.90 4.75 -10.66 0.57 35.71 1.52
