Car 0.00 3 1.02 1456.00 436.00 1641.00 520.00 2.00 1.87 4.84 18.87 0.27 33.05 1.54
Car 0.00 1 1.02 1500.00 444.00 1688.00 534.00 1.69 1.48 3.83 15.98 0.43 26.32 1.57
Car 0.00 3 1.68 632.00 493.00 685.00 543.00 2.20 1.93 3.92 -7.81 2.23 58.51 1.55
Car 0.00 1 -1.68 961.00 489.00 1016.00 529.00 1.59 1.83 4.69 7.05 1.70 54.98 -1.55
Car 0.00 0 1.16 1264.00 457.00 1430.00 543.00 1.96 2.00 4.97 13.13 0.78 32.03 1.55
Car 0.00 1 1.10 1365.00 440.00 1548.00 528.00 2.00 2.00 5.07 15.90 0.40 32.00 1.57
Car 0.00 2 1.67 651.00 485.00 702.00 537.00 2.44 2.06 4.39 -7.51 2.05 63.20 1.55
Car 0.00 0 -1.79 1108.00 486.00 1258.00 593.00 1.58 1.60 3.48 5.85 1.11 20.96 -1.52
Car 0.00 2 -1.72 993.00 479.00 1083.00 548.00 1.88 1.92 4.80 6.31 1.31 37.96 -1.55
Car 0.00 2 1.78 575.00 498.00 661.00 558.00 2.00 1.97 5.18 -7.51 2.06 45.67 1.62
Car 0.00 1 -1.74 1018.00 478.00 1125.00 558.00 1.83 1.82 4.53 6.11 1.19 31.75 -1.55
Car 0.00 3 -1.66 946.00 481.00 989.00 524.00 1.96 1.63 3.87 6.82 1.60 61.01 -1.55
Car 0.00 2 -1.70 981.00 486.00 1047.00 539.00 1.69 1.69 4.14 6.47 1.46 43.62 -1.55
Car 0.00 0 2.35 -746.00 497.00 59.00 820.00 1.96 1.92 4.79 -8.83 1.25 10.25 1.63
Car 0.00 1 -1.83 1045.00 470.00 1209.00 573.00 1.86 1.99 4.93 6.05 1.04 25.91 -1.60
