Car 0.00 3 -0.56 1424.00 432.00 1715.00 567.00 2.99 2.45 5.61 19.23 1.49 31.22 -0.01
Car 0.00 3 2.72 1150.00 434.00 1535.00 573.00 1.60 1.98 4.30 7.40 0.86 17.14 3.13
Car 0.00 2 1.83 335.00 428.00 475.00 504.00 1.52 1.76 4.75 -8.47 0.62 28.47 1.54
Car 0.00 2 -0.70 1357.00 419.00 1968.00 652.00 1.76 2.01 4.20 7.72 0.84 11.39 -0.11
Car 0.00 0 1.71 538.00 426.00 605.00 469.00 1.70 2.11 4.58 -9.14 0.44 54.06 1.54
Car 0.00 3 2.78 1060.00 433.00 1357.00 545.00 1.74 2.02 4.59 7.48 0.90 22.71 3.10
Car 0.00 3 -0.22 949.00 418.00 1115.00 493.00 2.07 2.28 4.59 7.52 0.56 39.10 -0.03
Car 0.00 3 -0.42 1095.00 401.00 1449.00 551.00 2.02 2.10 4.61 7.41 0.58 19.62 -0.06
Car 0.00 2 -0.73 1542.00 367.00 2637.00 736.00 2.00 2.15 5.17 8.48 0.69 8.71 0.04
Car 0.00 3 2.65 1197.00 428.00 1684.00 597.00 1.64 2.17 4.50 7.40 0.83 14.68 3.11
Car 0.00 3 1.78 484.00 430.00 567.00 480.00 1.54 1.77 4.61 -8.75 0.59 42.67 1.58
