Car 0.00 1 1.70 525.00 487.00 626.00 559.00 1.71 1.96 4.47 -6.45 1.34 32.64 1.51
Car 0.00 3 0.38 1206.00 476.00 1333.00 515.00 1.55 2.09 4.46 18.40 1.07 52.16 0.72
Car 0.00 2 -1.66 923.00 466.00 982.00 513.00 2.20 2.42 4.81 6.10 0.96 61.46 -1.56
Car 0.00 2 1.76 250.00 504.00 498.00 661.00 1.44 1.77 4.55 -4.96 1.14 14.39 1.43
Car 0.00 0 1.73 415.00 488.00 572.00 589.00 1.64 2.06 4.77 -6.05 1.19 23.35 1.47
Car 0.00 3 -2.08 904.00 478.00 1072.00 552.00 1.66 1.92 4.92 3.88 1.08 31.15 -1.96
Car 0.00 0 -2.05 825.00 473.00 1000.00 565.00 1.69 1.79 4.17 1.63 0.96 25.49 -1.98
Car 0.00 3 -1.53 860.00 470.00 917.00 524.00 1.92 1.96 4.46 2.42 1.02 47.79 -1.48
Car 0.00 2 2.21 -1467.00 434.00 317.00 1335.00 1.69 1.76 4.33 -3.60 0.83 4.61 1.54
Car 0.00 0 -1.88 944.00 469.00 1365.00 707.00 1.48 1.96 4.37 2.33 0.80 10.27 -1.66
Car 0.00 2 1.64 627.00 496.00 684.00 537.00 1.54 1.91 4.98 -6.91 1.87 50.99 1.51
Car 0.00 2 1.64 622.00 492.00 723.00 565.00 1.52 1.97 4.31 -3.48 1.29 29.06 1.52
