Car 0.00 1 1.75 421.00 485.00 564.00 581.00 1.71 1.96 4.47 -6.57 1.20 25.16 1.50
Car 0.00 3 0.36 1210.00 475.00 1343.00 517.00 1.55 2.09 4.46 17.81 1.05 49.73 0.71
Car 0.00 2 -1.66 909.00 466.00 972.00 516.00 2.20 2.42 4.81 5.30 0.98 58.89 -1.58
Car 0.00 1 2.07 -478.00 517.00 311.00 878.00 1.44 1.77 4.55 -4.89 1.07 7.74 1.51
Car 0.00 0 1.81 219.00 490.00 479.00 639.00 1.64 2.06 4.77 -6.08 1.12 16.64 1.46
Car 0.00 3 -2.08 888.00 477.00 1069.00 558.00 1.66 1.92 4.92 3.37 1.07 28.91 -1.97
Car 0.00 1 -1.87 774.00 474.00 915.00 562.00 1.69 1.79 4.17 0.28 0.98 26.58 -1.86
Car 0.00 3 -1.59 852.00 471.00 907.00 525.00 1.92 1.96 4.46 1.97 1.06 47.81 -1.55
Car 0.00 0 -1.80 866.00 473.00 1162.00 654.00 1.48 1.96 4.37 1.67 0.83 12.81 -1.67
Car 0.00 2 1.66 578.00 497.00 647.00 545.00 1.54 1.91 4.98 -7.52 1.77 44.40 1.50
Car 0.00 2 1.66 552.00 493.00 683.00 587.00 1.52 1.97 4.31 -3.74 1.21 23.08 1.50
