Car 0.00 0 -1.33 405.00 472.00 648.00 635.00 1.66 1.82 4.13 -3.39 0.90 14.97 -1.55
Car 0.00 3 -1.58 788.00 456.00 952.00 611.00 1.86 1.96 4.59 0.57 0.82 17.43 -1.55
Car 0.00 0 -0.21 1132.00 448.00 1323.00 517.00 1.90 2.11 4.95 11.62 0.38 36.58 0.09
Car 0.00 3 2.62 1442.00 441.00 1614.00 495.00 1.81 2.19 4.87 24.83 -0.03 44.47 3.13
Car 0.00 0 -1.59 710.00 478.00 1045.00 719.00 1.47 2.06 4.81 0.34 0.85 10.18 -1.56
Car 0.00 0 -1.47 593.00 467.00 739.00 583.00 1.88 2.15 4.80 -2.82 0.96 23.08 -1.59
Car 0.00 3 -3.52 1399.00 444.00 1519.00 486.00 1.87 1.98 4.53 29.34 -0.20 58.25 -3.05
Car 0.00 3 1.33 588.00 491.00 668.00 536.00 1.72 2.12 4.82 -8.16 1.75 51.00 1.17
Car 0.00 0 -0.61 1582.00 424.00 1807.00 487.00 1.67 2.21 4.85 24.59 -0.37 35.64 -0.01
Car 0.00 0 -1.74 1366.00 444.00 1863.00 773.00 1.75 2.15 4.67 5.32 0.79 9.27 -1.22
