Car 0.00 2 2.98 939.00 491.00 1099.00 541.00 1.33 1.91 4.35 5.90 0.70 37.16 3.14
Car 0.00 3 -0.37 1273.00 487.00 1445.00 549.00 1.70 1.85 4.22 15.85 0.75 37.15 0.03
Car 0.00 1 2.25 1538.00 400.00 3752.00 1135.00 1.75 2.04 4.30 5.12 0.68 4.16 3.14
Car 0.00 2 2.43 1419.00 481.00 2488.00 858.00 1.60 1.82 3.84 5.46 0.79 6.50 3.13
Car 0.00 3 -0.41 1242.00 485.00 1384.00 537.00 1.52 1.75 3.71 15.41 0.59 39.41 -0.04
Car 0.00 1 -0.21 1035.00 472.00 1419.00 605.00 1.68 2.04 4.84 5.65 0.61 18.00 0.09
Car 0.00 3 -3.32 988.00 484.00 1225.00 571.00 1.59 1.93 4.29 5.69 0.69 25.22 -3.10
Car 0.00 2 -3.41 1067.00 490.00 1511.00 628.00 1.49 2.02 4.71 5.60 0.76 15.57 -3.07
Car 0.00 0 1.58 534.00 472.00 602.00 532.00 1.65 1.83 4.36 -7.33 0.30 37.48 1.38
Car 0.00 0 -3.60 1162.00 490.00 1798.00 687.00 1.50 1.96 4.56 5.62 0.78 11.19 -3.13
Car 0.00 3 -0.35 1331.00 488.00 1517.00 551.00 1.49 1.85 3.84 15.42 0.69 32.28 0.09
