Car 0.00 3 -1.52 613.00 434.00 670.00 475.00 1.46 1.86 4.36 -5.36 0.63 47.03 -1.63
Car 0.00 1 -1.37 431.00 423.00 546.00 498.00 1.83 2.02 5.03 -7.84 0.59 33.70 -1.60
Car 0.00 1 -1.21 245.00 428.00 389.00 502.00 1.56 1.70 4.17 -10.61 0.61 28.86 -1.57
Car 0.00 1 1.74 542.00 420.00 649.00 493.00 1.85 2.05 4.91 -5.10 0.50 34.42 1.59
Car 0.00 1 1.98 155.00 425.00 288.00 492.00 1.70 1.77 4.27 -15.43 0.56 34.73 1.56
Car 0.00 2 -1.21 220.00 420.00 356.00 486.00 1.64 1.89 4.52 -13.25 0.41 33.85 -1.58
Car 0.00 0 -1.41 377.00 425.00 500.00 505.00 1.65 1.96 4.31 -7.71 0.59 28.36 -1.67
Car 0.00 1 2.00 -4.00 420.00 178.00 502.00 1.77 1.92 4.66 -16.19 0.54 29.54 1.49
Car 0.00 1 -1.44 494.00 431.00 605.00 504.00 1.53 1.93 4.46 -5.38 0.67 29.19 -1.62
Car 0.00 1 1.83 327.00 431.00 447.00 491.00 1.49 1.90 4.75 -10.55 0.61 33.74 1.52
