Car 0.00 1 -2.35 -171.00 454.00 270.00 601.00 1.58 1.80 4.72 -9.31 0.38 15.46 -2.89
Car 0.00 3 -2.63 339.00 476.00 579.00 558.00 1.50 1.70 4.36 -7.16 0.48 25.49 -2.90
Car 0.00 3 -2.59 199.00 462.00 486.00 569.00 1.59 1.95 3.96 -7.70 0.36 20.76 -2.94
Car 0.00 3 2.19 90.00 442.00 324.00 553.00 2.10 1.91 4.93 -12.68 0.09 26.79 1.75
Car 0.00 0 1.46 1136.00 473.00 1316.00 608.00 1.58 1.81 4.48 5.43 0.56 17.30 1.77
Car 0.00 3 -2.94 662.00 480.00 861.00 559.00 1.59 1.74 4.06 -1.16 0.58 27.79 -2.98
Car 0.00 0 0.54 33.00 466.00 628.00 657.00 1.53 1.72 4.99 -4.44 0.56 11.80 0.18
Car 0.00 2 1.44 1086.00 473.00 1193.00 554.00 1.67 1.77 4.21 7.19 0.44 28.56 1.69
Car 0.00 0 -2.89 585.00 467.00 825.00 564.00 1.76 1.84 4.38 -2.16 0.44 25.06 -2.98
Car 0.00 0 1.10 -1613.00 479.00 43.00 1080.00 1.39 1.72 4.57 -5.32 0.69 4.39 0.22
Car 0.00 3 -2.76 414.00 466.00 644.00 542.00 1.58 1.69 4.78 -6.48 0.26 28.72 -2.98
