Car 0.00 0 -1.31 336.00 468.00 623.00 658.00 1.66 1.82 4.13 -3.41 0.86 13.14 -1.56
Car 0.00 3 -1.58 788.00 455.00 952.00 611.00 1.86 1.96 4.59 0.57 0.81 17.46 -1.55
Car 0.00 3 1.09 623.00 487.00 739.00 543.00 1.90 2.11 4.95 -5.36 1.61 45.61 0.98
Car 0.00 3 2.62 1442.00 441.00 1614.00 495.00 1.81 2.19 4.87 24.83 -0.04 44.47 3.13
Car 0.00 0 -1.59 710.00 472.00 1045.00 713.00 1.47 2.06 4.81 0.34 0.81 10.18 -1.56
Car 0.00 0 -1.47 593.00 470.00 739.00 586.00 1.88 2.15 4.80 -2.82 1.00 23.07 -1.59
Car 0.00 3 -3.52 1399.00 444.00 1519.00 486.00 1.87 1.98 4.53 29.34 -0.22 58.25 -3.05
Car 0.00 1 0.35 901.00 470.00 1081.00 529.00 1.67 2.21 4.85 4.91 0.89 37.44 0.48
Car 0.00 0 -1.74 1366.00 434.00 1863.00 762.00 1.75 2.15 4.67 5.32 0.74 9.27 -1.22
Car 0.00 0 1.08 122.00 506.00 305.00 578.00 1.76 2.28 4.92 -16.31 1.86 33.26 0.62
