Car 0.00 1 -1.83 1024.00 442.00 1148.00 512.00 1.89 2.17 5.62 7.48 0.17 36.76 -1.63
Car 0.00 2 -1.92 1131.00 457.00 1313.00 556.00 1.74 1.93 4.53 7.54 0.62 24.40 -1.62
Car 0.00 1 2.47 -4657.00 -428.00 43.00 1482.00 3.23 2.58 8.45 -7.92 0.06 6.34 1.57
Car 0.00 1 -1.60 831.00 454.00 924.00 524.00 1.69 2.22 4.46 1.25 0.44 32.23 -1.56
Car 0.00 0 -2.03 1361.00 452.00 1795.00 655.00 1.67 1.84 4.57 7.17 0.66 12.63 -1.51
Car 0.00 2 -1.62 819.00 445.00 873.00 489.00 1.96 2.24 5.03 0.86 -0.17 57.75 -1.61
Car 0.00 0 1.26 696.00 443.00 762.00 485.00 2.13 2.20 4.34 -5.15 -0.34 65.68 1.18
Car 0.00 0 -1.91 1206.00 448.00 1440.00 579.00 1.72 1.79 4.60 7.25 0.55 18.85 -1.55
Car 0.00 2 -1.76 1085.00 448.00 1202.00 522.00 1.68 1.90 4.64 7.64 0.32 30.65 -1.51
Car 0.00 0 2.17 -526.00 480.00 355.00 891.00 1.53 1.83 4.05 -4.36 0.86 6.96 1.61
