Car 0.00 3 -0.45 1418.00 413.00 1640.00 486.00 1.49 1.89 3.83 15.93 -0.97 28.47 0.06
Car 0.00 3 -3.27 925.00 414.00 1055.00 455.00 1.33 1.91 4.35 6.17 -2.07 45.32 -3.14
Car 0.00 3 -0.30 1200.00 412.00 1338.00 464.00 1.70 1.85 4.22 16.12 -1.94 45.27 0.04
Car 0.00 2 -3.54 1105.00 394.00 1646.00 599.00 1.75 2.04 4.30 5.24 -0.02 12.38 -3.14
Car 0.00 3 2.77 1112.00 412.00 1510.00 567.00 1.60 1.82 3.84 5.60 -0.07 14.72 3.13
Car 0.00 0 -3.79 1281.00 372.00 2510.00 763.00 1.72 2.23 4.75 5.38 0.28 6.99 -3.13
Car 0.00 3 -0.35 1177.00 410.00 1294.00 454.00 1.52 1.75 3.71 15.69 -2.25 47.52 -0.03
Car 0.00 2 -3.64 1199.00 362.00 1912.00 624.00 1.70 1.92 4.19 5.33 -0.05 9.63 -3.13
Car 0.00 1 -0.12 978.00 402.00 1232.00 493.00 1.68 2.04 4.84 5.84 -0.94 26.19 0.10
Car 0.00 3 -3.30 993.00 414.00 1270.00 503.00 1.49 2.02 4.71 5.78 -0.66 23.77 -3.06
Car 0.00 0 1.54 594.00 395.00 650.00 444.00 1.65 1.83 4.36 -7.06 -2.61 45.66 1.39
Car 0.00 2 -3.42 1033.00 416.00 1372.00 527.00 1.50 1.96 4.56 5.78 -0.35 19.41 -3.13
Car 0.00 3 -3.60 1469.00 416.00 1735.00 497.00 1.50 2.02 4.11 16.08 -0.76 26.13 -3.05
Car 0.00 3 -0.27 1238.00 412.00 1381.00 462.00 1.49 1.85 3.84 15.67 -1.76 40.41 0.10
