Car 0.00 2 -3.35 993.00 451.00 1218.00 548.00 2.06 2.27 4.77 6.52 0.68 29.71 -3.13
Car 0.00 2 -3.75 1277.00 350.00 2321.00 732.00 1.90 2.19 4.70 5.57 0.40 7.79 -3.13
Car 0.00 2 -3.50 1119.00 448.00 1518.00 596.00 1.61 2.02 4.17 6.02 0.62 15.75 -3.14
Car 0.00 1 -0.53 1243.00 418.00 1764.00 619.00 1.82 2.09 4.34 6.97 0.48 13.28 -0.05
Car 0.00 3 0.45 94.00 467.00 394.00 579.00 1.88 2.00 4.68 -10.86 0.97 23.59 0.02
Car 0.00 3 2.84 1053.00 423.00 1386.00 574.00 2.25 2.37 4.79 6.47 0.46 21.12 3.13
Car 0.00 2 -2.56 -11.00 479.00 298.00 595.00 1.73 1.89 4.13 -11.28 1.08 20.85 -3.05
Car 0.00 1 2.82 1066.00 435.00 1430.00 585.00 1.92 2.24 4.50 6.01 0.56 18.34 3.13
Car 0.00 1 2.63 1227.00 401.00 1902.00 658.00 1.81 2.14 4.36 5.93 0.46 10.55 3.14
Car 0.00 2 0.35 219.00 480.00 448.00 562.00 1.70 2.12 4.45 -11.32 1.15 29.02 -0.03
Car 0.00 2 0.36 197.00 481.00 433.00 570.00 1.66 2.04 4.07 -10.58 1.13 26.18 -0.02
