Car 0.00 2 -1.68 962.00 474.00 1045.00 542.00 1.73 1.81 4.41 4.91 1.04 35.28 -1.54
Car 0.00 2 -1.75 980.00 469.00 1095.00 555.00 1.80 1.81 4.37 4.84 0.96 29.38 -1.59
Car 0.00 2 -1.71 1005.00 474.00 1140.00 573.00 1.59 1.75 4.70 4.44 0.94 23.26 -1.52
Car 0.00 0 -1.52 703.00 479.00 785.00 543.00 1.67 2.05 4.69 -2.32 1.16 36.26 -1.58
Car 0.00 0 -1.54 778.00 478.00 814.00 510.00 1.84 2.05 4.58 -1.85 1.49 77.48 -1.56
Car 0.00 3 -1.63 913.00 468.00 963.00 514.00 2.04 2.00 5.00 5.30 1.03 60.03 -1.54
Car 0.00 1 -1.82 1048.00 461.00 1269.00 608.00 1.73 1.87 4.38 4.44 0.84 17.49 -1.57
Car 0.00 3 2.13 10.00 513.00 194.00 595.00 1.98 2.01 5.01 -19.94 2.26 34.79 1.61
Car 0.00 0 1.98 214.00 505.00 385.00 589.00 1.62 1.85 4.40 -11.57 1.64 27.85 1.59
Car 0.00 1 2.02 145.00 471.00 328.00 585.00 2.87 2.15 6.15 -16.47 1.58 35.45 1.59
Car 0.00 0 -1.94 1134.00 432.00 1603.00 720.00 1.79 1.84 4.53 4.04 0.73 10.32 -1.57
Car 0.00 0 2.12 -46.00 515.00 189.00 617.00 1.79 2.05 4.50 -15.36 1.88 25.83 1.59
