Car 0.00 0 2.01 -20.00 407.00 310.00 560.00 1.70 2.11 4.58 -8.32 0.55 16.98 1.55
Car 0.00 0 1.93 280.00 413.00 470.00 521.00 1.80 1.82 4.81 -7.74 0.52 24.31 1.62
Car 0.00 3 -0.27 1023.00 442.00 1247.00 517.00 1.50 1.89 4.58 7.92 0.94 29.01 -0.01
Car 0.00 3 2.57 1306.00 444.00 1847.00 622.00 1.53 1.96 4.28 7.87 0.91 12.90 3.12
Car 0.00 0 -0.58 786.00 424.00 905.00 474.00 1.85 1.81 4.43 2.36 0.44 50.59 -0.53
Car 0.00 2 2.45 1424.00 417.00 2211.00 689.00 1.82 2.10 4.67 8.06 0.85 10.25 3.12
Car 0.00 1 2.72 1139.00 434.00 1512.00 564.00 1.63 1.94 4.53 7.68 0.85 18.31 3.12
Car 0.00 3 2.84 1057.00 439.00 1295.00 528.00 1.64 1.88 4.35 8.08 0.93 26.46 3.13
Car 0.00 1 1.84 410.00 416.00 543.00 496.00 1.87 2.00 5.19 -8.01 0.46 33.14 1.60
Car 0.00 2 3.22 579.00 424.00 636.00 448.00 1.53 1.90 3.81 -12.68 -0.13 89.68 3.08
Car 0.00 0 1.76 519.00 428.00 599.00 477.00 1.57 1.86 4.75 -7.95 0.52 44.58 1.58
