Car 0.00 3 -0.69 1504.00 423.00 2301.00 678.00 1.82 1.89 4.78 8.36 0.59 10.08 0.00
Car 0.00 3 2.79 1165.00 469.00 1430.00 562.00 1.71 1.76 4.43 8.99 0.85 24.16 3.14
Car 0.00 3 -3.43 1119.00 478.00 1365.00 549.00 1.42 1.83 4.64 8.77 0.90 26.73 -3.11
Car 0.00 3 -3.37 1061.00 468.00 1255.00 535.00 1.79 2.01 4.95 9.28 0.86 35.41 -3.12
Car 0.00 0 1.85 395.00 441.00 573.00 568.00 2.35 2.04 5.62 -6.96 0.67 26.21 1.60
Car 0.00 2 -0.36 1095.00 459.00 1329.00 544.00 1.90 1.87 4.90 8.99 0.72 29.43 -0.06
Car 0.00 3 -3.60 1291.00 481.00 1755.00 618.00 1.57 1.85 4.79 8.60 0.95 15.81 -3.10
Car 0.00 3 -3.50 1221.00 473.00 1602.00 592.00 1.64 1.86 4.82 8.58 0.89 18.74 -3.07
Car 0.00 3 -0.55 1379.00 470.00 1925.00 628.00 1.49 1.87 4.42 8.36 0.77 13.01 0.02
Car 0.00 3 -1.98 1394.00 472.00 1499.00 519.00 1.90 2.06 5.32 26.42 1.05 53.60 -1.52
Car 0.00 3 -3.37 1049.00 470.00 1221.00 531.00 1.76 1.90 4.72 9.29 0.90 38.00 -3.13
