Car 0.00 0 -1.70 817.00 474.00 900.00 529.00 1.59 1.97 4.42 1.24 0.27 39.29 -1.67
Car 0.00 1 -0.35 1093.00 484.00 1306.00 559.00 1.62 2.20 4.14 8.68 0.65 28.96 -0.06
Car 0.00 3 -0.46 1304.00 486.00 1557.00 555.00 1.49 2.21 4.70 13.98 0.64 29.03 -0.01
Car 0.00 3 -0.12 932.00 477.00 1027.00 513.00 1.60 1.97 4.23 7.65 0.15 59.74 0.01
Car 0.00 0 -0.38 1196.00 487.00 1355.00 538.00 1.43 1.99 3.95 13.47 0.59 37.31 -0.03
Car 0.00 3 2.98 939.00 483.00 1056.00 522.00 1.54 1.96 4.55 7.50 0.46 52.63 3.13
Car 0.00 3 -1.52 575.00 439.00 737.00 607.00 1.90 1.81 4.92 -1.98 0.35 16.92 -1.63
Car 0.00 3 -0.34 1070.00 481.00 1262.00 553.00 1.74 2.04 4.23 8.80 0.62 32.12 -0.07
Car 0.00 3 -0.42 1262.00 493.00 1444.00 552.00 1.40 2.03 3.80 13.72 0.78 32.55 -0.02
Car 0.00 3 -0.16 919.00 481.00 1003.00 512.00 1.56 1.75 4.12 7.53 0.26 66.20 -0.05
