Car 0.00 3 0.17 437.00 478.00 709.00 585.00 1.68 2.09 4.37 -4.16 0.67 22.28 -0.01
Car 0.00 0 0.33 53.00 477.00 593.00 654.00 1.52 2.00 4.56 -4.67 0.68 12.57 -0.03
Car 0.00 3 -3.40 1015.00 495.00 1362.00 613.00 1.53 1.89 4.52 5.32 0.87 18.55 -3.12
Car 0.00 1 -3.43 1046.00 499.00 1467.00 633.00 1.49 1.90 4.71 5.46 0.89 16.20 -3.10
Car 0.00 3 0.13 548.00 488.00 732.00 552.00 1.46 2.06 4.33 -4.36 0.69 31.96 -0.01
Car 0.00 3 0.28 206.00 472.00 643.00 631.00 1.66 1.82 4.58 -4.49 0.67 15.03 -0.01
Car 0.00 3 -0.51 1467.00 500.00 1760.00 591.00 1.62 2.15 4.47 15.92 1.05 25.51 0.04
Car 0.00 3 0.16 475.00 479.00 711.00 574.00 1.70 1.93 4.25 -4.27 0.66 24.75 -0.01
Car 0.00 1 -3.70 1248.00 491.00 2115.00 748.00 1.52 1.89 4.82 5.82 0.81 9.01 -3.12
Car 0.00 0 -3.82 1403.00 502.00 2627.00 867.00 1.50 1.97 4.47 5.80 0.86 6.67 -3.10
Car 0.00 3 0.21 307.00 485.00 675.00 611.00 1.54 1.87 4.55 -4.32 0.73 17.38 -0.03
