Car 0.00 3 0.52 271.00 481.00 378.00 523.00 2.00 2.00 4.85 -26.68 1.68 66.64 0.14
Car 0.00 3 -0.13 997.00 442.00 1115.00 493.00 1.72 2.09 4.12 8.67 -0.09 47.70 0.05
Car 0.00 3 0.58 37.00 488.00 195.00 546.00 2.00 2.03 4.95 -27.39 1.79 48.39 0.06
Car 0.00 3 0.22 542.00 463.00 682.00 519.00 2.00 2.10 5.09 -8.51 0.84 49.91 0.05
Car 0.00 3 0.53 115.00 488.00 254.00 537.00 1.84 1.99 4.91 -27.47 1.80 53.71 0.06
Car 0.00 0 -2.89 475.00 465.00 627.00 525.00 2.00 2.08 5.10 -10.18 0.91 46.50 -3.10
Car 0.00 3 0.52 190.00 494.00 312.00 535.00 1.69 1.98 4.85 -27.09 2.08 59.03 0.09
Car 0.00 1 0.76 -374.00 459.00 15.00 598.00 1.96 2.05 4.70 -16.05 0.90 20.14 0.08
Car 0.00 3 0.51 151.00 488.00 281.00 538.00 2.00 2.06 4.82 -27.50 1.92 56.54 0.06
Car 0.00 3 0.66 -124.00 500.00 60.00 561.00 1.76 1.86 4.75 -27.82 1.94 40.67 0.06
