Car 0.00 3 0.31 405.00 452.00 498.00 487.00 1.94 2.18 4.65 -21.54 -0.05 72.12 0.02
Car 0.00 0 -1.84 1209.00 479.00 1296.00 522.00 1.43 1.76 4.51 14.99 1.05 44.35 -1.52
Car 0.00 3 2.56 1509.00 473.00 1638.00 511.00 1.77 2.13 5.09 36.63 1.06 61.54 3.10
Car 0.00 3 2.93 973.00 468.00 1076.00 505.00 1.84 2.08 4.96 10.36 0.87 65.80 3.08
Car 0.00 0 2.92 1015.00 466.00 1156.00 518.00 1.96 1.99 5.10 10.15 0.85 49.37 3.13
Car 0.00 3 0.51 173.00 452.00 290.00 491.00 1.74 1.86 4.62 -27.81 0.08 58.63 0.06
Car 0.00 2 0.18 588.00 463.00 709.00 503.00 1.59 2.25 4.72 -7.42 0.53 52.55 0.04
Car 0.00 3 2.65 1382.00 468.00 1473.00 502.00 2.00 1.90 4.54 36.12 0.91 75.40 3.10
Car 0.00 3 -0.21 1011.00 467.00 1135.00 515.00 1.92 1.87 4.76 10.19 0.85 52.13 -0.01
Car 0.00 3 2.96 988.00 472.00 1092.00 506.00 1.59 1.98 4.67 10.28 0.89 60.63 3.13
Car 0.00 3 2.94 1008.00 470.00 1125.00 511.00 1.75 1.89 4.74 10.48 0.89 54.99 3.13
