Car 0.00 3 0.38 270.00 447.00 393.00 492.00 1.94 2.18 4.65 -22.30 -0.02 56.58 0.01
Car 0.00 3 2.62 1410.00 465.00 1516.00 500.00 1.88 2.15 4.79 35.38 0.70 69.70 3.09
Car 0.00 0 -1.99 1369.00 483.00 1534.00 550.00 1.43 1.76 4.51 14.46 1.03 29.31 -1.53
Car 0.00 1 0.48 113.00 452.00 270.00 505.00 1.84 1.91 4.72 -23.12 0.30 45.70 0.01
Car 0.00 0 -2.78 978.00 464.00 1248.00 563.00 1.76 2.02 4.79 5.60 0.78 24.73 -2.55
Car 0.00 3 2.88 998.00 467.00 1132.00 515.00 1.84 2.08 4.96 9.61 0.85 50.81 3.07
Car 0.00 3 2.63 1338.00 474.00 1468.00 516.00 1.71 2.05 4.53 24.22 1.03 52.73 3.06
Car 0.00 3 2.84 1076.00 462.00 1283.00 537.00 1.96 1.99 5.10 9.59 0.79 34.32 3.12
Car 0.00 0 1.03 1474.00 474.00 1685.00 561.00 1.84 1.94 4.85 17.27 1.03 29.08 1.56
Car 0.00 3 0.64 -90.00 452.00 79.00 505.00 1.74 1.86 4.62 -28.62 0.28 43.18 0.05
Car 0.00 3 0.39 195.00 449.00 335.00 494.00 1.75 2.08 4.79 -22.90 0.07 51.23 -0.03
Car 0.00 1 0.24 467.00 459.00 643.00 516.00 1.59 2.25 4.72 -8.00 0.52 37.25 0.03
Car 0.00 3 -0.29 1073.00 465.00 1251.00 533.00 1.92 1.87 4.76 9.88 0.83 37.12 -0.03
Car 0.00 0 1.09 1301.00 480.00 1403.00 527.00 1.55 1.82 3.66 18.36 1.14 43.93 1.49
Car 0.00 3 2.90 1028.00 475.00 1169.00 521.00 1.59 1.98 4.67 9.81 1.01 45.44 3.12
Car 0.00 3 2.87 1056.00 470.00 1221.00 528.00 1.75 1.89 4.74 9.86 0.91 39.80 3.12
Car 0.00 3 0.62 -161.00 452.00 36.00 509.00 1.75 1.99 4.91 -28.57 0.33 40.36 0.00
Car 0.00 3 2.96 974.00 471.00 1078.00 504.00 1.52 2.00 4.61 9.47 0.83 59.64 3.12
