Car 0.00 3 0.45 -63.00 450.00 253.00 559.00 1.87 2.10 4.60 -13.42 0.61 23.24 -0.07
Car 0.00 3 0.16 394.00 473.00 514.00 514.00 1.64 1.70 4.59 -15.60 0.96 52.61 -0.13
Car 0.00 2 0.51 -217.00 435.00 200.00 584.00 1.98 1.89 4.71 -11.98 0.54 18.25 -0.07
Car 0.00 0 2.61 1118.00 429.00 1564.00 606.00 1.86 1.87 4.48 5.92 0.50 14.69 2.99
Car 0.00 3 -0.51 1318.00 447.00 1458.00 488.00 1.84 2.28 5.68 26.72 -0.13 59.72 -0.09
Car 0.00 3 -0.36 1119.00 449.00 1243.00 500.00 2.15 2.15 4.86 15.83 0.21 56.04 -0.08
Car 0.00 3 2.76 1010.00 464.00 1337.00 580.00 1.69 1.91 4.67 5.49 0.79 20.18 3.03
Car 0.00 3 3.41 366.00 463.00 498.00 508.00 1.69 1.97 4.63 -15.61 0.62 49.79 3.11
Car 0.00 3 2.85 886.00 461.00 1093.00 537.00 1.74 1.89 4.65 3.94 0.68 30.61 2.98
Car 0.00 0 2.38 1563.00 454.00 1836.00 548.00 1.77 1.95 4.46 17.79 0.61 25.63 2.99
Car 0.00 3 2.90 944.00 467.00 1181.00 549.00 1.55 1.83 4.43 4.77 0.75 25.72 3.08
Car 0.00 0 0.54 -425.00 455.00 130.00 610.00 1.69 2.12 5.03 -11.73 0.71 15.47 -0.11
Car 0.00 3 2.97 847.00 463.00 1008.00 514.00 1.51 1.69 4.79 3.13 0.56 39.28 3.04
Car 0.00 3 -0.44 1068.00 437.00 1445.00 585.00 1.88 1.91 4.56 5.89 0.53 17.46 -0.11
Car 0.00 0 -1.57 681.00 464.00 734.00 508.00 1.72 2.08 4.76 -4.95 0.65 52.02 -1.67
Car 0.00 3 2.56 1406.00 450.00 1637.00 532.00 1.90 1.93 4.67 17.09 0.50 30.94 3.07
Car 0.00 3 -0.55 1275.00 447.00 1471.00 518.00 1.94 2.08 4.81 15.86 0.34 36.49 -0.14
Car 0.00 3 2.95 804.00 470.00 925.00 510.00 1.58 1.89 4.80 1.59 0.83 52.72 2.98
Car 0.00 3 0.94 1377.00 452.00 1596.00 547.00 1.77 1.86 4.12 13.34 0.56 25.64 1.42
Car 0.00 3 -0.18 843.00 467.00 996.00 516.00 1.51 1.77 4.84 3.06 0.70 41.89 -0.10
