Car 0.00 3 1.83 364.00 489.00 515.00 567.00 1.40 1.78 4.25 -7.55 1.10 24.88 1.54
Car 0.00 0 2.28 -810.00 399.00 138.00 759.00 2.00 2.06 5.71 -8.11 0.65 9.90 1.59
Car 0.00 3 -0.48 1263.00 492.00 1671.00 611.00 1.44 1.80 4.42 8.25 1.03 16.41 -0.01
Car 0.00 0 1.76 583.00 491.00 660.00 534.00 1.43 1.96 3.98 -7.16 1.48 44.13 1.60
Car 0.00 0 1.65 726.00 492.00 786.00 536.00 1.42 1.75 4.29 -2.39 1.47 43.25 1.59
Car 0.00 3 -0.55 1533.00 493.00 1755.00 565.00 1.76 1.80 4.54 21.05 1.51 32.39 0.02
Car 0.00 0 1.97 -16.00 458.00 540.00 767.00 1.65 1.83 4.65 -3.58 0.80 9.08 1.59
Car 0.00 2 -3.38 1099.00 491.00 1317.00 560.00 1.41 1.72 4.25 8.22 1.18 27.25 -3.09
Car 0.00 2 -3.44 1166.00 491.00 1413.00 570.00 1.46 1.69 4.26 9.04 1.17 24.73 -3.09
Car 0.00 3 -3.32 1018.00 483.00 1161.00 533.00 1.66 1.91 4.61 9.17 1.32 44.01 -3.12
Car 0.00 3 2.81 1074.00 490.00 1273.00 552.00 1.43 1.90 4.25 8.35 1.21 30.37 3.08
Car 0.00 1 -0.51 1335.00 456.00 1889.00 636.00 1.78 1.82 4.85 8.34 0.78 13.66 0.04
