Car 0.00 3 0.33 398.00 448.00 499.00 486.00 1.94 2.18 4.65 -20.04 -0.15 66.58 0.04
Car 0.00 0 -1.89 1297.00 482.00 1409.00 534.00 1.43 1.76 4.51 15.84 1.09 37.92 -1.50
Car 0.00 0 0.41 290.00 447.00 413.00 491.00 1.84 1.91 4.72 -21.04 -0.05 55.58 0.04
Car 0.00 3 2.91 1018.00 468.00 1132.00 509.00 1.84 2.08 4.96 11.77 0.86 59.60 3.10
Car 0.00 0 -3.39 1069.00 465.00 1233.00 526.00 1.96 1.99 5.10 11.12 0.87 43.16 -3.13
Car 0.00 0 1.14 1378.00 473.00 1519.00 540.00 1.84 1.94 4.85 18.62 1.04 37.79 1.60
Car 0.00 2 0.55 135.00 449.00 265.00 492.00 1.74 1.86 4.62 -26.60 0.03 53.24 0.09
Car 0.00 2 0.33 346.00 450.00 459.00 488.00 1.75 2.08 4.79 -20.67 -0.05 61.20 0.01
Car 0.00 3 -0.57 1544.00 476.00 1669.00 512.00 1.66 2.00 4.85 37.91 1.18 61.00 -0.02
Car 0.00 1 0.19 586.00 461.00 723.00 506.00 1.59 2.25 4.72 -6.37 0.49 46.72 0.06
Car 0.00 3 -0.23 1065.00 466.00 1209.00 521.00 1.92 1.87 4.76 11.32 0.84 45.89 0.01
Car 0.00 3 -3.34 1035.00 473.00 1153.00 512.00 1.59 1.98 4.67 11.56 0.96 54.36 -3.13
Car 0.00 3 -3.37 1059.00 470.00 1193.00 518.00 1.75 1.89 4.74 11.58 0.93 48.72 -3.13
