Car 0.00 1 -2.54 921.00 449.00 1051.00 499.00 1.80 1.65 4.71 6.35 -0.65 47.68 -2.41
Car 0.00 3 -3.02 1475.00 405.00 1726.00 501.00 2.00 1.94 4.57 17.57 -0.82 28.49 -2.47
Car 0.00 2 0.49 1061.00 430.00 1235.00 488.00 1.52 1.86 4.33 9.28 -0.89 35.64 0.75
Car 0.00 3 0.47 1070.00 429.00 1252.00 488.00 1.65 1.66 5.04 10.24 -0.94 37.94 0.73
Car 0.00 1 -2.52 884.00 456.00 1015.00 500.00 1.52 1.62 4.60 4.76 -0.49 45.63 -2.41
Car 0.00 0 1.05 495.00 462.00 607.00 508.00 1.61 1.92 4.61 -9.72 -0.24 46.19 0.84
Car 0.00 3 0.43 1144.00 426.00 1301.00 481.00 1.70 1.74 4.63 13.34 -1.21 41.76 0.74
Car 0.00 3 0.45 1096.00 421.00 1267.00 479.00 1.74 1.74 4.95 11.56 -1.28 40.28 0.73
Car 0.00 0 0.69 807.00 464.00 933.00 509.00 1.46 1.67 4.07 1.78 -0.17 42.52 0.73
Car 0.00 3 0.40 1195.00 433.00 1333.00 478.00 1.45 1.80 4.11 15.37 -1.21 43.58 0.73
Car 0.00 0 0.54 970.00 434.00 1154.00 487.00 1.37 1.67 4.80 6.71 -0.83 34.99 0.73
