Car 0.00 1 3.76 -400.00 480.00 123.00 632.00 1.51 1.88 4.13 -10.18 0.88 13.49 3.11
Car 0.00 0 -0.44 1315.00 500.00 1457.00 542.00 1.70 2.04 5.01 23.28 2.11 52.24 -0.02
Car 0.00 1 3.48 223.00 469.00 495.00 560.00 1.76 2.00 4.77 -9.40 0.89 25.50 3.13
Car 0.00 2 3.57 84.00 469.00 389.00 576.00 1.78 1.89 4.50 -10.34 0.91 22.21 3.14
Car 0.00 2 -2.83 373.00 470.00 570.00 544.00 1.90 2.06 4.71 -9.55 0.98 33.93 -3.10
Car 0.00 2 -0.23 1034.00 487.00 1154.00 532.00 1.71 1.92 4.32 10.60 1.56 49.86 -0.02
Car 0.00 1 -3.39 1101.00 484.00 1278.00 551.00 1.84 2.08 4.49 10.34 1.34 35.97 -3.11
Car 0.00 1 3.65 -169.00 483.00 271.00 607.00 1.53 1.93 4.54 -10.01 0.95 16.46 3.11
Car 0.00 1 2.59 1377.00 509.00 1816.00 631.00 1.51 1.97 4.78 10.35 1.32 17.12 3.14
Car 0.00 2 3.58 -9.00 485.00 362.00 589.00 1.51 1.94 4.69 -9.88 1.00 19.36 3.11
Car 0.00 3 3.44 320.00 487.00 528.00 547.00 1.41 1.85 4.51 -9.82 1.13 30.82 3.13
