Car 0.00 3 -0.45 1122.00 388.00 1819.00 656.00 1.84 1.91 4.34 5.01 0.59 9.77 0.02
Car 0.00 3 -2.56 -282.00 421.00 304.00 601.00 1.64 1.96 4.75 -7.63 0.68 12.75 -3.09
Car 0.00 3 -0.25 985.00 432.00 1287.00 532.00 1.52 1.97 4.37 5.57 0.70 20.56 0.01
Car 0.00 3 2.87 944.00 442.00 1230.00 529.00 1.51 1.92 4.81 5.45 0.86 23.31 3.10
Car 0.00 0 2.34 1253.00 341.00 3371.00 1058.00 1.84 1.97 4.79 4.33 0.69 4.26 3.13
Car 0.00 1 -3.01 617.00 434.00 723.00 470.00 1.80 2.23 5.12 -5.93 0.70 64.57 -3.11
Car 0.00 0 -0.12 844.00 419.00 982.00 477.00 2.29 2.00 5.43 5.14 0.41 51.80 -0.02
Car 0.00 0 -1.96 703.00 417.00 872.00 515.00 1.83 2.08 4.06 -0.08 0.55 25.98 -1.97
Car 0.00 3 -0.40 1092.00 394.00 1620.00 597.00 1.83 1.90 4.35 5.41 0.53 12.46 0.01
Car 0.00 3 -0.59 1234.00 393.00 2273.00 767.00 1.78 2.61 4.09 5.12 0.70 7.42 0.02
