Car 0.00 3 0.34 188.00 482.00 410.00 564.00 1.87 2.10 4.60 -12.91 1.29 30.91 -0.06
Car 0.00 3 0.13 470.00 502.00 572.00 538.00 1.64 1.70 4.59 -14.67 2.39 60.28 -0.11
Car 0.00 3 0.36 127.00 475.00 397.00 579.00 1.98 1.89 4.71 -11.55 1.16 25.89 -0.06
Car 0.00 0 2.72 1054.00 471.00 1344.00 587.00 1.86 1.87 4.48 6.49 1.00 22.07 3.01
Car 0.00 3 2.83 985.00 495.00 1223.00 580.00 1.69 1.91 4.67 5.99 1.44 27.40 3.04
Car 0.00 3 2.87 897.00 490.00 1063.00 552.00 1.74 1.89 4.65 4.62 1.53 38.13 2.99
Car 0.00 1 2.49 1436.00 482.00 1645.00 556.00 1.77 1.95 4.46 18.68 1.27 32.90 3.00
Car 0.00 0 0.36 36.00 493.00 368.00 596.00 1.69 2.12 5.03 -11.34 1.33 23.08 -0.09
Car 0.00 3 2.98 864.00 489.00 999.00 533.00 1.51 1.69 4.79 3.88 1.53 46.70 3.06
Car 0.00 3 -0.35 1016.00 474.00 1276.00 578.00 1.88 1.91 4.56 6.25 1.09 24.82 -0.10
Car 0.00 0 -1.59 719.00 490.00 780.00 541.00 1.72 2.08 4.76 -2.84 1.62 45.38 -1.65
Car 0.00 2 2.65 1318.00 479.00 1502.00 546.00 1.90 1.93 4.67 17.70 1.28 38.17 3.08
Car 0.00 3 0.42 -17.00 499.00 149.00 554.00 1.89 2.00 4.84 -28.09 2.06 46.40 -0.12
Car 0.00 3 -0.49 1219.00 476.00 1380.00 536.00 1.94 2.08 4.81 16.45 1.25 43.73 -0.13
Car 0.00 2 0.53 -162.00 494.00 43.00 557.00 1.77 2.08 4.70 -26.96 1.67 38.28 -0.09
Car 0.00 0 1.03 1282.00 482.00 1438.00 556.00 1.77 1.86 4.12 13.88 1.26 32.90 1.43
Car 0.00 0 -2.21 1492.00 488.00 1868.00 612.00 1.48 1.95 4.63 11.73 1.04 17.72 -1.62
