Car 0.00 3 1.08 1390.00 435.00 1539.00 507.00 2.00 1.87 4.84 19.20 0.08 38.00 1.55
Car 0.00 0 -1.62 888.00 468.00 981.00 546.00 1.67 1.95 5.03 2.54 0.88 30.74 -1.54
Car 0.00 1 1.09 1410.00 440.00 1553.00 514.00 1.69 1.48 3.83 16.27 0.21 31.33 1.57
Car 0.00 2 1.67 658.00 482.00 706.00 528.00 2.20 1.93 3.92 -7.31 1.75 63.68 1.55
Car 0.00 3 -1.67 960.00 480.00 1009.00 516.00 1.59 1.83 4.69 7.53 1.33 60.06 -1.54
Car 0.00 0 1.21 1219.00 454.00 1353.00 528.00 1.96 2.00 4.97 13.46 0.62 37.09 1.55
Car 0.00 2 1.16 1308.00 438.00 1454.00 514.00 2.00 2.00 5.07 16.22 0.22 37.01 1.57
Car 0.00 3 1.66 675.00 476.00 721.00 524.00 2.44 2.06 4.39 -6.97 1.64 68.37 1.55
Car 0.00 0 0.94 1596.00 421.00 1802.00 508.00 1.92 1.80 4.44 21.31 -0.07 30.88 1.54
Car 0.00 0 -1.74 1069.00 472.00 1180.00 556.00 1.58 1.60 3.48 6.11 0.89 26.04 -1.51
Car 0.00 2 -1.70 985.00 470.00 1061.00 530.00 1.88 1.92 4.80 6.68 1.02 43.04 -1.54
Car 0.00 2 1.76 613.00 486.00 687.00 540.00 2.00 1.97 5.18 -7.09 1.70 50.84 1.63
Car 0.00 1 -1.72 1004.00 468.00 1092.00 537.00 1.83 1.82 4.53 6.43 0.93 36.83 -1.54
Car 0.00 3 -1.66 947.00 482.00 986.00 521.00 1.96 1.63 3.87 7.36 1.65 66.08 -1.54
Car 0.00 3 -1.68 976.00 477.00 1033.00 524.00 1.69 1.69 4.14 6.87 1.17 48.70 -1.54
Car 0.00 0 2.14 -109.00 483.00 295.00 678.00 1.96 1.92 4.79 -8.65 1.20 15.40 1.62
Car 0.00 1 -1.80 1023.00 464.00 1153.00 549.00 1.86 1.99 4.93 6.34 0.88 31.00 -1.60
