Car 0.00 3 0.11 600.00 469.00 773.00 537.00 1.68 2.09 4.37 -3.39 0.29 33.88 0.01
Car 0.00 2 -3.47 1171.00 475.00 1666.00 648.00 1.54 2.03 4.17 6.01 0.65 13.15 -3.04
Car 0.00 1 0.16 470.00 476.00 728.00 563.00 1.52 2.00 4.56 -4.03 0.50 24.15 -0.01
Car 0.00 3 -3.50 1123.00 480.00 1518.00 619.00 1.52 1.84 4.11 6.08 0.67 15.63 -3.13
Car 0.00 3 -3.30 976.00 479.00 1183.00 550.00 1.53 1.89 4.52 6.16 0.51 30.07 -3.10
Car 0.00 0 0.86 -1746.00 406.00 300.00 1065.00 1.59 2.10 4.72 -4.59 0.60 4.38 0.05
Car 0.00 2 -3.31 988.00 481.00 1224.00 557.00 1.49 1.90 4.71 6.19 0.56 27.51 -3.08
Car 0.00 3 0.09 647.00 474.00 779.00 521.00 1.46 2.06 4.33 -3.50 0.19 43.55 0.01
Car 0.00 3 0.16 511.00 467.00 744.00 554.00 1.66 1.82 4.58 -3.89 0.38 26.62 0.01
Car 0.00 3 -0.12 -401.00 458.00 220.00 657.00 1.49 2.11 4.39 -8.21 0.49 11.76 -0.73
Car 0.00 2 -3.74 1344.00 468.00 2224.00 751.00 1.55 1.95 4.21 5.98 0.67 8.30 -3.12
Car 0.00 3 -0.36 1303.00 482.00 1492.00 543.00 1.62 2.15 4.47 16.76 0.57 36.70 0.07
Car 0.00 1 2.27 1534.00 453.00 2822.00 870.00 1.60 1.95 4.17 6.04 0.68 6.00 3.06
Car 0.00 3 -0.48 1401.00 475.00 1652.00 558.00 1.77 2.40 4.46 16.42 0.55 29.52 0.03
Car 0.00 3 -3.41 1053.00 476.00 1392.00 582.00 1.52 1.89 4.82 6.37 0.56 20.31 -3.10
Car 0.00 2 -3.42 1084.00 480.00 1448.00 599.00 1.50 1.97 4.47 6.24 0.64 18.00 -3.08
Car 0.00 3 0.12 549.00 474.00 759.00 547.00 1.54 1.87 4.55 -3.65 0.41 29.05 -0.00
