Car 0.00 3 0.09 697.00 484.00 815.00 530.00 1.68 2.09 4.37 -2.30 0.58 49.17 0.04
Car 0.00 3 -3.23 1022.00 487.00 1223.00 562.00 1.54 2.03 4.17 6.73 0.70 28.26 -3.00
Car 0.00 1 0.10 637.00 487.00 790.00 539.00 1.52 2.00 4.56 -3.16 0.65 39.57 0.02
Car 0.00 3 -3.23 952.00 489.00 1084.00 535.00 1.53 1.89 4.52 7.16 0.71 45.34 -3.08
Car 0.00 1 0.28 381.00 482.00 714.00 593.00 1.59 2.10 4.72 -4.12 0.67 19.96 0.07
Car 0.00 2 -3.23 965.00 491.00 1112.00 538.00 1.49 1.90 4.71 7.44 0.74 42.70 -3.06
Car 0.00 3 0.10 660.00 485.00 804.00 537.00 1.66 1.82 4.58 -2.76 0.63 42.10 0.03
Car 0.00 3 -0.44 1439.00 484.00 1694.00 563.00 1.62 2.12 4.31 16.32 0.67 27.77 0.09
Car 0.00 3 -0.43 1425.00 489.00 1654.00 562.00 1.62 2.08 4.22 17.07 0.77 30.08 0.09
Car 0.00 3 -0.59 1547.00 485.00 1875.00 584.00 1.65 2.33 4.26 16.03 0.73 22.91 0.02
Car 0.00 0 -3.36 1070.00 475.00 1424.00 600.00 1.63 2.19 4.47 6.09 0.62 18.44 -3.04
Car 0.00 3 -3.36 1052.00 486.00 1304.00 575.00 1.55 1.95 4.21 6.69 0.70 23.80 -3.09
Car 0.00 3 0.51 85.00 484.00 486.00 617.00 1.50 1.79 4.31 -6.57 0.68 15.91 0.12
Car 0.00 3 -3.37 1068.00 487.00 1350.00 590.00 1.60 1.95 4.17 6.49 0.75 21.32 -3.07
Car 0.00 3 -0.42 1337.00 482.00 1537.00 548.00 1.73 2.15 4.49 17.18 0.63 35.26 0.04
Car 0.00 3 -3.31 1022.00 488.00 1209.00 546.00 1.52 1.89 4.82 8.27 0.69 35.35 -3.08
Car 0.00 3 -0.43 1383.00 486.00 1594.00 555.00 1.66 2.02 4.33 17.18 0.71 32.54 0.05
