Car 0.00 3 -0.28 975.00 400.00 1388.00 566.00 1.84 1.91 4.34 4.57 0.51 15.13 0.01
Car 0.00 3 -2.69 18.00 415.00 412.00 538.00 1.64 1.96 4.75 -8.03 0.52 18.06 -3.11
Car 0.00 0 -0.83 1374.00 440.00 3590.00 1090.00 1.53 1.83 4.45 4.50 0.78 3.98 0.02
Car 0.00 3 -0.17 920.00 433.00 1151.00 511.00 1.52 1.97 4.37 5.04 0.67 26.04 0.02
Car 0.00 3 2.92 890.00 432.00 1118.00 502.00 1.51 1.92 4.81 4.86 0.64 28.70 3.09
Car 0.00 3 2.73 968.00 392.00 1711.00 663.00 1.84 1.97 4.79 3.94 0.62 9.62 3.12
Car 0.00 1 0.67 -646.00 396.00 218.00 652.00 1.74 2.02 5.10 -7.39 0.59 9.75 0.02
Car 0.00 0 -0.12 817.00 419.00 942.00 471.00 2.29 2.00 5.43 4.16 0.31 57.18 -0.05
Car 0.00 3 3.73 -400.00 383.00 186.00 588.00 1.82 1.82 4.37 -8.46 0.43 12.26 3.13
Car 0.00 3 -0.28 974.00 400.00 1321.00 538.00 1.83 1.90 4.35 4.97 0.42 17.85 -0.01
Car 0.00 0 -0.60 1040.00 303.00 2323.00 771.00 2.13 2.11 5.57 4.41 0.47 6.90 -0.04
