Car 0.00 0 -1.70 969.00 468.00 1046.00 531.00 1.64 1.60 4.01 5.02 0.80 35.18 -1.56
Car 0.00 0 -1.72 990.00 474.00 1098.00 546.00 1.50 1.79 4.15 4.90 0.88 28.73 -1.56
Car 0.00 3 -1.64 913.00 471.00 955.00 509.00 1.78 1.78 4.01 5.34 1.00 62.67 -1.56
Car 0.00 0 1.70 609.00 450.00 742.00 559.00 2.11 2.11 5.86 -3.19 0.72 27.78 1.59
Car 0.00 3 0.27 394.00 478.00 548.00 543.00 1.90 1.78 4.27 -11.04 1.26 39.11 -0.01
Car 0.00 0 -1.63 924.00 472.00 970.00 515.00 1.82 1.76 4.21 5.36 1.03 56.21 -1.54
Car 0.00 3 0.48 143.00 491.00 281.00 547.00 2.00 1.75 4.35 -23.14 1.84 47.26 0.03
Car 0.00 3 -2.59 43.00 501.00 205.00 559.00 1.80 1.89 4.41 -23.59 2.00 42.16 -3.10
Car 0.00 3 -2.56 -7.00 496.00 156.00 562.00 1.93 1.59 4.14 -23.36 1.83 38.99 -3.10
Car 0.00 2 -2.55 -79.00 491.00 127.00 567.00 2.06 1.82 4.83 -23.21 1.69 36.34 -3.12
Car 0.00 1 -1.68 948.00 466.00 1011.00 527.00 1.89 1.56 4.04 4.96 0.85 40.99 -1.56
Car 0.00 0 -2.69 149.00 487.00 418.00 570.00 1.51 1.83 4.60 -10.82 1.16 25.17 -3.10
