Car 0.00 0 2.53 1257.00 458.00 1704.00 597.00 1.64 2.01 4.75 8.80 1.10 16.26 3.02
Car 0.00 3 0.32 239.00 438.00 424.00 496.00 1.49 1.84 4.30 -12.17 0.78 33.94 -0.02
Car 0.00 1 2.42 1597.00 478.00 1933.00 581.00 2.11 2.18 5.79 21.27 1.96 27.62 3.08
Car 0.00 1 2.67 1136.00 458.00 1452.00 550.00 1.51 2.02 4.67 8.70 1.12 21.90 3.05
Car 0.00 3 3.73 -279.00 442.00 127.00 557.00 1.48 1.81 4.33 -11.76 0.82 17.43 3.13
Car 0.00 0 2.88 935.00 447.00 1085.00 504.00 1.77 1.95 4.42 7.18 1.20 40.90 3.05
Car 0.00 3 2.78 1068.00 462.00 1307.00 527.00 1.34 2.05 4.55 8.68 1.22 27.61 3.09
Car 0.00 3 3.78 -411.00 420.00 42.00 574.00 1.69 1.78 3.94 -11.31 0.67 14.92 3.13
Car 0.00 3 0.23 393.00 433.00 518.00 476.00 1.63 2.04 4.46 -13.15 0.67 50.39 -0.02
Car 0.00 3 2.93 886.00 449.00 994.00 487.00 1.58 1.77 4.40 6.65 1.31 55.01 3.05
