Car 0.00 3 -3.39 1139.00 480.00 1338.00 556.00 1.86 1.99 4.51 10.50 1.20 32.20 -3.07
Car 0.00 3 0.41 106.00 460.00 404.00 570.00 2.00 2.17 4.76 -10.93 0.85 24.25 -0.02
Car 0.00 3 -3.72 1558.00 462.00 1844.00 565.00 2.71 2.30 6.24 24.02 1.16 34.62 -3.11
Car 0.00 3 0.42 223.00 483.00 463.00 560.00 1.56 2.05 4.38 -10.41 1.08 27.19 0.05
Car 0.00 3 -2.87 382.00 472.00 571.00 540.00 1.82 1.91 4.78 -9.83 1.01 35.42 -3.14
Car 0.00 3 -2.49 -281.00 441.00 213.00 614.00 2.00 1.95 4.93 -10.68 0.69 15.78 -3.09
Car 0.00 3 -2.38 -534.00 481.00 6.00 644.00 1.54 1.83 4.10 -11.17 0.90 13.04 -3.09
Car 0.00 3 -0.21 1069.00 482.00 1189.00 538.00 2.00 1.98 3.95 11.13 1.45 46.30 0.03
Car 0.00 3 0.35 354.00 480.00 543.00 547.00 1.67 1.77 4.38 -9.79 1.12 32.65 0.05
Car 0.00 3 0.54 -84.00 453.00 392.00 599.00 2.00 2.30 5.87 -9.83 0.79 18.67 0.05
Car 0.00 3 0.37 300.00 485.00 525.00 555.00 1.58 2.15 4.62 -9.82 1.17 29.98 0.05
Car 0.00 3 0.32 440.00 473.00 628.00 541.00 2.00 2.15 5.17 -8.91 1.12 38.43 0.09
