Car 0.00 2 -1.73 1005.00 472.00 1094.00 546.00 1.86 1.69 4.21 6.01 1.05 34.23 -1.56
Car 0.00 0 1.88 297.00 474.00 458.00 594.00 2.20 1.93 3.92 -8.97 1.23 25.38 1.54
Car 0.00 1 -1.68 964.00 469.00 1030.00 523.00 1.93 1.97 4.08 6.39 0.97 47.34 -1.55
Car 0.00 0 -1.82 1085.00 479.00 1262.00 583.00 1.59 1.83 4.69 5.93 1.00 22.01 -1.56
Car 0.00 0 1.84 327.00 497.00 634.00 690.00 1.47 1.69 4.23 -3.06 1.02 12.00 1.59
Car 0.00 3 1.82 391.00 461.00 527.00 573.00 2.44 2.06 4.39 -8.69 1.09 30.06 1.54
Car 0.00 1 -1.69 934.00 480.00 984.00 516.00 1.65 1.86 4.17 6.30 1.33 59.99 -1.59
Car 0.00 0 -2.38 1564.00 326.00 3885.00 1252.00 1.88 1.92 4.80 5.32 0.70 4.99 -1.56
Car 0.00 2 -1.64 925.00 476.00 965.00 512.00 1.81 1.77 4.03 6.14 1.24 65.57 -1.55
Car 0.00 0 2.21 -383.00 479.00 207.00 735.00 2.00 1.97 5.18 -8.55 1.14 12.53 1.61
Car 0.00 0 -1.76 1029.00 464.00 1138.00 560.00 1.96 1.63 3.87 5.66 0.91 28.03 -1.56
Car 0.00 0 -2.03 1281.00 467.00 1753.00 720.00 1.69 1.69 4.14 5.43 0.88 10.58 -1.56
