Car 0.00 3 0.98 1510.00 436.00 1726.00 530.00 2.00 1.87 4.84 18.67 0.37 29.88 1.53
Car 0.00 0 0.96 1578.00 444.00 1808.00 547.00 1.69 1.48 3.83 15.81 0.48 23.12 1.56
Car 0.00 2 1.69 613.00 493.00 669.00 546.00 2.20 1.93 3.92 -8.14 2.18 55.20 1.54
Car 0.00 1 -1.69 962.00 491.00 1021.00 533.00 1.59 1.83 4.69 6.74 1.71 51.74 -1.56
Car 0.00 0 1.12 1300.00 458.00 1494.00 554.00 1.96 2.00 4.97 12.93 0.83 28.81 1.54
Car 0.00 2 1.06 1412.00 440.00 1627.00 538.00 2.00 2.00 5.07 15.71 0.47 28.80 1.56
Car 0.00 2 1.67 634.00 487.00 688.00 541.00 2.44 2.06 4.39 -7.85 2.09 59.89 1.54
Car 0.00 0 -1.83 1145.00 490.00 1334.00 618.00 1.58 1.60 3.48 5.70 1.12 17.71 -1.52
Car 0.00 2 -1.73 1000.00 480.00 1100.00 555.00 1.88 1.92 4.80 6.08 1.30 34.68 -1.56
Car 0.00 2 1.80 547.00 494.00 641.00 558.00 2.00 1.97 5.18 -7.78 1.85 42.36 1.61
Car 0.00 1 -1.76 1030.00 479.00 1152.00 569.00 1.83 1.82 4.53 5.91 1.19 28.51 -1.56
Car 0.00 2 -1.67 946.00 485.00 991.00 530.00 1.96 1.63 3.87 6.49 1.75 57.77 -1.56
Car 0.00 2 -1.71 985.00 488.00 1057.00 545.00 1.69 1.69 4.14 6.21 1.50 40.38 -1.56
Car 0.00 1 -1.86 1064.00 475.00 1261.00 594.00 1.86 1.99 4.93 5.88 1.11 22.65 -1.61
