Car 0.00 0 2.20 -1121.00 513.00 417.00 1236.00 1.41 1.76 4.28 -3.25 0.95 4.82 1.61
Car 0.00 0 1.17 1264.00 430.00 1445.00 521.00 2.00 2.16 5.47 13.17 0.18 31.73 1.57
Car 0.00 0 1.13 1374.00 439.00 1581.00 529.00 1.59 1.99 4.37 13.15 0.30 25.65 1.60
Car 0.00 2 -1.70 977.00 466.00 1058.00 531.00 2.00 2.03 4.95 6.47 0.97 43.07 -1.55
Car 0.00 1 -1.70 1019.00 469.00 1118.00 548.00 1.77 1.80 4.46 6.01 0.94 31.61 -1.51
Car 0.00 2 -1.79 1051.00 481.00 1185.00 560.00 1.44 1.74 4.22 5.92 1.00 25.94 -1.57
Car 0.00 0 1.65 689.00 483.00 765.00 549.00 1.74 1.75 4.55 -2.84 1.30 36.52 1.57
Car 0.00 0 -1.78 1094.00 480.00 1271.00 584.00 1.41 1.72 4.36 5.50 0.92 19.92 -1.51
Car 0.00 3 1.02 1596.00 395.00 1923.00 521.00 1.83 2.21 4.86 15.82 -0.14 21.69 1.65
Car 0.00 0 -2.09 1353.00 380.00 2197.00 815.00 1.76 1.78 4.42 4.89 0.58 7.47 -1.51
Car 0.00 0 1.81 359.00 480.00 641.00 674.00 1.62 1.75 4.27 -3.17 0.97 13.07 1.57
Car 0.00 2 1.79 572.00 492.00 656.00 552.00 2.00 1.88 5.27 -7.79 1.85 46.30 1.62
