Car 0.00 3 2.68 1223.00 477.00 1535.00 587.00 1.73 2.10 4.44 9.47 1.03 21.73 3.09
Car 0.00 3 2.40 1580.00 499.00 2279.00 695.00 1.44 2.12 4.30 9.41 1.04 11.00 3.11
Car 0.00 0 1.71 549.00 450.00 697.00 564.00 2.18 2.33 5.55 -4.26 0.74 27.28 1.56
Car 0.00 2 -3.77 1480.00 466.00 2056.00 666.00 1.90 2.13 4.63 10.00 0.97 13.63 -3.14
Car 0.00 3 2.59 1335.00 480.00 1782.00 619.00 1.60 2.15 4.61 9.44 0.99 16.45 3.11
Car 0.00 3 -3.46 1171.00 469.00 1474.00 577.00 1.88 2.44 4.94 9.52 0.99 24.47 -3.09
Car 0.00 3 -3.25 937.00 473.00 1021.00 503.00 1.70 2.00 4.86 9.27 1.11 76.65 -3.13
Car 0.00 3 -0.32 1133.00 460.00 1400.00 560.00 1.98 2.40 4.94 9.44 0.84 27.26 0.01
Car 0.00 3 2.84 1088.00 478.00 1290.00 552.00 1.78 2.11 4.67 9.48 1.16 33.05 3.11
Car 0.00 2 -0.50 1278.00 484.00 1648.00 598.00 1.55 2.04 4.59 9.55 1.04 19.07 -0.04
