Car 0.00 1 -2.52 40.00 483.00 394.00 600.00 1.50 1.70 4.36 -8.46 0.66 18.01 -2.96
Car 0.00 2 -2.41 -277.00 461.00 213.00 633.00 1.59 1.95 3.96 -8.75 0.52 13.26 -3.00
Car 0.00 2 2.33 -346.00 433.00 58.00 596.00 2.10 1.91 4.93 -14.04 0.28 19.00 1.69
Car 0.00 0 1.24 1258.00 475.00 1918.00 860.00 1.58 1.81 4.48 4.02 0.72 7.61 1.73
Car 0.00 3 -2.91 517.00 488.00 788.00 594.00 1.59 1.74 4.06 -2.60 0.76 20.63 -3.03
Car 0.00 0 0.97 -1620.00 453.00 208.00 1055.00 1.53 1.72 4.99 -5.00 0.68 4.48 0.13
Car 0.00 0 1.37 1082.00 476.00 1257.00 598.00 1.67 1.77 4.21 5.33 0.62 19.64 1.63
Car 0.00 0 -2.84 393.00 470.00 737.00 608.00 1.76 1.84 4.38 -3.45 0.61 17.85 -3.03
Car 0.00 0 1.55 1044.00 487.00 1120.00 555.00 1.62 1.79 4.12 6.86 0.71 32.94 1.76
Car 0.00 3 -2.67 177.00 478.00 498.00 581.00 1.58 1.69 4.78 -7.96 0.60 21.27 -3.03
Car 0.00 3 -2.30 -659.00 448.00 48.00 675.00 1.62 1.94 4.42 -9.10 0.50 10.49 -3.02
