Car 0.00 0 1.61 1199.00 490.00 1258.00 538.00 1.61 1.81 4.59 14.70 0.75 45.00 1.92
Car 0.00 3 0.59 607.00 482.00 705.00 515.00 1.52 1.78 4.40 -7.68 0.32 60.48 0.47
Car 0.00 3 0.65 549.00 479.00 651.00 518.00 1.64 1.85 4.20 -9.60 0.29 56.16 0.48
Car 0.00 3 2.07 24.00 471.00 107.00 511.00 1.84 1.62 4.22 -35.70 -0.03 60.33 1.53
Car 0.00 0 0.20 429.00 479.00 557.00 521.00 1.60 1.92 4.55 -12.63 0.33 49.67 -0.05
Car 0.00 3 0.57 630.00 478.00 731.00 514.00 1.74 2.06 4.69 -6.81 0.23 63.56 0.46
Car 0.00 0 0.36 259.00 464.00 413.00 517.00 2.00 2.10 5.25 -18.80 -0.05 49.71 0.00
Car 0.00 1 2.11 -55.00 467.00 48.00 507.00 1.70 1.79 4.46 -35.96 -0.19 55.69 1.54
Car 0.00 2 0.51 685.00 471.00 784.00 511.00 2.14 2.00 5.14 -4.52 -0.05 69.81 0.44
Car 0.00 0 0.68 500.00 467.00 619.00 516.00 2.00 1.98 4.74 -10.95 -0.02 53.94 0.48
