Car 0.00 3 -0.31 1025.00 405.00 1480.00 586.00 1.84 1.91 4.34 4.98 0.60 13.99 0.03
Car 0.00 3 -2.67 7.00 418.00 424.00 549.00 1.64 1.96 4.75 -7.58 0.59 17.08 -3.09
Car 0.00 3 -0.21 957.00 437.00 1203.00 519.00 1.52 1.97 4.37 5.66 0.76 24.77 0.01
Car 0.00 3 2.91 924.00 444.00 1164.00 517.00 1.51 1.92 4.81 5.53 0.91 27.55 3.11
Car 0.00 3 2.68 1029.00 405.00 1905.00 721.00 1.84 1.97 4.79 4.21 0.75 8.44 3.14
Car 0.00 1 0.74 -793.00 398.00 185.00 691.00 1.74 2.02 5.10 -7.18 0.65 8.72 0.05
Car 0.00 0 -0.11 849.00 421.00 976.00 474.00 2.29 2.00 5.43 5.52 0.44 56.05 -0.01
Car 0.00 0 -1.51 733.00 407.00 886.00 540.00 1.83 2.08 4.06 0.46 0.52 19.48 -1.48
Car 0.00 3 -2.51 -471.00 379.00 168.00 603.00 1.82 1.82 4.37 -8.19 0.45 11.33 -3.13
Car 0.00 3 -0.30 1019.00 410.00 1396.00 558.00 1.83 1.90 4.35 5.42 0.58 16.70 0.01
Car 0.00 0 -0.68 1130.00 280.00 2820.00 871.00 2.13 2.11 5.57 4.62 0.51 5.68 0.01
Car 0.00 3 -0.40 1094.00 411.00 1672.00 633.00 1.78 2.61 4.09 5.17 0.70 11.60 0.02
