Car 0.00 3 -0.30 1008.00 405.00 1445.00 580.00 1.84 1.91 4.34 4.86 0.59 14.47 0.02
Car 0.00 3 -2.68 16.00 420.00 422.00 547.00 1.64 1.96 4.75 -7.71 0.60 17.47 -3.09
Car 0.00 0 -0.95 1511.00 459.00 4692.00 1361.00 1.53 1.83 4.45 4.56 0.83 3.15 0.02
Car 0.00 3 -0.20 945.00 435.00 1185.00 516.00 1.52 1.97 4.37 5.46 0.73 25.25 0.01
Car 0.00 3 2.91 913.00 442.00 1148.00 514.00 1.51 1.92 4.81 5.33 0.87 28.04 3.10
Car 0.00 3 2.70 1008.00 404.00 1827.00 700.00 1.84 1.97 4.79 4.14 0.73 8.91 3.13
Car 0.00 1 0.71 -731.00 399.00 200.00 675.00 1.74 2.02 5.10 -7.25 0.63 9.12 0.04
Car 0.00 0 -0.11 839.00 421.00 965.00 473.00 2.29 2.00 5.43 5.09 0.42 56.53 -0.02
Car 0.00 0 -1.48 695.00 404.00 869.00 549.00 1.83 2.08 4.06 0.06 0.50 17.99 -1.47
Car 0.00 3 -2.52 -436.00 384.00 179.00 599.00 1.82 1.82 4.37 -8.28 0.47 11.73 -3.14
Car 0.00 3 -0.29 1003.00 409.00 1366.00 552.00 1.83 1.90 4.35 5.28 0.56 17.19 0.01
Car 0.00 0 -0.63 1091.00 292.00 2599.00 825.00 2.13 2.11 5.57 4.53 0.49 6.16 -0.00
Car 0.00 3 -0.38 1074.00 423.00 1621.00 634.00 1.78 2.61 4.09 5.08 0.78 12.09 0.02
