Car 0.00 1 2.42 652.00 508.00 958.00 620.00 1.43 1.89 4.46 -0.24 1.32 18.89 2.41
Car 0.00 2 2.80 172.00 499.00 364.00 570.00 1.82 2.05 4.44 -15.48 1.73 34.83 2.38
Car 0.00 3 -0.78 711.00 519.00 835.00 570.00 1.47 1.73 3.78 -1.66 2.31 39.57 -0.82
Car 0.00 3 2.49 559.00 511.00 851.00 615.00 1.48 1.85 4.71 -1.93 1.46 20.98 2.40
Car 0.00 3 2.93 69.00 507.00 221.00 551.00 1.45 1.82 4.50 -24.33 2.08 44.82 2.44
Car 0.00 0 -1.19 1276.00 526.00 1433.00 608.00 1.48 1.81 3.42 10.89 1.93 25.77 -0.79
Car 0.00 3 -0.78 764.00 511.00 902.00 568.00 1.56 1.71 4.09 0.24 2.03 37.71 -0.77
Car 0.00 3 2.86 147.00 500.00 326.00 563.00 1.68 1.95 4.35 -17.20 1.74 36.64 2.42
Car 0.00 2 -0.90 956.00 512.00 1122.00 587.00 1.74 1.87 4.34 5.46 1.96 31.96 -0.74
Car 0.00 1 -1.06 1141.00 514.00 1344.00 602.00 1.70 2.14 4.85 9.32 1.88 27.89 -0.74
Car 0.00 1 2.61 430.00 513.00 678.00 598.00 1.47 1.93 4.51 -5.39 1.64 25.12 2.40
Car 0.00 2 -0.96 1049.00 509.00 1218.00 589.00 1.72 1.81 4.24 7.37 1.82 29.91 -0.72
Car 0.00 1 2.72 320.00 496.00 569.00 590.00 1.80 1.95 4.67 -8.02 1.47 26.55 2.43
Car 0.00 3 2.66 246.00 502.00 443.00 573.00 1.59 1.71 4.13 -11.61 1.58 30.36 2.30
Car 0.00 3 2.86 77.00 510.00 224.00 556.00 1.44 1.68 4.08 -22.93 2.10 42.59 2.37
Car 0.00 2 -0.24 1.00 496.00 168.00 550.00 1.98 2.08 5.24 -28.85 2.02 48.84 -0.78
Car 0.00 3 2.86 48.00 507.00 185.00 554.00 1.64 1.80 4.09 -26.50 2.21 46.84 2.35
Car 0.00 3 -0.85 906.00 513.00 1043.00 581.00 1.68 1.58 3.81 4.08 2.06 34.20 -0.74
Car 0.00 2 2.83 97.00 509.00 253.00 562.00 1.57 1.80 4.11 -20.99 2.06 40.45 2.35
