Car 0.00 1 2.79 940.00 473.00 1154.00 556.00 1.82 2.05 4.44 5.04 0.99 28.98 2.96
Car 0.00 2 2.26 1570.00 503.00 2308.00 722.00 1.48 1.85 4.71 8.75 1.03 10.04 2.98
Car 0.00 3 2.95 852.00 487.00 993.00 532.00 1.45 1.82 4.50 3.20 1.32 42.38 3.02
Car 0.00 3 2.86 915.00 479.00 1104.00 549.00 1.68 1.95 4.35 4.55 1.08 31.54 3.00
Car 0.00 3 3.04 722.00 485.00 786.00 507.00 1.58 1.81 4.40 -5.18 1.85 89.28 2.98
Car 0.00 1 2.52 1271.00 505.00 1714.00 640.00 1.47 1.93 4.51 8.02 1.18 15.31 3.00
Car 0.00 1 2.62 1126.00 473.00 1499.00 608.00 1.80 1.95 4.67 6.93 0.96 18.10 2.99
Car 0.00 3 2.63 1020.00 488.00 1266.00 579.00 1.59 1.71 4.13 5.86 1.13 23.33 2.88
Car 0.00 3 2.87 854.00 489.00 993.00 537.00 1.44 1.68 4.08 3.05 1.34 39.75 2.95
Car 0.00 2 -0.23 799.00 474.00 944.00 527.00 1.98 2.08 5.24 1.70 1.15 48.16 -0.19
Car 0.00 3 2.88 838.00 487.00 961.00 534.00 1.64 1.80 4.09 2.62 1.44 45.24 2.93
Car 0.00 3 2.84 870.00 486.00 1023.00 542.00 1.57 1.80 4.11 3.49 1.28 36.81 2.93
Car 0.00 3 -0.72 1510.00 509.00 1728.00 581.00 1.51 1.77 4.02 18.01 1.68 28.56 -0.16
