Car 0.00 0 -1.69 975.00 479.00 1054.00 535.00 1.50 1.79 4.15 5.45 1.06 36.84 -1.54
Car 0.00 3 -1.63 921.00 477.00 957.00 510.00 1.78 1.78 4.01 6.32 1.31 70.78 -1.54
Car 0.00 0 1.65 727.00 464.00 800.00 528.00 2.11 2.11 5.86 -2.21 0.93 45.36 1.60
Car 0.00 3 0.22 490.00 484.00 614.00 538.00 1.90 1.78 4.27 -10.36 1.54 47.42 0.00
Car 0.00 0 -1.62 929.00 474.00 969.00 512.00 1.82 1.76 4.21 6.25 1.18 64.31 -1.53
Car 0.00 3 0.42 267.00 494.00 381.00 542.00 2.00 1.75 4.35 -22.31 2.10 55.71 0.04
Car 0.00 3 -2.66 194.00 495.00 325.00 543.00 1.80 1.89 4.41 -22.87 1.97 50.63 -3.09
Car 0.00 0 -2.64 114.00 495.00 275.00 557.00 2.06 1.82 4.83 -22.56 1.97 44.80 -3.10
Car 0.00 0 1.96 33.00 482.00 546.00 767.00 1.62 1.78 4.64 -3.63 0.93 9.56 1.60
Car 0.00 3 -2.79 341.00 492.00 536.00 554.00 1.51 1.83 4.60 -10.31 1.39 33.48 -3.09
