Car 0.00 3 -0.48 1493.00 503.00 1680.00 555.00 1.42 1.97 4.50 23.28 1.79 38.50 0.07
Car 0.00 2 -2.66 120.00 459.00 395.00 565.00 1.74 1.79 4.04 -9.98 0.70 22.15 -3.08
Car 0.00 3 3.31 542.00 462.00 669.00 508.00 1.76 2.00 4.77 -8.88 0.60 50.66 3.13
Car 0.00 2 -2.80 338.00 455.00 534.00 527.00 1.77 2.07 4.50 -10.25 0.54 33.14 -3.10
Car 0.00 0 -2.62 -39.00 470.00 320.00 581.00 1.57 1.73 4.57 -10.40 0.81 19.20 -3.11
Car 0.00 3 3.48 222.00 466.00 463.00 548.00 1.68 1.87 4.54 -10.50 0.78 27.44 3.12
Car 0.00 1 2.65 1366.00 460.00 1554.00 537.00 2.75 2.21 5.92 23.71 1.05 47.03 3.11
Car 0.00 2 -2.73 178.00 461.00 445.00 551.00 1.65 1.86 4.51 -10.12 0.69 24.84 -3.11
Car 0.00 3 -0.58 1555.00 495.00 1779.00 559.00 1.67 2.15 4.93 23.88 1.59 35.74 0.01
Car 0.00 3 -2.79 284.00 457.00 499.00 534.00 1.76 1.93 4.52 -10.51 0.61 30.49 -3.12
Car 0.00 2 -0.54 1447.00 490.00 1638.00 546.00 1.71 2.15 5.03 23.47 1.56 41.21 -0.02
Car 0.00 1 -0.37 1290.00 488.00 1423.00 530.00 1.72 2.02 5.00 23.30 1.69 55.26 0.03
Car 0.00 1 2.89 1072.00 481.00 1229.00 529.00 1.51 1.97 4.78 10.85 1.16 42.24 3.14
