Car 0.00 2 1.90 -89.00 500.00 298.00 666.00 1.43 2.21 4.62 -7.48 1.07 13.65 1.40
Car 0.00 3 2.45 1117.00 468.00 1304.00 540.00 1.77 1.97 4.45 10.12 0.87 33.01 2.75
Car 0.00 0 -1.94 809.00 481.00 909.00 538.00 1.61 1.64 3.96 0.91 1.16 37.73 -1.92
Car 0.00 2 2.42 1582.00 465.00 1789.00 530.00 2.00 2.29 5.24 27.46 0.87 40.15 3.02
Car 0.00 0 -1.92 754.00 481.00 850.00 533.00 1.67 1.84 4.59 -0.91 1.26 43.13 -1.94
Car 0.00 3 -1.88 563.00 485.00 612.00 509.00 1.51 1.84 4.59 -15.88 1.81 82.99 -2.07
Car 0.00 1 0.92 1453.00 464.00 1668.00 545.00 1.90 2.12 4.98 18.64 0.86 32.17 1.44
Car 0.00 0 -1.94 860.00 474.00 992.00 543.00 1.64 1.87 4.57 2.49 0.97 32.70 -1.86
Car 0.00 3 1.75 106.00 495.00 180.00 541.00 1.72 1.75 4.78 -27.26 1.88 50.08 1.26
Car 0.00 3 -1.79 611.00 478.00 660.00 511.00 1.81 1.80 4.96 -11.17 1.43 72.93 -1.94
Car 0.00 0 2.10 -2054.00 362.00 76.00 1266.00 1.81 2.23 5.31 -5.34 0.73 5.36 1.32
Car 0.00 2 2.21 1471.00 482.00 1785.00 583.00 1.44 1.99 4.34 12.74 0.94 19.95 2.78
Car 0.00 0 -1.68 584.00 483.00 665.00 537.00 1.54 2.00 4.29 -6.31 1.20 38.70 -1.84
Car 0.00 0 -1.80 726.00 484.00 799.00 526.00 1.52 1.77 4.59 -2.52 1.31 47.90 -1.86
