Car 0.00 3 1.75 165.00 492.00 394.00 608.00 1.43 2.21 4.62 -7.76 1.05 18.31 1.35
Car 0.00 1 2.49 1060.00 462.00 1222.00 523.00 1.77 1.97 4.45 9.53 0.67 38.01 2.73
Car 0.00 0 -1.94 791.00 475.00 879.00 525.00 1.61 1.64 3.96 0.24 0.99 42.56 -1.94
Car 0.00 3 2.47 1476.00 459.00 1654.00 517.00 2.00 2.29 5.24 26.74 0.63 45.46 3.00
Car 0.00 2 0.97 1353.00 458.00 1524.00 526.00 1.90 2.12 4.98 18.06 0.64 37.32 1.43
Car 0.00 0 -1.93 836.00 470.00 950.00 529.00 1.64 1.87 4.57 1.91 0.85 37.56 -1.88
Car 0.00 0 1.72 143.00 487.00 207.00 530.00 1.72 1.75 4.78 -28.22 1.63 54.39 1.24
Car 0.00 0 1.79 -178.00 439.00 338.00 752.00 1.81 2.23 5.31 -5.42 0.75 10.08 1.30
Car 0.00 2 2.30 1325.00 474.00 1571.00 553.00 1.44 1.99 4.34 12.39 0.83 25.00 2.76
Car 0.00 0 -1.70 605.00 479.00 689.00 532.00 1.54 2.00 4.29 -5.60 1.05 38.67 -1.85
Car 0.00 0 -1.81 714.00 477.00 781.00 515.00 1.52 1.77 4.59 -3.37 1.08 52.66 -1.87
Car 0.00 1 2.07 1456.00 452.00 1733.00 562.00 1.79 2.07 5.01 13.85 0.61 22.53 2.62
