Car 0.00 3 2.74 1170.00 484.00 1452.00 581.00 1.59 1.74 4.26 8.42 1.07 22.00 3.11
Car 0.00 3 -0.19 1028.00 478.00 1168.00 530.00 1.82 1.89 4.78 10.01 1.26 46.48 0.02
Car 0.00 2 -0.39 1272.00 453.00 1686.00 608.00 1.86 2.04 4.42 8.46 0.76 16.63 0.08
Car 0.00 2 -0.54 1349.00 445.00 1860.00 625.00 1.80 1.80 4.53 8.43 0.68 13.87 0.01
Car 0.00 0 1.83 461.00 478.00 597.00 566.00 1.89 1.90 4.99 -6.97 1.17 29.90 1.60
Car 0.00 3 2.80 1115.00 483.00 1372.00 561.00 1.41 1.89 4.42 8.15 1.00 24.73 3.12
Car 0.00 3 -0.27 1117.00 462.00 1352.00 559.00 2.00 2.10 4.57 8.96 0.88 27.84 0.04
Car 0.00 0 1.73 562.00 466.00 730.00 597.00 1.86 1.95 4.59 -2.78 0.92 20.31 1.59
Car 0.00 3 -0.43 1238.00 459.00 1584.00 579.00 1.69 1.88 4.45 8.86 0.73 19.28 -0.00
Car 0.00 1 2.50 1407.00 445.00 2097.00 669.00 1.79 1.93 4.83 8.10 0.74 11.30 3.12
Car 0.00 0 2.03 141.00 477.00 451.00 633.00 1.90 1.93 5.18 -7.35 1.09 18.10 1.65
