Car 0.00 3 0.93 620.00 481.00 758.00 538.00 1.92 2.49 4.93 -5.04 1.41 45.35 0.82
Car 0.00 0 -1.29 300.00 468.00 612.00 671.00 1.66 1.82 4.13 -3.42 0.87 12.42 -1.56
Car 0.00 3 -1.58 788.00 456.00 952.00 612.00 1.86 1.96 4.59 0.57 0.82 17.46 -1.55
Car 0.00 3 2.62 1442.00 441.00 1615.00 495.00 1.81 2.19 4.87 24.83 -0.05 44.47 3.13
Car 0.00 0 -1.59 707.00 473.00 1042.00 714.00 1.47 2.06 4.81 0.32 0.82 10.18 -1.56
Car 0.00 0 -1.49 594.00 466.00 735.00 581.00 1.88 2.15 4.80 -2.85 0.94 23.07 -1.61
Car 0.00 3 -3.52 1399.00 444.00 1519.00 487.00 1.87 1.98 4.53 29.34 -0.19 58.24 -3.05
Car 0.00 0 -1.74 1368.00 445.00 1866.00 772.00 1.75 2.15 4.67 5.35 0.80 9.29 -1.22
Car 0.00 3 0.73 4.00 513.00 213.00 579.00 1.76 2.28 4.92 -20.55 2.15 35.94 0.21
Car 0.00 0 2.12 -132.00 511.00 159.00 627.00 1.76 2.22 4.59 -14.15 1.65 22.21 1.56
