Car 0.00 1 2.82 927.00 486.00 1014.00 516.00 1.50 1.66 4.31 7.75 1.66 67.55 2.94
Car 0.00 3 2.26 3.00 523.00 105.00 559.00 1.64 2.00 4.67 -40.47 3.69 65.73 1.71
Car 0.00 0 -2.20 1341.00 451.00 1795.00 659.00 1.61 1.64 3.96 6.78 0.73 12.04 -1.69
Car 0.00 0 -1.91 1004.00 489.00 1145.00 560.00 1.42 1.66 4.55 5.50 1.21 28.39 -1.72
Car 0.00 0 -2.05 1150.00 469.00 1446.00 613.00 1.67 1.84 4.59 6.31 0.92 17.46 -1.71
Car 0.00 0 1.93 120.00 521.00 245.00 588.00 1.76 1.85 4.36 -18.93 2.43 37.04 1.46
Car 0.00 0 -1.86 815.00 493.00 880.00 527.00 1.51 1.84 4.59 0.95 1.90 59.89 -1.84
Car 0.00 3 2.43 1592.00 441.00 1995.00 585.00 1.84 1.91 4.45 14.06 0.61 18.39 3.08
Car 0.00 2 -1.05 -160.00 531.00 3.00 588.00 1.32 1.76 4.21 -24.70 2.40 34.39 -1.67
Car 0.00 0 2.02 4.00 522.00 178.00 604.00 1.72 1.75 4.78 -17.84 2.19 30.66 1.49
Car 0.00 1 1.81 241.00 486.00 344.00 562.00 2.77 2.38 5.90 -21.13 2.12 49.83 1.41
Car 0.00 0 -1.76 868.00 483.00 940.00 534.00 1.81 1.80 4.96 2.95 1.50 48.97 -1.70
Car 0.00 0 2.08 -172.00 540.00 49.00 624.00 1.37 1.68 4.33 -17.67 2.17 25.20 1.47
Car 0.00 0 -1.62 698.00 491.00 767.00 543.00 1.54 2.00 4.29 -3.14 1.53 41.09 -1.70
Car 0.00 0 -1.87 1068.00 484.00 1248.00 582.00 1.52 1.77 4.59 5.83 1.09 22.65 -1.62
Car 0.00 0 1.92 203.00 518.00 311.00 568.00 1.52 1.82 4.84 -19.69 2.50 43.55 1.50
