Car 0.00 1 0.32 100.00 446.00 616.00 641.00 1.68 2.09 4.37 -4.36 0.46 12.64 -0.02
Car 0.00 0 0.98 -3812.00 350.00 20.00 1344.00 1.52 2.00 4.56 -4.84 0.59 3.02 -0.03
Car 0.00 2 -3.63 1164.00 475.00 1963.00 733.00 1.53 1.89 4.52 5.01 0.71 9.02 -3.13
Car 0.00 0 -3.78 1305.00 482.00 2530.00 842.00 1.49 1.90 4.71 5.32 0.76 6.70 -3.11
Car 0.00 3 0.19 413.00 468.00 684.00 561.00 1.46 2.06 4.33 -4.61 0.38 22.31 -0.01
Car 0.00 1 0.69 -1135.00 398.00 349.00 891.00 1.66 1.82 4.58 -4.65 0.55 5.45 -0.02
Car 0.00 3 0.19 355.00 464.00 680.00 573.00 1.51 1.93 4.63 -4.54 0.39 19.84 -0.03
Car 0.00 3 0.27 227.00 449.00 634.00 610.00 1.70 1.93 4.25 -4.44 0.41 15.11 -0.02
Car 0.00 3 2.58 433.00 458.00 612.00 531.00 1.75 1.90 4.08 -7.53 0.08 32.70 2.36
Car 0.00 2 0.49 -453.00 448.00 492.00 752.00 1.54 1.87 4.55 -4.50 0.59 7.75 -0.04
