Car 0.00 3 -3.46 1182.00 472.00 1442.00 569.00 1.86 1.99 4.51 9.72 1.00 25.38 -3.10
Car 0.00 3 0.57 -281.00 444.00 189.00 605.00 2.00 2.17 4.76 -11.55 0.71 16.89 -0.03
Car 0.00 2 0.54 -58.00 478.00 292.00 584.00 1.56 2.05 4.38 -11.10 0.93 19.84 0.03
Car 0.00 3 3.72 -413.00 483.00 94.00 639.00 1.62 1.83 4.14 -10.86 0.97 14.08 3.06
Car 0.00 3 3.49 220.00 470.00 467.00 555.00 1.82 1.91 4.78 -10.73 0.93 28.08 3.12
Car 0.00 3 -0.58 1542.00 494.00 1758.00 572.00 2.00 2.15 4.33 21.88 1.65 33.44 0.00
Car 0.00 3 -0.24 1073.00 471.00 1215.00 537.00 2.00 1.98 3.95 9.95 1.05 39.48 0.00
Car 0.00 3 0.43 169.00 474.00 424.00 562.00 1.67 1.77 4.38 -10.63 0.94 25.32 0.03
Car 0.00 3 0.77 -796.00 424.00 86.00 675.00 2.00 2.30 5.87 -10.32 0.65 11.33 0.03
Car 0.00 3 0.47 78.00 480.00 390.00 574.00 1.58 2.15 4.62 -10.59 1.00 22.65 0.03
Car 0.00 3 0.37 306.00 466.00 544.00 551.00 2.00 2.15 5.17 -9.88 0.93 31.12 0.07
