Car 0.00 3 -3.23 892.00 483.00 971.00 509.00 1.33 1.91 4.35 6.58 0.26 72.83 -3.14
Car 0.00 1 2.66 1135.00 480.00 1856.00 697.00 1.53 2.12 4.93 5.45 0.73 10.73 3.13
Car 0.00 3 3.00 925.00 474.00 1072.00 534.00 1.75 2.04 4.30 5.67 0.38 39.83 3.14
Car 0.00 0 -3.30 940.00 473.00 1130.00 543.00 1.72 2.23 4.75 5.87 0.42 34.43 -3.14
Car 0.00 1 -0.35 1225.00 480.00 1379.00 539.00 1.79 2.06 4.23 15.88 0.57 41.57 0.02
Car 0.00 3 -0.45 1297.00 491.00 1502.00 554.00 1.53 2.12 4.55 15.71 0.81 34.30 -0.02
Car 0.00 0 -3.88 1342.00 485.00 2957.00 935.00 1.50 2.20 4.90 5.30 0.79 5.71 -3.14
Car 0.00 3 -3.19 912.00 478.00 1032.00 519.00 1.49 2.02 4.71 6.24 0.28 51.24 -3.07
Car 0.00 3 -3.26 921.00 480.00 1052.00 525.00 1.50 1.96 4.56 6.25 0.38 46.87 -3.13
Car 0.00 3 -3.64 1467.00 490.00 1586.00 527.00 1.51 1.96 4.21 31.95 0.77 57.03 -3.13
