Car 0.00 3 0.32 393.00 448.00 490.00 485.00 1.94 2.18 4.65 -21.29 -0.19 69.33 0.02
Car 0.00 0 -1.86 1239.00 477.00 1336.00 524.00 1.43 1.76 4.51 15.11 0.97 41.34 -1.51
Car 0.00 3 2.54 1548.00 471.00 1685.00 511.00 1.77 2.13 5.09 36.84 0.97 58.50 3.10
Car 0.00 3 2.92 984.00 466.00 1092.00 504.00 1.84 2.08 4.96 10.56 0.73 62.87 3.09
Car 0.00 0 2.91 1031.00 463.00 1181.00 519.00 1.96 1.99 5.10 10.30 0.76 46.47 3.13
Car 0.00 2 0.53 145.00 450.00 269.00 490.00 1.74 1.86 4.62 -27.61 0.00 55.87 0.07
Car 0.00 3 0.32 344.00 450.00 452.00 486.00 1.75 2.08 4.79 -21.82 -0.09 63.90 -0.01
Car 0.00 3 -0.55 1479.00 471.00 1594.00 504.00 1.66 2.00 4.85 36.75 0.91 64.91 -0.04
Car 0.00 1 0.19 578.00 460.00 707.00 502.00 1.59 2.25 4.72 -7.25 0.43 49.71 0.04
Car 0.00 2 2.64 1414.00 465.00 1509.00 501.00 2.00 1.90 4.54 36.58 0.74 72.24 3.11
Car 0.00 3 -0.22 1027.00 464.00 1159.00 515.00 1.92 1.87 4.76 10.40 0.74 49.22 -0.01
Car 0.00 3 2.95 1001.00 470.00 1111.00 506.00 1.59 1.98 4.67 10.51 0.81 57.70 3.13
Car 0.00 3 2.93 1022.00 467.00 1146.00 512.00 1.75 1.89 4.74 10.66 0.80 52.06 3.13
