Car 0.00 3 -3.65 1299.00 461.00 1738.00 607.00 1.71 1.97 4.55 9.34 1.19 16.42 -3.14
Car 0.00 3 3.74 -385.00 445.00 103.00 592.00 1.70 2.03 4.67 -11.65 0.99 16.14 3.12
Car 0.00 1 -0.39 1180.00 464.00 1462.00 557.00 1.47 1.84 4.05 9.09 1.22 21.70 0.01
Car 0.00 3 0.46 -50.00 458.00 298.00 557.00 1.51 1.93 4.78 -10.96 1.13 21.15 -0.02
Car 0.00 0 3.67 -194.00 408.00 216.00 543.00 1.82 2.04 4.79 -11.37 0.55 18.80 3.12
Car 0.00 3 -3.47 1118.00 476.00 1353.00 554.00 1.41 1.88 4.03 8.88 1.50 25.23 -3.14
Car 0.00 3 3.38 384.00 436.00 521.00 486.00 1.67 1.89 4.36 -11.84 0.81 44.94 3.12
Car 0.00 0 2.48 1370.00 474.00 1912.00 641.00 1.60 2.12 4.50 9.05 1.23 13.65 3.06
Car 0.00 3 -3.58 1235.00 480.00 1571.00 586.00 1.42 1.92 4.12 9.17 1.39 19.05 -3.14
Car 0.00 0 -0.35 1090.00 466.00 1326.00 542.00 1.52 1.84 4.58 9.21 1.43 27.83 -0.03
Car 0.00 3 3.55 67.00 447.00 356.00 535.00 1.52 2.05 4.53 -10.78 0.99 23.94 3.12
Car 0.00 3 0.31 347.00 455.00 511.00 507.00 1.51 2.05 4.49 -11.10 1.33 39.40 0.04
Car 0.00 3 3.48 176.00 433.00 406.00 532.00 2.14 2.22 4.45 -11.40 1.02 29.34 3.11
