Car 0.00 1 -0.52 1403.00 431.00 2052.00 637.00 1.81 1.91 4.82 8.45 0.57 12.16 0.08
Car 0.00 3 -3.62 1309.00 488.00 1708.00 596.00 1.40 1.94 4.54 9.41 0.97 17.59 -3.13
Car 0.00 1 2.52 -4339.00 510.00 243.00 2528.00 1.43 1.75 4.30 -3.54 0.86 3.18 1.68
Car 0.00 0 1.83 480.00 428.00 697.00 597.00 2.57 2.12 6.67 -4.00 0.70 22.53 1.65
Car 0.00 3 -3.29 1121.00 480.00 1295.00 537.00 1.59 1.96 4.65 11.06 1.11 36.64 -3.00
Car 0.00 3 -3.82 1583.00 461.00 2452.00 698.00 1.55 1.85 4.59 8.53 0.74 9.36 -3.09
Car 0.00 3 -3.41 1173.00 479.00 1422.00 563.00 1.66 1.76 4.54 9.69 1.04 26.07 -3.06
Car 0.00 3 -0.16 1113.00 482.00 1280.00 535.00 1.61 2.02 4.81 11.64 1.20 39.68 0.12
Car 0.00 1 1.77 665.00 491.00 746.00 543.00 1.73 1.94 4.60 -4.22 1.63 44.46 1.68
Car 0.00 3 2.70 1263.00 476.00 1591.00 583.00 1.65 1.77 4.49 9.68 0.95 20.44 3.14
Car 0.00 3 -3.64 1370.00 473.00 1842.00 614.00 1.52 1.83 4.41 9.05 0.82 14.85 -3.09
