Car 0.00 0 1.94 109.00 505.00 329.00 610.00 1.56 1.76 4.89 -10.34 1.41 21.76 1.50
Car 0.00 0 -1.34 441.00 473.00 658.00 622.00 1.66 1.82 4.13 -3.41 0.92 16.23 -1.55
Car 0.00 3 -1.58 788.00 456.00 952.00 611.00 1.86 1.96 4.59 0.57 0.81 17.43 -1.55
Car 0.00 3 2.62 1442.00 441.00 1614.00 495.00 1.81 2.19 4.87 24.83 -0.06 44.47 3.13
Car 0.00 0 -1.59 710.00 472.00 1045.00 713.00 1.47 2.06 4.81 0.34 0.81 10.18 -1.56
Car 0.00 3 1.67 444.00 491.00 526.00 549.00 1.78 2.08 5.48 -11.26 1.62 41.63 1.40
Car 0.00 0 -1.48 595.00 470.00 739.00 586.00 1.88 2.15 4.80 -2.80 1.01 23.07 -1.60
Car 0.00 3 -3.52 1399.00 444.00 1519.00 487.00 1.87 1.98 4.53 29.34 -0.20 58.25 -3.05
Car 0.00 3 -0.56 1350.00 437.00 1551.00 500.00 1.72 2.12 4.82 18.07 -0.02 36.42 -0.10
Car 0.00 0 -1.72 1367.00 435.00 1848.00 763.00 1.75 2.15 4.67 5.29 0.75 9.28 -1.20
