Car 0.00 3 0.10 648.00 406.00 798.00 464.00 1.68 2.09 4.37 -2.77 -1.74 38.58 0.03
Car 0.00 2 -3.37 1109.00 401.00 1458.00 521.00 1.54 2.03 4.17 6.35 -0.47 17.69 -3.02
Car 0.00 1 0.13 552.00 417.00 765.00 487.00 1.52 2.00 4.56 -3.50 -0.93 28.81 0.01
Car 0.00 3 -3.43 1088.00 406.00 1384.00 507.00 1.52 1.84 4.11 6.59 -0.59 20.25 -3.11
Car 0.00 3 -3.28 977.00 410.00 1154.00 468.00 1.53 1.89 4.52 6.73 -1.46 34.65 -3.09
Car 0.00 0 0.51 -227.00 390.00 567.00 642.00 1.59 2.10 4.72 -4.42 0.09 9.24 0.07
Car 0.00 2 -3.28 991.00 411.00 1191.00 472.00 1.49 1.90 4.71 6.88 -1.29 32.12 -3.07
Car 0.00 3 0.09 683.00 411.00 801.00 451.00 1.46 2.06 4.33 -2.79 -2.31 48.24 0.03
Car 0.00 3 0.13 579.00 406.00 774.00 476.00 1.66 1.82 4.58 -3.40 -1.27 31.36 0.03
Car 0.00 0 -3.70 1326.00 398.00 2352.00 709.00 1.63 2.19 4.47 5.86 0.25 7.92 -3.06
Car 0.00 3 -3.56 1199.00 393.00 1715.00 559.00 1.55 1.95 4.21 6.29 -0.21 12.88 -3.10
Car 0.00 3 -0.32 1273.00 407.00 1439.00 460.00 1.62 2.15 4.47 17.42 -1.90 41.07 0.08
Car 0.00 2 -3.61 1264.00 403.00 1919.00 619.00 1.60 1.95 4.17 6.16 0.08 10.55 -3.08
Car 0.00 3 -0.57 1532.00 392.00 1843.00 486.00 1.73 2.15 4.49 16.84 -1.04 24.69 0.03
Car 0.00 3 -0.42 1348.00 399.00 1562.00 469.00 1.77 2.40 4.46 16.97 -1.55 33.86 0.05
Car 0.00 3 -3.35 1034.00 405.00 1305.00 487.00 1.52 1.89 4.82 6.84 -0.93 24.93 -3.09
Car 0.00 3 -0.59 1596.00 396.00 1939.00 497.00 1.66 2.02 4.33 16.45 -0.81 22.10 0.05
Car 0.00 2 -3.35 1053.00 408.00 1335.00 497.00 1.50 1.97 4.47 6.61 -0.73 22.58 -3.07
