Car 0.00 3 0.44 41.00 473.00 198.00 527.00 1.94 2.18 4.65 -26.58 1.12 47.23 -0.07
Car 0.00 3 2.57 1356.00 469.00 1468.00 507.00 1.88 2.15 4.79 30.14 0.91 64.56 3.01
Car 0.00 0 -2.10 1391.00 488.00 1631.00 576.00 1.43 1.76 4.51 12.26 1.07 22.85 -1.61
Car 0.00 2 0.56 -203.00 473.00 12.00 540.00 1.84 1.91 4.72 -26.58 1.05 36.24 -0.07
Car 0.00 0 -1.61 761.00 478.00 832.00 539.00 1.76 2.02 4.79 -1.00 1.18 39.10 -1.64
Car 0.00 3 -0.52 1293.00 471.00 1388.00 503.00 1.76 1.86 4.72 29.53 0.97 72.02 -0.13
Car 0.00 3 2.86 912.00 479.00 1066.00 534.00 1.84 2.08 4.96 5.64 1.26 43.96 2.99
Car 0.00 0 2.79 1017.00 468.00 1276.00 563.00 1.96 1.99 5.10 6.92 0.97 27.39 3.04
Car 0.00 0 0.91 1511.00 472.00 1811.00 586.00 1.84 1.94 4.85 14.99 1.01 22.93 1.49
Car 0.00 1 0.47 -74.00 478.00 112.00 533.00 1.75 2.08 4.79 -26.83 1.16 41.79 -0.10
Car 0.00 0 0.30 233.00 478.00 472.00 552.00 1.59 2.25 4.72 -10.85 1.02 29.01 -0.05
Car 0.00 3 -0.33 1011.00 471.00 1228.00 555.00 1.92 1.87 4.76 7.04 1.03 30.38 -0.10
Car 0.00 0 1.04 1261.00 488.00 1384.00 542.00 1.55 1.82 3.66 14.90 1.33 37.82 1.41
Car 0.00 3 2.88 949.00 485.00 1114.00 539.00 1.59 1.98 4.67 6.27 1.29 38.66 3.04
Car 0.00 3 2.84 986.00 481.00 1184.00 551.00 1.75 1.89 4.74 6.76 1.20 33.03 3.04
