Car 0.00 1 2.81 962.00 485.00 1056.00 517.00 1.50 1.66 4.31 9.12 1.54 62.60 2.96
Car 0.00 3 2.30 -38.00 513.00 74.00 550.00 1.64 2.00 4.67 -39.47 2.98 61.29 1.73
Car 0.00 1 1.79 307.00 501.00 376.00 545.00 1.86 1.84 5.02 -21.90 2.37 56.78 1.42
Car 0.00 3 -0.82 -127.00 504.00 44.00 561.00 1.95 2.07 5.63 -32.93 2.32 47.80 -1.42
Car 0.00 0 -1.95 1063.00 491.00 1244.00 578.00 1.42 1.66 4.55 5.94 1.14 23.35 -1.70
Car 0.00 0 -2.17 1280.00 461.00 1762.00 672.00 1.67 1.84 4.59 6.53 0.84 12.53 -1.69
Car 0.00 0 1.99 37.00 513.00 191.00 589.00 1.76 1.85 4.36 -18.34 2.03 32.47 1.47
Car 0.00 0 -1.86 838.00 491.00 909.00 528.00 1.51 1.84 4.59 2.00 1.72 54.93 -1.82
Car 0.00 0 2.09 -127.00 514.00 99.00 610.00 1.72 1.75 4.78 -17.35 1.83 26.20 1.51
Car 0.00 1 1.85 202.00 478.00 322.00 562.00 2.77 2.38 5.90 -20.28 1.77 45.30 1.43
Car 0.00 0 -1.77 896.00 480.00 977.00 536.00 1.81 1.80 4.96 3.78 1.31 43.98 -1.69
Car 0.00 0 -1.61 703.00 491.00 770.00 542.00 1.54 2.00 4.29 -3.01 1.49 40.95 -1.68
Car 0.00 0 -1.94 1153.00 483.00 1411.00 612.00 1.52 1.77 4.59 6.17 1.00 17.61 -1.60
Car 0.00 0 1.97 149.00 515.00 277.00 570.00 1.52 1.82 4.84 -18.96 2.20 38.99 1.52
