Car 0.00 3 3.65 -168.00 473.00 140.00 562.00 1.71 1.76 5.08 -16.99 0.52 26.10 3.07
Car 0.00 0 2.52 1026.00 469.00 1405.00 607.00 1.66 2.04 4.44 5.27 0.57 16.84 2.82
Car 0.00 0 2.32 1258.00 469.00 1778.00 649.00 1.54 1.84 4.55 6.85 0.59 12.42 2.82
Car 0.00 0 0.29 208.00 466.00 455.00 551.00 1.61 1.95 4.31 -9.81 0.34 25.92 -0.07
Car 0.00 3 3.37 362.00 473.00 516.00 534.00 1.64 1.90 3.80 -10.58 0.32 35.73 3.08
Car 0.00 1 2.59 831.00 477.00 962.00 526.00 1.70 2.09 4.25 2.93 0.36 45.95 2.65
Car 0.00 3 3.73 -258.00 475.00 106.00 580.00 1.63 2.31 4.55 -15.07 0.58 21.63 3.13
Car 0.00 0 3.67 -1058.00 395.00 53.00 734.00 1.86 2.08 4.80 -8.19 0.42 8.52 2.90
Car 0.00 2 0.53 -489.00 436.00 194.00 669.00 1.86 1.93 4.49 -8.28 0.51 11.30 -0.10
Car 0.00 1 3.51 -171.00 426.00 286.00 594.00 1.94 2.09 4.48 -9.34 0.23 16.01 2.98
