Car 0.00 1 1.69 559.00 487.00 650.00 555.00 1.71 1.96 4.47 -6.11 1.38 35.01 1.51
Car 0.00 3 0.38 1209.00 474.00 1333.00 513.00 1.55 2.09 4.46 18.79 1.01 53.06 0.73
Car 0.00 2 -1.65 931.00 465.00 989.00 512.00 2.20 2.42 4.81 6.59 0.94 62.44 -1.55
Car 0.00 2 1.72 363.00 504.00 549.00 629.00 1.44 1.77 4.55 -4.99 1.22 17.46 1.44
Car 0.00 0 1.70 471.00 492.00 603.00 579.00 1.64 2.06 4.77 -6.02 1.31 26.58 1.48
Car 0.00 3 -2.08 915.00 477.00 1078.00 549.00 1.66 1.92 4.92 4.22 1.07 32.02 -1.95
Car 0.00 0 -2.16 859.00 472.00 1053.00 565.00 1.69 1.79 4.17 2.49 0.94 25.15 -2.07
Car 0.00 3 -1.51 861.00 472.00 922.00 527.00 1.92 1.96 4.46 2.47 1.09 47.07 -1.46
Car 0.00 2 1.97 -130.00 460.00 496.00 842.00 1.69 1.76 4.33 -3.51 0.86 7.88 1.55
Car 0.00 0 -1.93 1004.00 464.00 1557.00 766.00 1.48 1.96 4.37 2.65 0.78 8.60 -1.63
Car 0.00 2 1.64 645.00 496.00 698.00 534.00 1.54 1.91 4.98 -6.67 1.90 54.12 1.51
