Car 0.00 3 1.10 1364.00 432.00 1501.00 500.00 2.00 1.87 4.84 19.34 -0.08 40.28 1.55
Car 0.00 0 -1.62 891.00 463.00 993.00 548.00 1.67 1.95 5.03 2.51 0.77 28.31 -1.53
Car 0.00 1 1.12 1377.00 437.00 1505.00 506.00 1.69 1.48 3.83 16.39 0.07 33.63 1.57
Car 0.00 3 1.66 669.00 478.00 714.00 523.00 2.20 1.93 3.92 -7.11 1.59 66.04 1.56
Car 0.00 3 -1.67 959.00 484.00 1007.00 519.00 1.59 1.83 4.69 7.74 1.56 62.38 -1.54
Car 0.00 3 1.22 1201.00 451.00 1324.00 520.00 1.96 2.00 4.97 13.60 0.49 39.40 1.56
Car 0.00 3 1.18 1285.00 435.00 1419.00 506.00 2.00 2.00 5.07 16.36 0.07 39.31 1.57
Car 0.00 3 1.65 684.00 472.00 728.00 518.00 2.44 2.06 4.39 -6.76 1.40 70.74 1.56
Car 0.00 0 0.97 1550.00 420.00 1734.00 501.00 1.92 1.80 4.44 21.43 -0.19 33.17 1.54
Car 0.00 0 -1.72 1055.00 468.00 1154.00 545.00 1.58 1.60 3.48 6.22 0.81 28.39 -1.51
Car 0.00 3 -1.69 981.00 465.00 1053.00 522.00 1.88 1.92 4.80 6.83 0.86 45.37 -1.54
Car 0.00 3 2.29 -594.00 535.00 88.00 803.00 1.63 1.83 4.70 -8.92 1.51 11.07 1.61
Car 0.00 3 1.76 627.00 480.00 697.00 532.00 2.00 1.97 5.18 -6.92 1.50 53.21 1.63
Car 0.00 2 -1.71 999.00 464.00 1080.00 529.00 1.83 1.82 4.53 6.57 0.81 39.16 -1.54
Car 0.00 0 3.03 -2639.00 532.00 60.00 1495.00 1.54 1.76 4.70 -5.87 1.13 4.77 2.14
Car 0.00 3 -1.65 947.00 475.00 984.00 513.00 1.96 1.63 3.87 7.57 1.33 68.41 -1.54
Car 0.00 3 -1.68 973.00 474.00 1028.00 518.00 1.69 1.69 4.14 7.04 1.05 51.03 -1.54
Car 0.00 0 2.06 42.00 476.00 360.00 642.00 1.96 1.92 4.79 -8.56 1.13 17.75 1.61
Car 0.00 1 -1.79 1015.00 461.00 1133.00 539.00 1.86 1.99 4.93 6.47 0.78 33.33 -1.59
