Car 0.00 2 -0.34 1270.00 449.00 1641.00 572.00 1.81 1.91 4.82 9.63 0.60 19.56 0.11
Car 0.00 3 -3.48 1236.00 477.00 1504.00 551.00 1.40 1.94 4.54 10.76 0.85 25.09 -3.07
Car 0.00 0 1.68 829.00 487.00 910.00 543.00 1.43 1.75 4.30 1.24 1.19 34.36 1.72
Car 0.00 0 1.79 661.00 440.00 805.00 556.00 2.57 2.12 6.67 -2.15 0.65 31.19 1.72
Car 0.00 3 -3.24 1144.00 474.00 1286.00 521.00 1.59 1.96 4.65 13.73 0.97 44.52 -2.94
Car 0.00 3 -0.55 1517.00 473.00 2172.00 653.00 1.52 1.73 4.53 9.24 0.79 11.73 0.11
Car 0.00 0 2.05 122.00 400.00 710.00 735.00 1.99 2.01 5.79 -2.82 0.61 10.49 1.79
Car 0.00 3 -3.54 1334.00 463.00 1758.00 587.00 1.55 1.85 4.59 9.48 0.70 16.87 -3.03
Car 0.00 3 -3.33 1174.00 475.00 1365.00 540.00 1.66 1.76 4.54 11.67 0.97 33.25 -3.00
Car 0.00 3 -3.47 1223.00 473.00 1454.00 549.00 1.65 1.77 4.49 11.48 0.91 28.31 -3.09
Car 0.00 3 -3.47 1274.00 479.00 1570.00 570.00 1.52 1.83 4.41 10.47 0.94 22.32 -3.04
