Car 0.00 3 0.37 125.00 485.00 370.00 575.00 1.87 2.10 4.60 -13.07 1.34 28.52 -0.06
Car 0.00 3 0.14 449.00 503.00 556.00 542.00 1.64 1.70 4.59 -14.93 2.42 57.89 -0.12
Car 0.00 3 0.40 45.00 476.00 349.00 593.00 1.98 1.89 4.71 -11.68 1.18 23.51 -0.06
Car 0.00 0 2.70 1067.00 465.00 1393.00 597.00 1.86 1.87 4.48 6.28 0.93 19.76 3.00
Car 0.00 3 -0.34 1110.00 476.00 1224.00 523.00 2.15 2.15 4.86 16.52 1.42 61.01 -0.07
Car 0.00 3 2.81 991.00 493.00 1250.00 587.00 1.69 1.91 4.67 5.84 1.37 25.22 3.04
Car 0.00 3 2.86 894.00 489.00 1072.00 556.00 1.74 1.89 4.65 4.42 1.47 35.77 2.99
Car 0.00 0 2.46 1466.00 478.00 1693.00 558.00 1.77 1.95 4.46 18.33 1.15 30.60 3.00
Car 0.00 3 2.93 940.00 491.00 1137.00 561.00 1.55 1.83 4.43 5.15 1.35 30.81 3.09
Car 0.00 0 0.41 -69.00 495.00 311.00 612.00 1.69 2.12 5.03 -11.46 1.32 20.70 -0.10
Car 0.00 3 2.44 1570.00 457.00 1738.00 516.00 1.98 2.01 4.86 29.98 0.62 45.45 3.02
Car 0.00 3 2.97 858.00 490.00 1001.00 537.00 1.51 1.69 4.79 3.60 1.53 44.35 3.06
Car 0.00 3 -0.37 1028.00 470.00 1316.00 586.00 1.88 1.91 4.56 6.12 1.02 22.51 -0.10
Car 0.00 0 -1.58 706.00 491.00 764.00 540.00 1.72 2.08 4.76 -3.52 1.72 47.76 -1.65
Car 0.00 3 2.63 1342.00 475.00 1539.00 547.00 1.90 1.93 4.67 17.52 1.16 35.90 3.08
Car 0.00 3 0.45 -72.00 502.00 106.00 561.00 1.89 2.00 4.84 -28.32 2.13 43.96 -0.13
Car 0.00 3 -0.51 1235.00 473.00 1406.00 536.00 1.94 2.08 4.81 16.29 1.14 41.46 -0.13
Car 0.00 3 2.95 819.00 497.00 929.00 535.00 1.58 1.89 4.80 2.17 2.12 57.83 2.99
Car 0.00 0 1.01 1308.00 475.00 1480.00 555.00 1.77 1.86 4.12 13.72 1.08 30.60 1.43
Car 0.00 0 -2.27 1571.00 482.00 2043.00 628.00 1.48 1.95 4.63 11.62 0.95 15.40 -1.62
