Car 0.00 1 -1.81 1003.00 466.00 1110.00 527.00 1.89 2.17 5.62 7.50 0.83 41.51 -1.63
Car 0.00 2 -1.88 1091.00 477.00 1235.00 559.00 1.74 1.93 4.53 7.69 1.04 29.15 -1.62
Car 0.00 0 2.19 -843.00 225.00 292.00 818.00 3.23 2.58 8.45 -7.84 0.30 11.08 1.57
Car 0.00 1 -1.59 829.00 477.00 924.00 549.00 1.69 2.22 4.46 1.22 1.02 31.74 -1.55
Car 0.00 0 -1.91 1237.00 475.00 1497.00 615.00 1.67 1.84 4.57 7.24 0.92 17.35 -1.51
Car 0.00 2 -1.57 820.00 467.00 872.00 513.00 1.96 2.24 5.03 0.89 0.87 56.82 -1.56
Car 0.00 0 1.25 704.00 465.00 766.00 505.00 2.13 2.20 4.34 -5.16 0.82 70.41 1.18
Car 0.00 1 -1.85 1138.00 469.00 1306.00 571.00 1.72 1.79 4.60 7.29 0.86 23.58 -1.55
Car 0.00 2 -1.73 1053.00 467.00 1148.00 531.00 1.68 1.90 4.64 7.66 0.77 35.42 -1.51
Car 0.00 0 1.81 382.00 502.00 602.00 644.00 1.53 1.83 4.05 -4.19 1.23 16.38 1.56
