Car 0.00 1 2.78 1050.00 470.00 1165.00 509.00 1.50 1.66 4.31 11.64 0.80 52.02 3.00
Car 0.00 0 -1.75 846.00 475.00 903.00 516.00 1.72 1.70 4.77 2.10 1.13 56.11 -1.71
Car 0.00 3 2.39 -136.00 505.00 4.00 550.00 1.64 2.00 4.67 -37.37 2.38 52.63 1.77
Car 0.00 1 1.85 266.00 492.00 357.00 545.00 1.86 1.84 5.02 -19.64 1.81 47.96 1.46
Car 0.00 0 -1.64 630.00 481.00 667.00 508.00 1.74 2.19 4.52 -12.49 1.71 87.81 -1.78
Car 0.00 0 -2.12 1279.00 476.00 1692.00 643.00 1.42 1.66 4.55 6.62 0.82 13.29 -1.65
Car 0.00 0 2.15 -236.00 506.00 28.00 617.00 1.76 1.85 4.36 -17.23 1.62 23.52 1.52
Car 0.00 0 -1.87 898.00 477.00 986.00 523.00 1.51 1.84 4.59 4.09 1.06 45.02 -1.78
Car 0.00 2 -0.62 1375.00 449.00 1545.00 504.00 1.73 2.54 4.51 21.63 0.24 42.93 -0.16
Car 0.00 1 1.94 97.00 467.00 268.00 573.00 2.77 2.38 5.90 -18.52 1.39 36.43 1.47
Car 0.00 0 -1.80 974.00 461.00 1084.00 536.00 1.81 1.80 4.96 5.38 0.75 33.99 -1.64
Car 0.00 2 2.55 1486.00 453.00 1643.00 501.00 1.63 2.23 4.50 27.39 0.26 46.61 3.08
Car 0.00 0 -1.64 715.00 481.00 788.00 534.00 1.54 2.00 4.29 -2.47 1.17 40.14 -1.70
Car 0.00 1 -1.71 749.00 475.00 802.00 514.00 1.84 1.95 4.70 -2.56 1.20 62.25 -1.75
Car 0.00 0 -2.28 1556.00 434.00 2623.00 808.00 1.52 1.77 4.59 6.63 0.66 7.55 -1.56
Car 0.00 2 2.66 1175.00 461.00 1286.00 500.00 1.77 1.83 4.75 19.55 0.52 60.74 2.97
Car 0.00 0 2.09 -11.00 517.00 184.00 593.00 1.52 1.82 4.84 -17.55 1.97 30.02 1.56
