Car 0.00 0 1.14 1300.00 430.00 1506.00 529.00 2.00 2.16 5.47 13.20 0.25 29.16 1.57
Car 0.00 1 0.99 1545.00 421.00 1931.00 567.00 1.72 1.93 4.97 12.64 0.34 17.91 1.60
Car 0.00 0 1.08 1430.00 438.00 1674.00 538.00 1.59 1.99 4.37 13.15 0.34 23.08 1.60
Car 0.00 1 -1.71 986.00 469.00 1074.00 537.00 2.00 2.03 4.95 6.49 1.05 40.51 -1.55
Car 0.00 1 -1.72 1034.00 471.00 1145.00 557.00 1.77 1.80 4.46 6.00 0.99 29.06 -1.51
Car 0.00 1 -1.81 1073.00 485.00 1228.00 574.00 1.44 1.74 4.22 5.91 1.06 23.36 -1.57
Car 0.00 3 -1.68 959.00 479.00 1018.00 523.00 1.69 1.93 4.51 6.80 1.30 52.98 -1.55
Car 0.00 0 1.67 656.00 484.00 751.00 566.00 1.74 1.75 4.55 -2.86 1.27 30.05 1.58
Car 0.00 0 -1.82 1128.00 482.00 1343.00 603.00 1.41 1.72 4.36 5.48 0.92 17.39 -1.51
Car 0.00 0 -2.30 1540.00 328.00 3547.00 1175.00 1.76 1.78 4.42 4.88 0.65 4.89 -1.51
Car 0.00 0 1.88 174.00 478.00 592.00 747.00 1.62 1.75 4.27 -3.19 0.93 9.99 1.58
Car 0.00 1 1.80 554.00 494.00 645.00 557.00 2.00 1.88 5.27 -7.84 1.88 43.77 1.62
Car 0.00 2 1.72 631.00 492.00 689.00 538.00 1.88 1.82 4.48 -7.32 1.96 55.48 1.59
