Car 0.00 0 0.65 619.00 402.00 924.00 533.00 1.77 1.80 4.42 -0.30 0.37 19.15 0.64
Car 0.00 1 0.73 473.00 418.00 848.00 552.00 1.52 1.89 4.95 -1.79 0.52 16.84 0.62
Car 0.00 3 -2.57 721.00 428.00 992.00 523.00 1.44 1.85 4.33 1.16 0.57 21.80 -2.52
Car 0.00 3 0.21 1324.00 410.00 1444.00 446.00 1.51 1.86 4.46 26.09 -0.44 55.21 0.65
Car 0.00 3 -2.94 1334.00 445.00 1456.00 484.00 1.60 1.89 4.64 27.54 1.16 57.24 -2.49
Car 0.00 0 1.06 -2.00 419.00 450.00 594.00 1.36 1.91 4.69 -5.54 0.52 12.18 0.64
Car 0.00 0 0.87 320.00 416.00 664.00 564.00 1.49 1.76 3.96 -3.51 0.51 14.78 0.64
Car 0.00 3 0.24 1267.00 451.00 1406.00 497.00 1.49 1.84 4.30 19.95 1.26 45.93 0.65
Car 0.00 2 -2.63 808.00 408.00 1053.00 511.00 1.78 2.07 4.11 2.68 0.35 23.93 -2.52
Car 0.00 3 -2.76 1069.00 421.00 1257.00 483.00 1.48 1.81 4.33 9.80 0.33 33.06 -2.48
Car 0.00 3 0.19 1363.00 434.00 1478.00 471.00 1.63 2.04 4.46 29.64 0.64 59.07 0.65
