Car 0.00 0 -3.61 1326.00 455.00 2280.00 767.00 1.73 2.09 4.84 6.41 0.69 8.92 -2.98
Car 0.00 3 -0.51 1598.00 494.00 1838.00 572.00 1.55 2.01 3.83 20.10 0.89 28.39 0.11
Car 0.00 3 -3.29 1184.00 484.00 1443.00 587.00 1.65 1.96 4.10 8.94 0.75 23.15 -2.92
Car 0.00 2 -3.39 1208.00 486.00 1585.00 612.00 1.55 2.06 4.52 8.17 0.76 18.27 -2.97
Car 0.00 3 -3.48 1230.00 498.00 1667.00 630.00 1.36 2.10 4.38 7.66 0.84 15.78 -3.03
Car 0.00 3 -0.42 1549.00 494.00 1762.00 563.00 1.47 1.92 3.82 20.29 0.86 30.78 0.16
Car 0.00 3 -0.28 1310.00 491.00 1431.00 530.00 1.53 2.12 4.55 24.78 0.83 56.78 0.14
Car 0.00 3 -3.30 1128.00 485.00 1360.00 558.00 1.50 2.20 4.90 10.04 0.67 30.13 -2.98
Car 0.00 3 -3.38 1185.00 493.00 1510.00 598.00 1.47 2.09 4.52 8.56 0.83 20.83 -2.99
Car 0.00 3 -3.30 1157.00 484.00 1412.00 576.00 1.62 2.08 4.51 9.30 0.73 25.57 -2.95
