Car 0.00 1 0.28 83.00 484.00 323.00 568.00 1.68 1.94 4.27 -13.35 1.18 27.08 -0.18
Car 0.00 2 -0.51 1252.00 467.00 1437.00 536.00 2.00 2.33 4.71 15.92 0.96 38.67 -0.12
Car 0.00 0 2.69 994.00 489.00 1242.00 577.00 1.56 1.93 4.24 5.59 1.18 24.24 2.92
Car 0.00 1 0.83 1506.00 450.00 1893.00 598.00 2.10 2.28 5.19 14.06 0.83 20.71 1.43
Car 0.00 2 3.53 42.00 496.00 173.00 533.00 1.53 2.21 4.47 -31.36 1.91 54.75 3.01
Car 0.00 1 0.33 155.00 489.00 376.00 563.00 1.63 2.05 4.37 -13.25 1.31 29.81 -0.09
Car 0.00 3 2.74 1104.00 479.00 1233.00 521.00 1.67 2.24 4.64 14.19 1.24 52.11 3.00
Car 0.00 1 0.35 22.00 490.00 324.00 580.00 1.59 2.16 4.81 -12.66 1.23 24.58 -0.13
Car 0.00 2 3.01 819.00 491.00 942.00 537.00 1.61 1.95 4.26 1.96 1.60 46.07 3.05
Car 0.00 2 2.83 833.00 480.00 996.00 541.00 1.90 2.29 4.84 2.84 1.31 41.10 2.90
Car 0.00 2 0.96 1329.00 477.00 1676.00 602.00 1.74 2.26 5.39 10.73 1.05 20.54 1.45
Car 0.00 2 2.87 856.00 489.00 1026.00 548.00 1.55 2.12 4.33 3.18 1.34 35.32 2.96
Car 0.00 2 -0.35 931.00 473.00 1213.00 565.00 1.84 2.21 5.61 5.29 1.04 27.37 -0.16
Car 0.00 2 -0.55 1320.00 486.00 1505.00 547.00 1.64 2.17 4.30 16.80 1.32 36.07 -0.11
Car 0.00 1 2.78 912.00 474.00 1131.00 564.00 2.00 2.17 4.69 4.62 1.14 30.06 2.93
Car 0.00 3 -0.70 1504.00 461.00 1681.00 519.00 2.00 2.18 5.33 28.00 0.73 45.88 -0.15
Car 0.00 2 1.10 1185.00 479.00 1318.00 546.00 1.81 1.93 4.24 12.32 1.22 36.61 1.43
Car 0.00 2 2.96 793.00 482.00 922.00 534.00 1.90 2.19 4.70 1.16 1.47 48.79 2.98
Car 0.00 2 0.45 -183.00 489.00 8.00 541.00 1.62 2.00 4.72 -30.21 1.47 41.56 -0.18
Car 0.00 2 -0.48 1217.00 469.00 1364.00 525.00 1.75 2.00 4.05 15.29 0.89 41.41 -0.12
Car 0.00 3 0.39 -60.00 490.00 107.00 538.00 1.68 2.07 4.88 -30.17 1.65 47.20 -0.18
