Car 0.00 1 1.72 484.00 487.00 602.00 570.00 1.71 1.96 4.47 -6.40 1.28 28.77 1.50
Car 0.00 3 0.37 1209.00 474.00 1338.00 515.00 1.55 2.09 4.46 18.20 1.01 51.11 0.71
Car 0.00 2 -1.66 917.00 466.00 977.00 514.00 2.20 2.42 4.81 5.74 0.97 60.36 -1.57
Car 0.00 1 1.89 60.00 510.00 441.00 717.00 1.44 1.77 4.55 -5.00 1.14 11.64 1.48
Car 0.00 0 1.76 343.00 495.00 534.00 612.00 1.64 2.06 4.77 -6.17 1.26 20.53 1.47
Car 0.00 3 -2.08 895.00 477.00 1067.00 554.00 1.66 1.92 4.92 3.61 1.07 30.39 -1.96
Car 0.00 1 -1.94 803.00 473.00 958.00 564.00 1.69 1.79 4.17 1.01 0.98 26.11 -1.90
Car 0.00 3 -1.56 859.00 470.00 914.00 524.00 1.92 1.96 4.46 2.31 1.04 47.99 -1.51
Car 0.00 0 -1.84 908.00 469.00 1262.00 678.00 1.48 1.96 4.37 2.07 0.81 11.47 -1.66
Car 0.00 2 1.65 603.00 496.00 666.00 541.00 1.54 1.91 4.98 -7.25 1.80 47.76 1.50
Car 0.00 2 1.66 593.00 493.00 707.00 574.00 1.52 1.97 4.31 -3.64 1.28 26.51 1.52
