Car 0.00 3 -2.44 -562.00 468.00 132.00 729.00 1.73 1.65 3.97 -7.81 0.92 9.65 -3.12
Car 0.00 0 -3.22 831.00 433.00 1041.00 535.00 3.04 2.06 6.61 3.50 0.46 41.03 -3.14
Car 0.00 0 -3.00 615.00 486.00 712.00 522.00 1.25 1.32 3.52 -6.27 1.30 48.37 -3.13
Car 0.00 3 0.46 115.00 501.00 221.00 544.00 2.06 1.96 4.49 -34.29 2.70 65.31 -0.02
Car 0.00 3 -0.76 1469.00 477.00 2958.00 920.00 1.35 1.30 4.05 4.84 0.77 4.77 0.04
Car 0.00 3 -1.01 -13.00 496.00 193.00 582.00 1.82 1.87 5.06 -17.73 1.59 30.50 -1.53
Car 0.00 1 -0.26 1029.00 467.00 1401.00 612.00 1.56 1.55 4.01 4.60 0.82 15.27 0.04
Car 0.00 0 3.30 458.00 478.00 600.00 537.00 1.88 1.83 4.59 -10.40 1.30 44.07 3.07
Car 0.00 3 -3.72 1282.00 436.00 2263.00 760.00 1.51 1.70 4.21 5.04 0.66 7.16 -3.10
Car 0.00 3 -3.57 1170.00 438.00 1804.00 672.00 1.63 1.58 4.22 5.13 0.65 10.15 -3.10
