Car 0.00 3 -3.44 1109.00 471.00 1534.00 632.00 1.65 1.96 4.10 5.61 0.63 14.53 -3.07
Car 0.00 3 -3.36 975.00 477.00 1234.00 556.00 1.53 2.12 4.93 5.95 0.49 26.62 -3.14
Car 0.00 3 -3.25 912.00 473.00 1016.00 515.00 1.75 2.04 4.30 6.46 0.08 55.73 -3.13
Car 0.00 1 -3.64 1207.00 476.00 1976.00 716.00 1.55 2.06 4.52 5.54 0.69 9.59 -3.12
Car 0.00 0 -3.26 921.00 472.00 1048.00 518.00 1.72 2.23 4.75 6.62 0.14 50.32 -3.12
Car 0.00 0 2.46 1312.00 504.00 2401.00 807.00 1.36 2.10 4.38 5.38 0.80 7.07 3.11
Car 0.00 3 -0.57 1526.00 478.00 1800.00 563.00 1.47 1.92 3.82 15.74 0.51 23.71 0.02
Car 0.00 3 -0.33 1167.00 482.00 1301.00 523.00 1.53 2.12 4.55 16.46 0.42 50.08 -0.01
Car 0.00 3 -3.69 1596.00 477.00 1764.00 528.00 1.80 2.03 4.74 32.00 0.38 47.03 -3.09
Car 0.00 3 -0.47 1462.00 483.00 1705.00 561.00 1.50 1.92 3.85 15.91 0.60 26.43 0.07
Car 0.00 2 -3.38 997.00 478.00 1320.00 575.00 1.50 2.20 4.90 5.69 0.55 21.60 -3.13
Car 0.00 3 -3.56 1132.00 485.00 1708.00 660.00 1.47 2.09 4.52 5.57 0.71 12.18 -3.14
Car 0.00 3 -3.41 1054.00 472.00 1443.00 607.00 1.62 2.08 4.51 5.62 0.59 16.98 -3.09
