Car 0.00 0 1.73 548.00 484.00 620.00 550.00 2.20 1.93 3.92 -8.66 1.66 45.03 1.54
Car 0.00 0 -1.71 978.00 484.00 1055.00 537.00 1.59 1.83 4.69 6.24 1.32 41.67 -1.56
Car 0.00 2 0.95 1503.00 423.00 1878.00 578.00 1.96 2.00 4.97 12.57 0.45 18.77 1.54
Car 0.00 2 1.70 579.00 477.00 648.00 543.00 2.44 2.06 4.39 -8.41 1.58 49.72 1.54
Car 0.00 0 -2.14 1446.00 469.00 2143.00 813.00 1.58 1.60 3.48 5.42 0.85 7.66 -1.53
Car 0.00 0 -1.79 1046.00 469.00 1203.00 578.00 1.88 1.92 4.80 5.69 1.00 24.60 -1.56
Car 0.00 1 1.86 433.00 489.00 570.00 576.00 2.00 1.97 5.18 -8.22 1.54 32.19 1.61
Car 0.00 1 -1.86 1107.00 464.00 1330.00 610.00 1.83 1.82 4.53 5.55 0.92 18.41 -1.56
Car 0.00 1 -1.69 956.00 474.00 1012.00 529.00 1.96 1.63 3.87 5.95 1.19 47.69 -1.56
Car 0.00 1 -1.75 1017.00 480.00 1121.00 557.00 1.69 1.69 4.14 5.78 1.13 30.29 -1.56
Car 0.00 0 -2.03 1196.00 444.00 1653.00 681.00 1.86 1.99 4.93 5.56 0.80 12.59 -1.61
