Car 0.00 3 1.18 1262.00 439.00 1357.00 492.00 2.00 1.87 4.84 19.65 -0.15 51.25 1.55
Car 0.00 3 0.97 1563.00 427.00 1720.00 491.00 1.93 1.95 4.64 26.36 -0.32 40.75 1.54
Car 0.00 0 -0.60 348.00 454.00 877.00 659.00 1.67 1.95 5.03 -1.97 0.71 12.76 -0.75
Car 0.00 1 1.22 1254.00 446.00 1336.00 497.00 1.69 1.48 3.83 16.66 0.07 44.74 1.58
Car 0.00 3 1.65 697.00 469.00 734.00 506.00 2.20 1.93 3.92 -6.80 1.07 77.16 1.56
Car 0.00 3 1.29 1130.00 454.00 1216.00 507.00 1.96 2.00 4.97 13.89 0.42 50.52 1.56
Car 0.00 3 1.26 1197.00 441.00 1289.00 494.00 2.00 2.00 5.07 16.66 -0.07 50.42 1.58
Car 0.00 0 -1.67 1001.00 465.00 1064.00 519.00 1.58 1.60 3.48 6.49 0.68 39.71 -1.51
Car 0.00 3 -1.67 959.00 462.00 1013.00 507.00 1.88 1.92 4.80 7.13 0.64 56.49 -1.54
Car 0.00 2 1.98 213.00 497.00 434.00 607.00 1.63 1.83 4.70 -8.70 1.35 22.16 1.61
Car 0.00 3 1.73 669.00 469.00 724.00 510.00 2.00 1.97 5.18 -6.62 0.98 64.35 1.63
Car 0.00 0 -2.07 1248.00 458.00 2026.00 807.00 1.53 1.89 4.76 4.46 0.75 8.05 -1.57
Car 0.00 2 -2.02 1366.00 438.00 1551.00 528.00 1.67 1.72 4.18 12.93 0.26 25.96 -1.56
Car 0.00 3 1.92 424.00 483.00 652.00 604.00 1.54 1.76 4.70 -4.14 1.00 18.83 1.70
Car 0.00 3 -1.64 936.00 464.00 966.00 496.00 1.96 1.63 3.87 7.87 0.65 79.51 -1.54
Car 0.00 3 -2.15 1543.00 429.00 1780.00 528.00 1.82 1.82 4.58 17.07 0.18 25.95 -1.56
Car 0.00 3 1.92 386.00 468.00 543.00 561.00 1.96 1.92 4.79 -8.27 0.97 29.09 1.64
Car 0.00 2 -1.74 978.00 458.00 1060.00 514.00 1.86 1.99 4.93 6.75 0.56 44.45 -1.59
