Car 0.00 2 2.48 1434.00 479.00 1969.00 656.00 1.73 2.10 4.44 9.37 1.00 13.70 3.08
Car 0.00 0 2.02 -349.00 366.00 479.00 841.00 2.18 2.33 5.55 -4.31 0.66 8.62 1.56
Car 0.00 3 2.79 1121.00 481.00 1373.00 571.00 1.82 2.21 4.79 9.19 1.21 27.71 3.11
Car 0.00 3 -3.60 1311.00 468.00 1798.00 631.00 1.88 2.44 4.94 9.29 0.97 16.43 -3.09
Car 0.00 3 -3.54 1220.00 490.00 1527.00 587.00 1.55 2.17 4.46 9.51 1.17 22.10 -3.14
Car 0.00 3 -3.26 944.00 480.00 1038.00 513.00 1.70 2.00 4.86 8.98 1.43 68.61 -3.13
Car 0.00 3 -0.44 1241.00 456.00 1641.00 599.00 1.98 2.40 4.94 9.23 0.84 19.22 0.01
Car 0.00 3 2.76 1157.00 483.00 1433.00 580.00 1.78 2.11 4.67 9.24 1.19 24.99 3.11
Car 0.00 2 -0.74 1557.00 492.00 2270.00 695.00 1.55 2.04 4.59 9.32 1.01 11.04 -0.04
Car 0.00 3 2.97 921.00 467.00 1020.00 508.00 2.42 2.35 5.91 9.08 1.12 79.56 3.08
