Car 0.00 3 1.15 1306.00 441.00 1419.00 500.00 2.00 1.87 4.84 19.49 0.06 45.83 1.55
Car 0.00 0 -1.58 860.00 459.00 996.00 575.00 1.67 1.95 5.03 1.68 0.73 21.08 -1.50
Car 0.00 0 1.18 1307.00 448.00 1408.00 507.00 1.69 1.48 3.83 16.54 0.25 39.23 1.58
Car 0.00 3 1.65 684.00 476.00 725.00 516.00 2.20 1.93 3.92 -6.96 1.47 71.64 1.56
Car 0.00 3 -1.66 951.00 480.00 994.00 512.00 1.59 1.83 4.69 7.88 1.41 68.01 -1.54
Car 0.00 3 1.26 1161.00 457.00 1263.00 517.00 1.96 2.00 4.97 13.75 0.62 45.00 1.56
Car 0.00 3 1.22 1235.00 444.00 1345.00 504.00 2.00 2.00 5.07 16.51 0.18 44.91 1.58
Car 0.00 3 1.64 697.00 470.00 738.00 512.00 2.44 2.06 4.39 -6.60 1.29 76.35 1.56
Car 0.00 1 1.04 1456.00 435.00 1600.00 503.00 1.92 1.80 4.44 21.58 0.01 38.76 1.54
Car 0.00 0 -1.69 1024.00 472.00 1102.00 536.00 1.58 1.60 3.48 6.36 0.90 34.00 -1.51
Car 0.00 3 -1.68 969.00 469.00 1031.00 519.00 1.88 1.92 4.80 6.98 0.98 50.97 -1.54
Car 0.00 3 2.09 -20.00 516.00 318.00 670.00 1.63 1.83 4.70 -8.79 1.51 16.82 1.61
Car 0.00 3 1.74 650.00 478.00 712.00 524.00 2.00 1.97 5.18 -6.77 1.41 58.82 1.63
Car 0.00 3 -1.69 982.00 466.00 1050.00 522.00 1.83 1.82 4.53 6.71 0.85 44.76 -1.54
Car 0.00 0 -2.12 1497.00 438.00 1772.00 557.00 1.67 1.72 4.18 12.82 0.43 20.24 -1.56
Car 0.00 0 2.47 -133.00 503.00 491.00 746.00 1.54 1.76 4.70 -5.25 1.13 10.98 2.03
Car 0.00 3 -1.65 941.00 471.00 974.00 506.00 1.96 1.63 3.87 7.71 1.10 74.00 -1.54
Car 0.00 2 1.99 258.00 477.00 473.00 598.00 1.96 1.92 4.79 -8.42 1.17 23.41 1.64
Car 0.00 2 -1.76 994.00 464.00 1091.00 530.00 1.86 1.99 4.93 6.61 0.81 38.93 -1.59
