Car 0.00 3 3.38 316.00 429.00 507.00 487.00 1.91 2.32 6.00 -13.05 0.67 44.26 3.10
Car 0.00 3 -2.71 100.00 422.00 358.00 509.00 2.11 2.28 5.66 -14.40 0.69 32.84 -3.12
Car 0.00 3 -2.51 -306.00 426.00 86.00 545.00 1.91 2.23 5.26 -15.46 0.79 22.00 -3.12
Car 0.00 3 -2.58 -153.00 424.00 190.00 535.00 2.00 2.27 5.33 -14.92 0.78 24.76 -3.12
Car 0.00 3 -2.67 37.00 422.00 303.00 515.00 2.09 2.24 5.25 -14.64 0.71 30.20 -3.12
Car 0.00 3 -1.30 1085.00 426.00 1214.00 481.00 1.48 2.28 5.29 10.67 0.43 36.88 -1.02
Car 0.00 3 -2.73 159.00 429.00 380.00 502.00 1.96 2.13 5.38 -14.57 0.75 35.79 -3.12
Car 0.00 2 0.26 303.00 388.00 542.00 480.00 3.62 2.77 9.16 -15.07 -0.17 52.75 -0.02
Car 0.00 3 3.44 315.00 441.00 478.00 495.00 1.66 2.05 4.66 -12.67 0.95 41.19 3.14
Car 0.00 3 3.44 235.00 446.00 409.00 500.00 1.54 1.96 4.64 -14.18 1.04 38.74 3.08
Car 0.00 3 -2.48 -390.00 431.00 58.00 562.00 1.83 2.23 5.16 -14.36 0.84 19.28 -3.12
Car 0.00 3 0.15 490.00 440.00 598.00 473.00 1.54 2.04 4.94 -11.89 0.91 62.13 -0.04
Car 0.00 3 -1.26 984.00 428.00 1112.00 483.00 1.48 2.20 5.04 7.69 0.47 36.85 -1.06
