Car 0.00 0 1.71 571.00 484.00 637.00 545.00 2.20 1.93 3.92 -8.57 1.71 48.57 1.54
Car 0.00 0 -1.70 969.00 483.00 1038.00 531.00 1.59 1.83 4.69 6.32 1.33 45.19 -1.56
Car 0.00 1 1.02 1410.00 439.00 1696.00 566.00 1.96 2.00 4.97 12.64 0.57 22.30 1.54
Car 0.00 1 0.95 1551.00 415.00 1872.00 545.00 2.00 2.00 5.07 15.44 0.22 22.31 1.56
Car 0.00 2 1.69 598.00 478.00 661.00 539.00 2.44 2.06 4.39 -8.31 1.61 53.26 1.54
Car 0.00 0 -1.98 1284.00 483.00 1660.00 699.00 1.58 1.60 3.48 5.48 0.95 11.15 -1.53
Car 0.00 1 -1.76 1024.00 473.00 1155.00 567.00 1.88 1.92 4.80 5.76 1.09 28.11 -1.56
Car 0.00 1 1.83 478.00 492.00 596.00 569.00 2.00 1.97 5.18 -8.14 1.66 35.73 1.61
Car 0.00 1 -1.81 1070.00 470.00 1243.00 590.00 1.83 1.82 4.53 5.62 0.99 21.95 -1.56
Car 0.00 1 -1.68 949.00 475.00 1001.00 526.00 1.96 1.63 3.87 6.04 1.24 51.22 -1.56
Car 0.00 2 -1.73 1001.00 482.00 1092.00 551.00 1.69 1.69 4.14 5.86 1.23 33.82 -1.56
Car 0.00 0 -1.95 1131.00 460.00 1446.00 637.00 1.86 1.99 4.93 5.63 0.91 16.10 -1.61
