Car 0.00 3 2.58 1390.00 497.00 1664.00 577.00 1.52 1.88 4.64 14.34 1.35 25.82 3.09
Car 0.00 0 2.14 -884.00 329.00 461.00 1109.00 1.90 1.91 4.50 -3.25 0.64 5.37 1.60
Car 0.00 3 2.85 1141.00 485.00 1261.00 533.00 1.88 1.81 4.40 15.46 1.60 51.82 3.14
Car 0.00 1 2.51 1510.00 438.00 1943.00 597.00 2.41 2.15 5.59 14.62 0.76 20.61 3.13
Car 0.00 3 -3.52 1241.00 493.00 1412.00 548.00 1.48 1.69 4.23 14.27 1.44 35.90 -3.14
Car 0.00 3 2.82 1166.00 480.00 1309.00 532.00 1.80 1.86 4.62 15.06 1.29 46.03 3.14
Car 0.00 3 2.62 1325.00 495.00 1541.00 563.00 1.56 1.86 4.43 14.87 1.43 30.86 3.07
Car 0.00 3 2.71 1289.00 489.00 1476.00 557.00 1.70 1.80 4.17 14.76 1.39 33.39 3.12
Car 0.00 3 2.65 1349.00 497.00 1599.00 575.00 1.63 1.92 4.65 14.57 1.46 28.37 3.12
Car 0.00 3 2.84 1153.00 491.00 1280.00 531.00 1.47 1.83 4.38 15.23 1.59 49.06 3.14
Car 0.00 3 2.75 1207.00 479.00 1371.00 536.00 1.76 1.99 4.65 15.17 1.23 41.28 3.11
