Car 0.00 1 0.23 944.00 456.00 1128.00 525.00 1.92 2.49 4.93 6.23 0.64 37.24 0.40
Car 0.00 0 -1.29 299.00 467.00 612.00 671.00 1.66 1.82 4.13 -3.42 0.86 12.40 -1.56
Car 0.00 3 -1.58 788.00 456.00 953.00 612.00 1.86 1.96 4.59 0.57 0.82 17.41 -1.55
Car 0.00 3 2.62 1442.00 442.00 1615.00 496.00 1.81 2.19 4.87 24.83 -0.02 44.47 3.13
Car 0.00 0 -1.59 710.00 472.00 1045.00 713.00 1.47 2.06 4.81 0.34 0.81 10.18 -1.56
Car 0.00 0 -1.48 595.00 468.00 737.00 583.00 1.88 2.15 4.80 -2.81 0.96 23.07 -1.61
Car 0.00 3 -3.52 1399.00 444.00 1519.00 486.00 1.87 1.98 4.53 29.34 -0.21 58.25 -3.05
Car 0.00 0 1.99 141.00 495.00 346.00 582.00 1.93 2.37 6.06 -14.29 1.61 31.24 1.56
Car 0.00 2 1.52 585.00 496.00 642.00 537.00 1.67 2.21 4.85 -9.43 2.02 55.28 1.35
Car 0.00 0 -1.74 1366.00 444.00 1861.00 771.00 1.75 2.15 4.67 5.33 0.79 9.30 -1.22
Car 0.00 0 0.73 9.00 513.00 218.00 579.00 1.76 2.28 4.92 -20.31 2.16 35.78 0.21
