Car 0.00 0 1.82 512.00 478.00 603.00 541.00 1.94 1.82 4.53 -8.61 1.25 40.50 1.61
Car 0.00 0 -1.13 -259.00 498.00 537.00 918.00 1.54 1.78 4.58 -3.07 0.92 6.91 -1.55
Car 0.00 0 -3.35 1114.00 460.00 1310.00 534.00 1.89 1.75 4.69 10.12 0.72 33.15 -3.05
Car 0.00 0 -3.49 1304.00 443.00 1547.00 531.00 1.78 1.67 4.31 12.55 0.36 26.46 -3.05
Car 0.00 0 -3.67 1545.00 445.00 1779.00 516.00 1.78 1.82 4.78 21.62 0.29 32.58 -3.09
Car 0.00 3 1.82 470.00 490.00 546.00 537.00 1.66 1.67 4.49 -11.80 1.59 46.72 1.57
Car 0.00 0 2.79 714.00 462.00 975.00 550.00 1.69 1.78 5.05 0.36 0.72 25.71 2.81
Car 0.00 0 -2.76 341.00 481.00 558.00 554.00 1.82 1.90 5.00 -9.68 1.21 32.36 -3.05
Car 0.00 1 -3.20 872.00 470.00 1067.00 538.00 1.58 1.85 4.51 3.36 0.81 30.01 -3.08
Car 0.00 0 1.62 587.00 476.00 637.00 518.00 2.00 2.12 4.81 -10.43 1.31 61.18 1.45
