Car 0.00 2 -0.34 1222.00 455.00 1586.00 577.00 1.81 1.91 4.82 8.90 0.69 19.66 0.08
Car 0.00 0 -0.64 1576.00 489.00 2561.00 725.00 1.45 1.89 4.89 8.44 0.87 9.01 0.12
Car 0.00 3 -3.48 1194.00 485.00 1459.00 558.00 1.40 1.94 4.54 9.91 1.01 25.13 -3.11
Car 0.00 0 1.77 642.00 495.00 794.00 589.00 1.43 1.75 4.30 -1.74 1.15 21.49 1.69
Car 0.00 1 1.80 605.00 445.00 754.00 563.00 2.57 2.12 6.67 -3.40 0.79 30.58 1.69
Car 0.00 3 -3.24 1097.00 480.00 1237.00 527.00 1.59 1.96 4.65 12.02 1.17 44.52 -2.97
Car 0.00 3 -0.57 1484.00 478.00 2136.00 660.00 1.52 1.73 4.53 8.82 0.85 11.58 0.08
Car 0.00 0 2.60 -7714.00 -488.00 232.00 3837.00 1.99 2.01 5.79 -4.41 0.58 3.59 1.71
Car 0.00 3 -3.54 1288.00 469.00 1706.00 592.00 1.55 1.85 4.59 8.83 0.78 16.85 -3.06
Car 0.00 3 -3.33 1128.00 481.00 1316.00 545.00 1.66 1.76 4.54 10.46 1.12 33.41 -3.03
Car 0.00 3 -3.47 1177.00 479.00 1405.00 555.00 1.65 1.77 4.49 10.41 1.04 28.31 -3.12
Car 0.00 3 -3.48 1227.00 483.00 1519.00 573.00 1.52 1.83 4.41 9.62 1.00 22.35 -3.07
