Car 0.00 3 3.04 891.00 478.00 981.00 507.00 1.33 1.91 4.35 6.09 0.05 64.76 3.14
Car 0.00 3 2.97 940.00 468.00 1127.00 544.00 1.75 2.04 4.30 5.37 0.33 31.76 3.14
Car 0.00 0 -3.35 964.00 465.00 1217.00 557.00 1.72 2.23 4.75 5.60 0.37 26.36 -3.14
Car 0.00 3 -0.42 1283.00 486.00 1447.00 546.00 1.57 1.84 3.80 15.52 0.67 35.97 -0.01
Car 0.00 1 -0.43 1308.00 475.00 1506.00 549.00 1.79 2.06 4.23 15.56 0.51 33.55 0.01
Car 0.00 0 -0.56 1425.00 488.00 1706.00 571.00 1.53 2.12 4.55 15.44 0.75 26.28 -0.03
Car 0.00 2 -0.04 912.00 467.00 1052.00 518.00 1.68 2.04 4.84 5.90 0.03 45.59 0.09
Car 0.00 3 -3.21 918.00 474.00 1062.00 522.00 1.49 2.02 4.71 5.87 0.21 43.17 -3.07
Car 0.00 3 -3.29 931.00 475.00 1091.00 528.00 1.50 1.96 4.56 5.90 0.28 38.79 -3.14
Car 0.00 1 -3.70 1560.00 484.00 1703.00 526.00 1.51 1.96 4.21 31.55 0.51 49.10 -3.13
