Car 0.00 2 -2.41 -80.00 453.00 310.00 581.00 1.58 1.80 4.72 -9.65 0.30 17.51 -2.91
Car 0.00 3 -2.65 350.00 472.00 573.00 547.00 1.50 1.70 4.36 -7.70 0.35 27.59 -2.92
Car 0.00 3 2.16 119.00 440.00 331.00 543.00 2.10 1.91 4.93 -13.24 -0.03 28.78 1.73
Car 0.00 0 1.50 1076.00 471.00 1214.00 582.00 1.58 1.81 4.48 5.24 0.48 20.68 1.75
Car 0.00 3 -2.94 649.00 475.00 833.00 547.00 1.59 1.74 4.06 -1.75 0.43 30.00 -3.00
Car 0.00 0 1.33 1525.00 479.00 1743.00 592.00 1.46 1.69 4.43 12.07 0.55 19.01 1.90
Car 0.00 0 0.49 130.00 463.00 632.00 621.00 1.53 1.72 4.99 -4.71 0.49 13.95 0.16
Car 0.00 2 1.48 1041.00 468.00 1130.00 540.00 1.67 1.77 4.21 6.71 0.27 31.89 1.69
Car 0.00 0 -2.90 579.00 463.00 799.00 552.00 1.76 1.84 4.38 -2.69 0.31 27.26 -3.00
Car 0.00 0 0.89 -808.00 475.00 262.00 824.00 1.39 1.72 4.57 -5.44 0.64 6.53 0.20
Car 0.00 3 -2.77 416.00 462.00 631.00 532.00 1.58 1.69 4.78 -7.09 0.12 30.83 -3.00
