Car 0.00 3 0.39 255.00 449.00 381.00 495.00 1.94 2.18 4.65 -22.49 0.10 55.54 0.00
Car 0.00 3 2.61 1419.00 465.00 1526.00 501.00 1.88 2.15 4.79 35.20 0.69 68.36 3.09
Car 0.00 0 -2.00 1379.00 484.00 1552.00 554.00 1.43 1.76 4.51 14.33 1.05 28.41 -1.53
Car 0.00 3 0.49 92.00 447.00 253.00 502.00 1.84 1.91 4.72 -23.21 0.16 44.55 0.01
Car 0.00 0 -1.93 863.00 460.00 1017.00 543.00 1.76 2.02 4.79 2.52 0.69 29.32 -1.84
Car 0.00 3 2.88 995.00 468.00 1132.00 517.00 1.84 2.08 4.96 9.38 0.88 49.89 3.07
Car 0.00 3 2.62 1348.00 475.00 1481.00 518.00 1.71 2.05 4.53 24.17 1.08 51.58 3.06
Car 0.00 0 2.84 1077.00 461.00 1292.00 539.00 1.96 1.99 5.10 9.43 0.78 33.25 3.11
Car 0.00 0 1.01 1486.00 472.00 1707.00 562.00 1.84 1.94 4.85 17.13 0.99 28.20 1.56
Car 0.00 2 0.65 -127.00 449.00 48.00 504.00 1.74 1.86 4.62 -28.88 0.22 41.86 0.05
Car 0.00 2 0.40 174.00 449.00 318.00 494.00 1.75 2.08 4.79 -23.19 0.07 50.18 -0.03
Car 0.00 1 0.24 448.00 458.00 631.00 517.00 1.59 2.25 4.72 -8.18 0.49 36.10 0.02
Car 0.00 3 -0.29 1074.00 465.00 1257.00 534.00 1.92 1.87 4.76 9.73 0.84 36.21 -0.03
Car 0.00 0 1.09 1304.00 481.00 1409.00 529.00 1.55 1.82 3.66 18.15 1.16 43.06 1.49
Car 0.00 3 2.90 1026.00 476.00 1171.00 523.00 1.59 1.98 4.67 9.61 1.04 44.54 3.11
Car 0.00 3 2.87 1056.00 469.00 1225.00 528.00 1.75 1.89 4.74 9.68 0.87 38.90 3.11
Car 0.00 1 0.63 -203.00 448.00 2.00 508.00 1.75 1.99 4.91 -28.90 0.25 39.16 -0.00
Car 0.00 3 2.96 971.00 471.00 1077.00 505.00 1.52 2.00 4.61 9.20 0.85 58.73 3.11
