Car 0.00 3 0.38 268.00 450.00 391.00 495.00 1.94 2.18 4.65 -22.34 0.11 56.47 0.01
Car 0.00 3 2.62 1412.00 467.00 1517.00 502.00 1.88 2.15 4.79 35.35 0.78 69.50 3.09
Car 0.00 0 -1.99 1369.00 485.00 1535.00 553.00 1.43 1.76 4.51 14.43 1.07 29.23 -1.53
Car 0.00 2 0.48 108.00 453.00 265.00 506.00 1.84 1.91 4.72 -23.18 0.35 45.48 0.01
Car 0.00 0 -2.51 914.00 465.00 1162.00 558.00 1.76 2.02 4.79 4.29 0.80 26.03 -2.34
Car 0.00 3 2.88 997.00 469.00 1131.00 517.00 1.84 2.08 4.96 9.56 0.93 50.72 3.07
Car 0.00 3 2.63 1340.00 476.00 1470.00 518.00 1.71 2.05 4.53 24.23 1.12 52.56 3.06
Car 0.00 0 2.84 1075.00 463.00 1283.00 539.00 1.96 1.99 5.10 9.55 0.84 34.20 3.12
Car 0.00 0 1.03 1474.00 473.00 1686.00 560.00 1.84 1.94 4.85 17.24 1.00 29.00 1.56
Car 0.00 2 0.64 -99.00 453.00 71.00 506.00 1.74 1.86 4.62 -28.83 0.34 43.06 0.05
Car 0.00 3 0.40 192.00 451.00 333.00 496.00 1.75 2.08 4.79 -22.97 0.15 51.12 -0.03
Car 0.00 1 0.24 463.00 461.00 641.00 518.00 1.59 2.25 4.72 -8.05 0.56 37.07 0.02
Car 0.00 3 -0.29 1072.00 466.00 1251.00 534.00 1.92 1.87 4.76 9.85 0.89 37.04 -0.03
Car 0.00 0 1.09 1300.00 482.00 1403.00 529.00 1.55 1.82 3.66 18.31 1.20 43.86 1.49
Car 0.00 3 2.90 1027.00 477.00 1169.00 523.00 1.59 1.98 4.67 9.76 1.08 45.36 3.12
Car 0.00 3 2.87 1056.00 472.00 1221.00 530.00 1.75 1.89 4.74 9.82 0.96 39.72 3.12
Car 0.00 3 0.62 -173.00 453.00 26.00 511.00 1.75 1.99 4.91 -28.75 0.38 40.13 -0.00
Car 0.00 3 2.96 973.00 473.00 1078.00 506.00 1.52 2.00 4.61 9.40 0.92 59.55 3.12
