Car 0.00 1 0.46 -338.00 475.00 71.00 608.00 1.68 1.94 4.27 -13.71 0.97 18.18 -0.18
Car 0.00 2 -0.60 1356.00 433.00 1604.00 526.00 2.00 2.33 4.71 15.50 0.23 29.88 -0.13
Car 0.00 0 2.59 1059.00 461.00 1460.00 609.00 1.56 1.93 4.24 5.26 0.74 15.43 2.92
Car 0.00 2 3.61 -131.00 492.00 36.00 539.00 1.53 2.21 4.47 -31.84 1.65 45.77 3.01
Car 0.00 1 0.49 -173.00 481.00 174.00 593.00 1.63 2.05 4.37 -13.62 1.07 20.91 -0.09
Car 0.00 3 2.69 1146.00 455.00 1304.00 508.00 1.67 2.24 4.64 13.72 0.39 43.32 3.00
Car 0.00 2 -0.25 844.00 471.00 1057.00 545.00 1.54 2.06 4.57 2.85 0.86 29.37 -0.15
Car 0.00 1 0.56 -511.00 484.00 37.00 635.00 1.59 2.16 4.81 -13.01 1.04 15.68 -0.13
Car 0.00 2 3.00 803.00 474.00 955.00 533.00 1.61 1.95 4.26 1.52 0.98 37.24 3.05
Car 0.00 2 2.82 817.00 458.00 1026.00 540.00 1.90 2.29 4.84 2.40 0.73 32.26 2.89
Car 0.00 2 2.85 847.00 469.00 1075.00 552.00 1.55 2.12 4.33 2.79 0.82 26.49 2.96
Car 0.00 2 -0.42 954.00 440.00 1379.00 585.00 1.84 2.21 5.61 4.92 0.58 18.55 -0.16
Car 0.00 2 -0.66 1456.00 457.00 1711.00 541.00 1.64 2.17 4.30 16.40 0.61 27.29 -0.12
Car 0.00 1 2.73 924.00 444.00 1239.00 578.00 2.00 2.17 4.69 4.25 0.65 21.23 2.93
Car 0.00 2 1.02 1274.00 451.00 1467.00 542.00 1.81 1.93 4.24 11.92 0.56 27.81 1.42
Car 0.00 2 2.96 771.00 464.00 930.00 529.00 1.90 2.19 4.70 0.71 0.82 39.95 2.98
Car 0.00 2 0.34 -76.00 461.00 247.00 575.00 1.91 2.06 4.80 -13.79 0.86 23.62 -0.19
Car 0.00 2 2.97 761.00 475.00 879.00 521.00 1.61 2.02 4.17 -0.28 1.06 47.86 2.97
Car 0.00 2 2.80 894.00 474.00 1125.00 567.00 1.57 2.02 3.87 3.43 0.92 23.86 2.95
Car 0.00 2 -0.55 1304.00 438.00 1495.00 512.00 1.75 2.00 4.05 14.86 0.14 32.62 -0.13
Car 0.00 2 -0.72 1531.00 434.00 1723.00 496.00 1.94 2.33 5.22 27.13 -0.15 42.55 -0.15
Car 0.00 3 0.17 326.00 477.00 452.00 526.00 1.88 2.00 4.68 -18.29 1.30 52.54 -0.16
Car 0.00 2 2.90 820.00 471.00 973.00 533.00 1.57 2.01 3.85 1.90 0.87 34.81 2.96
Car 0.00 3 2.97 748.00 463.00 870.00 520.00 2.25 2.37 4.79 -0.77 0.91 53.23 2.95
