Car 0.00 3 -1.60 1572.00 386.00 1703.00 494.00 2.00 2.05 4.61 17.34 0.04 25.88 -1.01
Car 0.00 3 3.46 220.00 417.00 471.00 491.00 1.91 2.32 6.00 -11.89 0.41 34.34 3.13
Car 0.00 3 -2.56 -160.00 403.00 223.00 526.00 2.11 2.28 5.66 -13.58 0.46 22.96 -3.09
Car 0.00 3 -2.42 -496.00 413.00 19.00 558.00 1.87 2.34 5.38 -14.08 0.62 17.60 -3.09
Car 0.00 3 -2.49 -296.00 401.00 122.00 539.00 2.09 2.24 5.25 -13.91 0.49 20.33 -3.09
Car 0.00 3 -1.41 1258.00 419.00 1423.00 499.00 1.48 2.28 5.29 11.60 0.38 26.23 -0.99
Car 0.00 3 3.33 453.00 433.00 580.00 474.00 1.53 2.02 4.60 -10.61 0.60 49.84 3.12
Car 0.00 3 -2.60 -43.00 414.00 273.00 514.00 1.96 2.13 5.38 -13.67 0.51 25.92 -3.09
Car 0.00 2 0.31 246.00 369.00 542.00 481.00 3.62 2.77 9.16 -13.19 -0.43 42.93 0.01
Car 0.00 3 -2.76 204.00 432.00 424.00 502.00 1.66 2.05 4.66 -11.61 0.70 31.26 -3.12
Car 0.00 3 3.54 84.00 439.00 327.00 509.00 1.54 1.96 4.64 -13.19 0.79 28.86 3.12
Car 0.00 3 0.19 474.00 433.00 604.00 472.00 1.54 2.04 4.94 -10.18 0.58 52.16 -0.00
Car 0.00 3 -1.47 1417.00 402.00 1566.00 494.00 1.70 2.18 4.79 14.58 0.18 25.98 -0.96
Car 0.00 3 -2.93 477.00 424.00 594.00 470.00 1.95 2.11 4.68 -10.92 0.37 55.14 -3.13
Car 0.00 3 -1.98 1134.00 391.00 1270.00 469.00 3.44 3.31 7.59 19.35 -0.37 59.45 -1.66
Car 0.00 3 -1.34 1112.00 420.00 1279.00 499.00 1.48 2.20 5.04 8.62 0.40 26.29 -1.02
