Car 0.00 3 -0.61 1448.00 457.00 1673.00 536.00 1.77 2.14 4.50 19.93 1.48 32.66 -0.06
Car 0.00 0 2.01 -32.00 420.00 287.00 560.00 1.52 1.76 4.75 -8.40 0.62 16.68 1.54
Car 0.00 0 1.75 469.00 417.00 561.00 474.00 1.70 2.11 4.58 -9.00 0.27 42.27 1.54
Car 0.00 3 2.49 1336.00 416.00 2033.00 661.00 1.74 2.02 4.59 7.51 0.81 10.92 3.10
Car 0.00 2 -0.30 1018.00 406.00 1264.00 515.00 2.07 2.28 4.59 7.56 0.48 27.30 -0.03
Car 0.00 3 -0.46 1238.00 443.00 1374.00 498.00 1.83 1.94 4.16 19.13 1.17 46.61 -0.07
Car 0.00 0 1.89 236.00 412.00 418.00 519.00 1.73 1.81 4.39 -8.42 0.50 23.56 1.54
Car 0.00 3 -0.82 1517.00 334.00 2584.00 742.00 2.02 2.10 4.61 7.45 0.57 7.83 -0.06
Car 0.00 3 -0.58 1352.00 459.00 1550.00 534.00 2.00 2.06 4.90 19.96 1.73 38.09 -0.10
Car 0.00 2 -0.27 993.00 435.00 1197.00 520.00 1.96 2.14 4.66 7.93 1.01 32.78 -0.03
Car 0.00 1 1.85 360.00 420.00 491.00 492.00 1.54 1.77 4.61 -8.71 0.44 30.87 1.58
Car 0.00 3 2.90 967.00 423.00 1152.00 496.00 1.82 2.10 4.67 7.64 0.60 35.69 3.11
Car 0.00 3 2.95 925.00 431.00 1068.00 485.00 1.63 1.94 4.53 7.21 0.69 43.75 3.11
