Car 0.00 3 0.42 102.00 458.00 249.00 509.00 1.94 2.18 4.65 -25.60 0.54 49.41 -0.05
Car 0.00 3 2.58 1372.00 458.00 1483.00 494.00 1.88 2.15 4.79 31.42 0.32 65.56 3.03
Car 0.00 0 -2.07 1383.00 477.00 1600.00 559.00 1.43 1.76 4.51 12.74 0.87 24.38 -1.59
Car 0.00 1 0.54 -119.00 457.00 80.00 520.00 1.84 1.91 4.72 -25.78 0.56 38.29 -0.05
Car 0.00 0 -1.60 790.00 465.00 863.00 528.00 1.76 2.02 4.79 -0.06 0.76 37.20 -1.60
Car 0.00 3 2.87 934.00 467.00 1082.00 519.00 1.84 2.08 4.96 6.55 0.81 45.54 3.01
Car 0.00 0 2.80 1033.00 456.00 1278.00 546.00 1.96 1.99 5.10 7.51 0.70 28.93 3.06
Car 0.00 0 0.94 1501.00 462.00 1775.00 568.00 1.84 1.94 4.85 15.50 0.81 24.33 1.50
Car 0.00 2 0.45 0.00 458.00 173.00 509.00 1.75 2.08 4.79 -25.87 0.47 43.96 -0.09
Car 0.00 2 0.41 64.00 461.00 219.00 510.00 1.75 2.08 4.60 -25.36 0.57 46.54 -0.09
Car 0.00 0 0.28 298.00 464.00 518.00 531.00 1.59 2.25 4.72 -10.22 0.66 30.91 -0.03
Car 0.00 3 -0.32 1028.00 460.00 1235.00 538.00 1.92 1.87 4.76 7.70 0.72 31.91 -0.09
Car 0.00 0 1.05 1272.00 476.00 1389.00 529.00 1.55 1.82 3.66 15.70 0.99 39.22 1.43
Car 0.00 3 2.88 969.00 474.00 1128.00 525.00 1.59 1.98 4.67 7.08 0.92 40.22 3.06
Car 0.00 3 2.84 1005.00 469.00 1193.00 536.00 1.75 1.89 4.74 7.47 0.87 34.59 3.06
Car 0.00 3 2.95 907.00 472.00 1021.00 508.00 1.52 2.00 4.61 5.92 0.86 54.37 3.06
