Car 0.00 0 -1.32 394.00 471.00 643.00 638.00 1.66 1.82 4.13 -3.41 0.89 14.69 -1.55
Car 0.00 3 -1.58 788.00 456.00 952.00 611.00 1.86 1.96 4.59 0.57 0.82 17.43 -1.55
Car 0.00 0 0.03 995.00 461.00 1171.00 529.00 1.90 2.11 4.95 7.58 0.75 37.11 0.23
Car 0.00 3 2.62 1442.00 441.00 1614.00 495.00 1.81 2.19 4.87 24.83 -0.03 44.47 3.13
Car 0.00 0 -1.59 710.00 480.00 1045.00 721.00 1.47 2.06 4.81 0.34 0.86 10.18 -1.56
Car 0.00 0 -1.47 594.00 468.00 740.00 584.00 1.88 2.15 4.80 -2.80 0.97 23.08 -1.59
Car 0.00 3 -3.52 1399.00 444.00 1519.00 486.00 1.87 1.98 4.53 29.34 -0.20 58.25 -3.05
Car 0.00 3 1.51 578.00 494.00 633.00 536.00 1.72 2.12 4.82 -9.81 1.95 55.30 1.34
Car 0.00 3 -0.54 1449.00 434.00 1666.00 496.00 1.67 2.21 4.85 20.66 -0.12 35.57 -0.01
Car 0.00 0 -1.74 1366.00 444.00 1864.00 773.00 1.75 2.15 4.67 5.32 0.79 9.26 -1.22
Car 0.00 0 2.24 -486.00 509.00 22.00 683.00 1.76 2.28 4.92 -12.82 1.41 15.77 1.55
Car 0.00 3 3.66 -88.00 519.00 64.00 561.00 1.56 2.37 4.55 -33.97 2.81 50.87 3.07
