Car 0.00 2 -0.66 1352.00 403.00 2406.00 732.00 1.54 2.06 4.57 5.92 0.52 7.58 0.01
Car 0.00 2 -3.44 1107.00 447.00 1514.00 599.00 1.61 1.95 4.26 5.83 0.64 15.56 -3.08
Car 0.00 2 2.54 1195.00 382.00 1934.00 664.00 1.90 2.29 4.84 5.91 0.39 10.51 3.05
Car 0.00 0 2.26 1523.00 343.00 3388.00 936.00 1.55 2.12 4.33 5.42 0.50 4.74 3.11
Car 0.00 2 2.84 1024.00 429.00 1396.00 580.00 1.90 2.19 4.70 5.46 0.49 18.37 3.13
Car 0.00 2 2.91 991.00 461.00 1214.00 549.00 1.61 2.02 4.17 5.71 0.71 26.33 3.12
Car 0.00 1 -0.34 1051.00 446.00 1317.00 555.00 1.82 2.09 4.34 6.72 0.56 23.88 -0.07
Car 0.00 3 0.32 301.00 476.00 503.00 556.00 1.88 2.00 4.68 -11.36 1.22 33.75 -0.00
Car 0.00 2 2.69 1170.00 435.00 1633.00 614.00 1.57 2.01 3.85 5.84 0.53 13.10 3.11
Car 0.00 3 2.92 962.00 442.00 1175.00 543.00 2.25 2.37 4.79 6.02 0.56 31.71 3.11
Car 0.00 2 -2.71 251.00 485.00 450.00 563.00 1.73 1.89 4.13 -11.71 1.31 30.98 -3.08
Car 0.00 2 1.03 1501.00 418.00 1798.00 539.00 1.90 2.07 5.27 14.91 0.17 23.19 1.60
Car 0.00 1 2.92 965.00 452.00 1184.00 546.00 1.92 2.24 4.50 5.63 0.66 28.92 3.11
Car 0.00 1 2.85 1024.00 442.00 1324.00 566.00 1.81 2.14 4.36 5.74 0.55 21.13 3.11
Car 0.00 2 0.25 360.00 485.00 524.00 547.00 1.70 2.12 4.45 -11.95 1.41 39.17 -0.05
Car 0.00 2 3.69 -165.00 499.00 53.00 568.00 1.81 2.15 4.96 -26.62 1.89 37.96 3.08
