Car 0.00 0 1.78 1024.00 483.00 1133.00 554.00 1.69 1.85 4.62 6.69 1.23 32.93 1.98
Car 0.00 3 -0.19 1480.00 476.00 1764.00 568.00 1.68 1.73 4.55 15.77 1.00 25.13 0.37
Car 0.00 3 -0.15 1470.00 477.00 1700.00 556.00 1.86 1.83 4.83 19.41 1.15 32.33 0.39
Car 0.00 3 -0.15 1457.00 472.00 1755.00 568.00 1.89 1.94 5.23 16.69 1.02 27.19 0.40
Car 0.00 3 -3.25 1414.00 492.00 1514.00 522.00 1.38 1.79 4.33 31.94 1.85 62.91 -2.78
Car 0.00 3 -3.25 1491.00 486.00 1692.00 549.00 1.59 1.74 4.56 21.06 1.27 34.71 -2.71
Car 0.00 3 -3.25 1430.00 484.00 1575.00 531.00 1.72 1.89 4.92 26.87 1.48 49.99 -2.76
Car 0.00 3 -3.28 1449.00 487.00 1608.00 540.00 1.79 1.88 4.77 25.19 1.54 45.16 -2.77
Car 0.00 2 -0.26 1538.00 466.00 1926.00 594.00 1.80 1.96 4.59 14.04 0.88 19.79 0.35
Car 0.00 3 -0.02 1428.00 486.00 1548.00 531.00 1.84 1.81 4.59 28.94 1.67 54.97 0.47
