Car 0.00 0 1.88 270.00 501.00 421.00 579.00 1.56 1.76 4.89 -10.66 1.50 28.15 1.51
Car 0.00 0 -1.34 435.00 473.00 655.00 624.00 1.66 1.82 4.13 -3.42 0.92 16.02 -1.55
Car 0.00 0 3.27 28.00 519.00 168.00 562.00 1.54 2.04 4.60 -29.11 2.78 50.21 2.75
Car 0.00 3 -1.58 788.00 456.00 952.00 611.00 1.86 1.96 4.59 0.57 0.82 17.43 -1.55
Car 0.00 3 2.62 1442.00 440.00 1614.00 494.00 1.81 2.19 4.87 24.82 -0.07 44.47 3.13
Car 0.00 0 -1.59 710.00 472.00 1045.00 713.00 1.47 2.06 4.81 0.34 0.81 10.18 -1.56
Car 0.00 0 -1.47 595.00 470.00 741.00 586.00 1.88 2.15 4.80 -2.78 1.01 23.07 -1.59
Car 0.00 3 -3.52 1399.00 444.00 1519.00 487.00 1.87 1.98 4.53 29.33 -0.19 58.25 -3.05
Car 0.00 0 -0.29 1197.00 448.00 1390.00 511.00 1.72 2.12 4.82 13.45 0.29 36.34 0.06
Car 0.00 0 -1.74 1366.00 445.00 1863.00 773.00 1.75 2.15 4.67 5.32 0.80 9.27 -1.22
