Car 0.00 3 3.42 322.00 477.00 522.00 550.00 1.82 2.08 4.51 -10.38 1.12 32.41 3.11
Car 0.00 3 -3.42 1130.00 492.00 1336.00 564.00 1.82 2.17 4.70 10.50 1.48 32.66 -3.11
Car 0.00 0 -0.52 1416.00 506.00 1594.00 557.00 1.70 2.04 5.01 23.16 2.09 42.89 -0.02
Car 0.00 1 3.66 -161.00 470.00 304.00 616.00 1.76 2.00 4.77 -9.55 0.90 16.17 3.13
Car 0.00 1 3.82 -513.00 461.00 81.00 650.00 1.78 1.89 4.50 -10.50 0.83 12.89 3.14
Car 0.00 3 -2.79 263.00 483.00 483.00 560.00 1.76 1.93 4.53 -10.70 1.20 29.79 -3.13
Car 0.00 1 -2.72 186.00 468.00 469.00 570.00 1.90 2.06 4.71 -9.69 0.94 24.60 -3.10
Car 0.00 1 -0.27 1077.00 493.00 1227.00 548.00 1.71 1.92 4.32 10.48 1.61 40.52 -0.02
Car 0.00 1 -3.48 1187.00 487.00 1436.00 578.00 1.84 2.08 4.49 10.20 1.30 26.62 -3.11
Car 0.00 3 -0.14 1065.00 492.00 1204.00 542.00 1.69 1.82 4.51 10.68 1.63 43.76 0.10
Car 0.00 2 3.56 81.00 492.00 396.00 578.00 1.41 1.85 4.51 -9.96 1.08 21.50 3.13
