Car 0.00 1 1.68 593.00 488.00 676.00 550.00 1.71 1.96 4.47 -5.72 1.43 37.76 1.53
Car 0.00 3 0.39 1219.00 477.00 1343.00 516.00 1.55 2.09 4.46 19.43 1.16 53.68 0.74
Car 0.00 2 -1.65 947.00 468.00 1004.00 514.00 2.20 2.42 4.81 7.43 1.08 63.20 -1.53
Car 0.00 0 1.68 523.00 491.00 636.00 568.00 1.64 2.06 4.77 -5.72 1.34 29.60 1.49
Car 0.00 0 2.40 -3783.00 497.00 90.00 2014.00 1.53 1.76 4.08 -4.01 0.86 3.39 1.53
Car 0.00 3 -2.08 932.00 480.00 1092.00 550.00 1.66 1.92 4.92 4.71 1.14 32.67 -1.94
Car 0.00 0 -2.28 906.00 476.00 1120.00 572.00 1.69 1.79 4.17 3.54 1.01 24.51 -2.14
Car 0.00 3 -1.47 865.00 474.00 932.00 530.00 1.92 1.96 4.46 2.67 1.15 45.82 -1.41
Car 0.00 2 1.86 226.00 472.00 591.00 718.00 1.69 1.76 4.33 -3.35 0.92 10.99 1.56
Car 0.00 0 -2.02 1079.00 482.00 1873.00 886.00 1.48 1.96 4.37 2.93 0.85 6.98 -1.62
Car 0.00 2 1.63 671.00 497.00 720.00 534.00 1.54 1.91 4.98 -5.93 2.04 57.26 1.53
