Car 0.00 0 0.68 269.00 401.00 620.00 546.00 1.77 1.80 4.42 -4.65 0.41 17.10 0.41
Car 0.00 0 0.77 72.00 419.00 525.00 571.00 1.52 1.89 4.95 -5.65 0.56 14.59 0.40
Car 0.00 3 -2.56 397.00 424.00 694.00 525.00 1.44 1.85 4.33 -3.83 0.52 20.05 -2.75
Car 0.00 3 0.21 1016.00 414.00 1122.00 448.00 1.51 1.86 4.46 13.00 -0.32 58.16 0.43
Car 0.00 3 -2.94 1027.00 441.00 1133.00 477.00 1.60 1.89 4.64 14.01 0.97 60.44 -2.71
Car 0.00 0 0.93 -154.00 416.00 297.00 595.00 1.49 1.76 3.96 -6.89 0.55 12.17 0.41
Car 0.00 3 0.24 961.00 429.00 1086.00 470.00 1.49 1.84 4.30 8.97 0.41 47.83 0.43
Car 0.00 2 -2.62 497.00 400.00 759.00 509.00 1.78 2.07 4.11 -2.80 0.25 22.43 -2.75
Car 0.00 3 -0.19 1505.00 447.00 1636.00 490.00 1.72 1.85 4.37 32.86 1.25 53.06 0.36
Car 0.00 3 -2.77 786.00 426.00 966.00 486.00 1.48 1.81 4.33 2.33 0.44 32.95 -2.70
Car 0.00 0 -3.36 1530.00 460.00 1688.00 514.00 1.77 1.95 4.42 29.53 1.74 45.51 -2.78
Car 0.00 3 0.19 1050.00 432.00 1149.00 467.00 1.63 2.04 4.46 15.54 0.55 62.73 0.43
