Car 0.00 2 -3.40 1058.00 429.00 1359.00 556.00 2.06 2.27 4.77 6.85 0.40 22.92 -3.11
Car 0.00 2 -3.72 1330.00 402.00 2127.00 677.00 1.61 2.02 4.17 6.12 0.45 8.97 -3.12
Car 0.00 1 0.59 -183.00 450.00 254.00 608.00 1.88 2.00 4.68 -10.63 0.76 17.09 0.04
Car 0.00 3 -3.57 1168.00 379.00 1693.00 608.00 2.25 2.37 4.79 6.65 0.25 14.33 -3.13
Car 0.00 0 -2.38 -391.00 467.00 87.00 638.00 1.73 1.89 4.13 -11.09 0.90 14.38 -3.03
Car 0.00 1 -3.62 1209.00 389.00 1840.00 637.00 1.92 2.24 4.50 6.15 0.37 11.56 -3.13
Car 0.00 1 0.45 53.00 469.00 362.00 576.00 1.70 2.12 4.45 -11.00 0.90 22.53 -0.01
Car 0.00 2 0.47 -4.00 470.00 327.00 591.00 1.66 2.04 4.07 -10.31 0.90 19.68 -0.01
Car 0.00 2 -1.00 50.00 486.00 221.00 557.00 1.67 1.82 4.54 -18.40 1.32 33.62 -1.50
Car 0.00 1 0.39 188.00 456.00 462.00 560.00 2.06 2.21 5.20 -11.13 0.82 28.11 0.01
Car 0.00 2 -3.36 1032.00 458.00 1261.00 542.00 1.68 2.02 4.60 7.09 0.66 28.15 -3.11
