Car 0.00 3 0.47 -62.00 401.00 297.00 520.00 1.94 2.11 5.06 -11.42 0.38 21.83 -0.01
Car 0.00 3 3.76 -516.00 424.00 61.00 577.00 1.53 2.02 4.60 -10.81 0.63 13.78 3.10
Car 0.00 1 2.99 529.00 435.00 671.00 479.00 1.57 2.00 4.95 -6.94 0.69 46.83 2.85
Car 0.00 0 1.69 510.00 436.00 596.00 490.00 1.48 1.89 5.03 -6.82 0.68 37.34 1.51
Car 0.00 3 0.55 -296.00 426.00 200.00 556.00 1.54 2.04 4.94 -10.44 0.63 16.11 -0.03
Car 0.00 3 3.67 -165.00 398.00 229.00 537.00 1.95 2.11 4.68 -11.23 0.43 19.07 3.13
Car 0.00 0 -2.35 1559.00 331.00 2087.00 547.00 3.44 3.31 7.59 18.95 0.02 24.01 -1.68
Car 0.00 3 2.81 540.00 430.00 659.00 476.00 1.88 2.00 4.51 -7.79 0.61 52.67 2.66
Car 0.00 3 -2.03 1292.00 407.00 1476.00 494.00 1.98 2.07 5.07 14.72 0.29 31.50 -1.60
Car 0.00 2 2.60 1021.00 422.00 1158.00 461.00 2.02 2.29 7.01 16.33 0.21 68.08 2.84
