Car 0.00 2 -0.34 1270.00 449.00 1641.00 572.00 1.81 1.91 4.82 9.64 0.60 19.56 0.11
Car 0.00 3 -3.48 1238.00 480.00 1506.00 554.00 1.40 1.94 4.54 10.81 0.91 25.09 -3.07
Car 0.00 0 1.66 846.00 487.00 918.00 538.00 1.43 1.75 4.30 1.69 1.21 37.05 1.70
Car 0.00 1 1.79 661.00 439.00 805.00 555.00 2.57 2.12 6.67 -2.14 0.64 31.23 1.72
Car 0.00 3 -3.24 1145.00 475.00 1287.00 521.00 1.59 1.96 4.65 13.74 0.98 44.53 -2.94
Car 0.00 3 -0.55 1515.00 473.00 2166.00 652.00 1.52 1.73 4.53 9.24 0.80 11.78 0.11
Car 0.00 0 2.03 177.00 405.00 723.00 720.00 1.99 2.01 5.79 -2.72 0.61 10.96 1.79
Car 0.00 3 -3.54 1332.00 463.00 1756.00 587.00 1.55 1.85 4.59 9.47 0.70 16.88 -3.03
Car 0.00 3 -3.33 1174.00 475.00 1366.00 540.00 1.66 1.76 4.54 11.67 0.97 33.25 -3.00
Car 0.00 3 -3.47 1223.00 474.00 1454.00 550.00 1.65 1.77 4.49 11.47 0.91 28.32 -3.09
Car 0.00 3 -3.47 1271.00 479.00 1568.00 570.00 1.52 1.83 4.41 10.43 0.94 22.33 -3.03
