Car 0.00 3 0.56 -195.00 477.00 233.00 616.00 1.64 1.70 4.59 -10.67 0.98 16.78 -0.00
Car 0.00 1 -0.30 1084.00 461.00 1361.00 558.00 1.58 1.75 4.42 7.07 0.70 22.68 -0.00
Car 0.00 3 -2.77 417.00 482.00 525.00 521.00 1.66 2.03 4.37 -16.49 1.45 58.21 -3.05
Car 0.00 2 -3.71 1332.00 367.00 2231.00 678.00 1.90 1.94 4.91 6.56 0.37 9.13 -3.08
Car 0.00 0 -2.38 -461.00 478.00 83.00 651.00 1.69 1.97 4.63 -11.17 1.00 13.98 -3.05
Car 0.00 3 0.53 -36.00 458.00 313.00 594.00 1.90 1.87 4.41 -10.64 0.85 19.58 0.03
Car 0.00 3 -2.54 985.00 470.00 1153.00 524.00 1.47 1.81 4.58 7.08 0.82 36.94 -2.36
Car 0.00 0 -1.58 824.00 474.00 864.00 508.00 1.72 2.08 4.76 0.95 1.14 68.81 -1.56
Car 0.00 1 0.32 205.00 460.00 461.00 559.00 2.00 1.98 4.93 -10.95 0.87 28.09 -0.06
Car 0.00 1 2.67 1172.00 449.00 1659.00 605.00 1.58 1.89 4.80 6.75 0.63 14.72 3.10
Car 0.00 1 -3.91 1567.00 312.00 2894.00 760.00 1.88 1.83 4.64 6.74 0.31 6.48 -3.11
Car 0.00 3 -2.01 1273.00 448.00 1407.00 512.00 1.69 1.85 4.41 14.75 0.29 36.27 -1.62
Car 0.00 0 1.63 706.00 468.00 765.00 531.00 1.89 1.63 2.96 -2.85 0.92 39.58 1.56
