Car 0.00 2 -0.34 1272.00 446.00 1644.00 569.00 1.81 1.91 4.82 9.66 0.56 19.54 0.12
Car 0.00 3 -3.48 1243.00 483.00 1513.00 557.00 1.40 1.94 4.54 10.91 0.97 25.06 -3.07
Car 0.00 3 1.79 663.00 441.00 807.00 556.00 2.57 2.12 6.67 -2.11 0.67 31.34 1.73
Car 0.00 3 -3.24 1147.00 476.00 1289.00 522.00 1.59 1.96 4.65 13.84 1.00 44.51 -2.94
Car 0.00 3 -0.55 1512.00 473.00 2160.00 652.00 1.52 1.73 4.53 9.23 0.80 11.81 0.12
Car 0.00 0 1.93 430.00 428.00 798.00 656.00 1.99 2.01 5.79 -1.99 0.66 13.97 1.79
Car 0.00 3 -3.54 1337.00 464.00 1761.00 588.00 1.55 1.85 4.59 9.54 0.71 16.89 -3.03
Car 0.00 3 -3.33 1173.00 474.00 1361.00 538.00 1.66 1.76 4.54 11.85 0.95 33.97 -3.00
Car 0.00 3 -3.47 1224.00 474.00 1455.00 550.00 1.65 1.77 4.49 11.52 0.93 28.36 -3.08
Car 0.00 3 -3.47 1269.00 480.00 1565.00 571.00 1.52 1.83 4.41 10.38 0.95 22.32 -3.03
