Car 0.00 3 0.38 271.00 444.00 393.00 489.00 1.94 2.18 4.65 -22.31 -0.15 56.63 0.01
Car 0.00 3 2.62 1413.00 463.00 1520.00 498.00 1.88 2.15 4.79 35.37 0.60 69.34 3.09
Car 0.00 0 -1.99 1368.00 481.00 1532.00 549.00 1.43 1.76 4.51 14.47 0.99 29.38 -1.53
Car 0.00 1 0.48 115.00 451.00 272.00 504.00 1.84 1.91 4.72 -23.08 0.27 45.77 0.01
Car 0.00 0 -3.04 1066.00 462.00 1340.00 564.00 1.76 2.02 4.79 7.16 0.75 23.84 -2.74
Car 0.00 3 2.88 998.00 465.00 1131.00 512.00 1.84 2.08 4.96 9.62 0.75 50.87 3.07
Car 0.00 3 2.84 1075.00 460.00 1282.00 535.00 1.96 1.99 5.10 9.60 0.74 34.41 3.12
Car 0.00 0 1.03 1473.00 471.00 1683.00 558.00 1.84 1.94 4.85 17.28 0.96 29.14 1.56
Car 0.00 3 0.64 -87.00 449.00 81.00 502.00 1.74 1.86 4.62 -28.53 0.20 43.18 0.05
Car 0.00 3 0.39 196.00 447.00 336.00 492.00 1.75 2.08 4.79 -22.88 -0.02 51.30 -0.03
Car 0.00 1 0.24 468.00 458.00 644.00 514.00 1.59 2.25 4.72 -7.99 0.46 37.40 0.03
Car 0.00 3 -0.29 1072.00 463.00 1251.00 530.00 1.92 1.87 4.76 9.88 0.77 37.19 -0.03
Car 0.00 2 1.09 1301.00 479.00 1403.00 526.00 1.55 1.82 3.66 18.37 1.12 43.96 1.49
Car 0.00 3 2.90 1028.00 473.00 1169.00 519.00 1.59 1.98 4.67 9.82 0.93 45.50 3.12
Car 0.00 3 2.87 1056.00 468.00 1221.00 526.00 1.75 1.89 4.74 9.87 0.84 39.86 3.12
Car 0.00 3 0.62 -163.00 450.00 34.00 507.00 1.75 1.99 4.91 -28.65 0.27 40.40 0.00
Car 0.00 3 2.96 974.00 469.00 1078.00 502.00 1.52 2.00 4.61 9.47 0.73 59.69 3.12
