Car 0.00 3 0.54 193.00 496.00 307.00 539.00 2.00 2.00 4.85 -28.88 2.37 62.83 0.11
Car 0.00 3 -0.14 964.00 461.00 1088.00 513.00 1.72 2.09 4.12 7.13 0.61 45.09 0.02
Car 0.00 3 0.61 -79.00 502.00 98.00 564.00 2.00 2.03 4.95 -29.01 2.22 44.57 0.03
Car 0.00 3 0.23 477.00 480.00 627.00 539.00 2.00 2.10 5.09 -10.17 1.44 46.70 0.02
Car 0.00 3 0.56 14.00 503.00 167.00 554.00 1.84 1.99 4.91 -29.26 2.31 49.88 0.03
Car 0.00 3 0.53 160.00 506.00 278.00 546.00 1.74 1.92 4.73 -29.13 2.66 60.14 0.07
Car 0.00 0 -2.87 401.00 481.00 566.00 545.00 2.00 2.08 5.10 -11.77 1.45 43.23 -3.14
Car 0.00 3 0.54 99.00 509.00 233.00 552.00 1.69 1.98 4.85 -29.06 2.66 55.21 0.06
Car 0.00 3 0.64 -136.00 500.00 48.00 566.00 2.00 1.98 4.80 -29.13 2.08 42.03 0.03
Car 0.00 3 0.54 56.00 503.00 198.00 555.00 2.00 2.06 4.82 -29.39 2.46 52.71 0.03
