Car 0.00 0 -1.62 724.00 479.00 777.00 519.00 1.59 1.97 4.42 -2.84 0.30 53.88 -1.67
Car 0.00 0 3.33 -191.00 471.00 218.00 627.00 1.77 1.92 4.17 -10.15 0.66 16.44 2.77
Car 0.00 1 -0.26 1120.00 471.00 1384.00 564.00 1.60 1.97 4.23 7.96 0.46 23.48 0.06
Car 0.00 3 -0.65 1578.00 472.00 1974.00 584.00 1.45 1.82 4.25 13.53 0.48 18.04 -0.00
Car 0.00 0 -0.90 320.00 471.00 643.00 617.00 1.68 1.82 4.33 -4.27 0.59 16.95 -1.14
Car 0.00 0 -3.53 1192.00 477.00 1616.00 610.00 1.54 1.96 4.55 7.41 0.63 16.36 -3.10
Car 0.00 3 -0.26 998.00 468.00 1139.00 524.00 1.78 1.80 4.33 8.53 0.13 43.01 -0.06
Car 0.00 1 2.43 1495.00 467.00 2414.00 730.00 1.56 1.99 4.64 7.62 0.66 8.88 3.14
Car 0.00 3 -0.45 1385.00 470.00 1660.00 554.00 1.53 1.75 4.44 13.94 0.39 25.18 0.06
Car 0.00 3 -0.50 1454.00 478.00 1759.00 559.00 1.32 1.85 4.24 14.01 0.46 22.65 0.06
Car 0.00 1 -0.06 566.00 480.00 705.00 528.00 1.53 1.81 4.57 -6.21 0.42 43.22 -0.20
Car 0.00 3 -0.26 1071.00 476.00 1269.00 548.00 1.56 1.75 4.12 8.19 0.46 29.55 0.01
Car 0.00 3 -0.50 1523.00 462.00 1852.00 570.00 1.61 1.72 4.01 13.87 0.39 20.36 0.10
