Car 0.00 0 3.50 170.00 436.00 399.00 503.00 1.45 1.79 4.59 -11.60 0.72 29.39 3.13
Car 0.00 2 -0.56 1380.00 462.00 1848.00 608.00 1.47 1.84 4.05 9.15 1.04 14.23 0.01
Car 0.00 3 0.66 -537.00 452.00 55.00 609.00 1.51 1.93 4.78 -10.90 0.94 13.68 -0.02
Car 0.00 3 -3.60 1259.00 475.00 1617.00 588.00 1.41 1.88 4.03 8.98 1.26 17.68 -3.13
Car 0.00 3 3.43 306.00 431.00 474.00 490.00 1.67 1.89 4.36 -11.70 0.67 37.46 3.13
Car 0.00 2 -3.81 1510.00 485.00 2136.00 667.00 1.42 1.92 4.12 9.22 1.19 11.53 -3.13
Car 0.00 0 -0.46 1203.00 461.00 1542.00 565.00 1.52 1.84 4.58 9.29 1.18 20.28 -0.03
Car 0.00 1 3.71 -285.00 438.00 171.00 567.00 1.52 2.05 4.53 -10.81 0.81 16.46 3.13
Car 0.00 3 0.37 245.00 449.00 452.00 513.00 1.51 2.05 4.49 -11.00 1.07 31.90 0.04
Car 0.00 3 3.59 -41.00 419.00 286.00 552.00 2.14 2.22 4.45 -11.33 0.80 21.84 3.11
Car 0.00 3 3.64 -188.00 454.00 195.00 570.00 1.61 1.92 4.52 -11.66 1.08 19.05 3.09
