Car 0.00 0 2.10 -636.00 511.00 151.00 791.00 1.43 2.21 4.62 -7.07 1.06 9.19 1.45
Car 0.00 2 2.40 1566.00 466.00 1757.00 528.00 1.96 2.16 5.28 28.10 0.90 42.24 2.99
Car 0.00 1 2.40 1228.00 472.00 1454.00 558.00 1.77 1.97 4.45 11.39 0.95 27.78 2.79
Car 0.00 0 -1.95 863.00 485.00 978.00 552.00 1.61 1.64 3.96 2.39 1.24 32.88 -1.88
Car 0.00 0 -1.92 802.00 487.00 910.00 546.00 1.67 1.84 4.59 0.82 1.39 38.32 -1.90
Car 0.00 0 -1.87 604.00 491.00 654.00 516.00 1.51 1.84 4.59 -12.46 2.11 78.81 -2.03
Car 0.00 0 -1.95 921.00 478.00 1079.00 559.00 1.64 1.87 4.57 3.73 1.04 27.80 -1.82
Car 0.00 3 2.69 1011.00 480.00 1165.00 540.00 1.84 1.91 4.45 8.44 1.28 40.53 2.89
Car 0.00 0 1.80 101.00 502.00 186.00 552.00 1.72 1.75 4.78 -25.23 2.07 46.42 1.30
Car 0.00 0 -1.78 652.00 484.00 704.00 519.00 1.81 1.80 4.96 -8.18 1.72 68.56 -1.89
Car 0.00 0 -1.70 589.00 487.00 671.00 540.00 1.54 2.00 4.29 -6.20 1.33 39.23 -1.85
Car 0.00 0 -1.80 771.00 490.00 852.00 537.00 1.52 1.77 4.59 -0.60 1.46 43.19 -1.81
