Car 0.00 3 -0.29 994.00 406.00 1419.00 576.00 1.84 1.91 4.34 4.76 0.58 14.80 0.02
Car 0.00 3 -2.68 20.00 419.00 420.00 544.00 1.64 1.96 4.75 -7.82 0.58 17.74 -3.10
Car 0.00 0 -0.90 1450.00 454.00 4145.00 1232.00 1.53 1.83 4.45 4.53 0.82 3.48 0.01
Car 0.00 3 -0.20 936.00 435.00 1172.00 514.00 1.52 1.97 4.37 5.32 0.71 25.59 0.01
Car 0.00 3 2.92 904.00 440.00 1136.00 510.00 1.51 1.92 4.81 5.17 0.81 28.38 3.10
Car 0.00 3 2.71 994.00 402.00 1776.00 687.00 1.84 1.97 4.79 4.08 0.71 9.23 3.13
Car 0.00 1 0.69 -694.00 395.00 209.00 663.00 1.74 2.02 5.10 -7.31 0.60 9.39 0.03
Car 0.00 0 -0.10 828.00 421.00 953.00 473.00 2.29 2.00 5.43 4.63 0.41 56.86 -0.02
Car 0.00 0 -1.44 646.00 397.00 853.00 562.00 1.83 2.08 4.06 -0.32 0.47 16.13 -1.46
Car 0.00 3 3.75 -416.00 385.00 184.00 595.00 1.82 1.82 4.37 -8.35 0.47 11.99 3.14
Car 0.00 3 -0.29 991.00 407.00 1346.00 548.00 1.83 1.90 4.35 5.16 0.52 17.52 -0.00
Car 0.00 0 -0.61 1067.00 297.00 2470.00 797.00 2.13 2.11 5.57 4.47 0.48 6.49 -0.01
