Car 0.00 0 -3.67 1583.00 476.00 1787.00 532.00 1.56 1.93 4.72 26.16 0.37 38.27 -3.07
Car 0.00 0 -2.17 958.00 483.00 1176.00 574.00 1.59 1.97 4.42 4.75 0.66 24.72 -1.98
Car 0.00 1 -0.27 1057.00 484.00 1209.00 540.00 1.62 2.20 4.14 9.85 0.63 39.60 -0.03
Car 0.00 0 -0.34 1215.00 484.00 1393.00 535.00 1.49 2.21 4.70 15.14 0.55 39.55 0.02
Car 0.00 3 -0.10 954.00 484.00 1035.00 515.00 1.60 1.97 4.23 9.87 0.45 70.37 0.04
Car 0.00 0 -0.30 1153.00 485.00 1275.00 525.00 1.43 1.99 3.95 14.92 0.49 47.71 0.01
Car 0.00 2 -3.27 958.00 488.00 1055.00 521.00 1.54 1.96 4.55 9.49 0.63 63.37 -3.12
Car 0.00 3 -1.56 713.00 470.00 804.00 566.00 1.90 1.81 4.92 -1.23 0.53 28.04 -1.60
Car 0.00 0 -1.90 790.00 482.00 869.00 524.00 1.67 1.91 4.53 0.49 0.47 53.23 -1.89
Car 0.00 3 -0.27 1045.00 483.00 1186.00 537.00 1.74 2.04 4.23 10.07 0.61 42.85 -0.04
