Car 0.00 2 2.63 1311.00 460.00 1531.00 532.00 1.50 1.66 4.31 13.75 0.59 29.09 3.07
Car 0.00 0 -1.79 961.00 467.00 1064.00 537.00 1.72 1.70 4.77 4.93 0.84 33.83 -1.64
Car 0.00 0 2.09 -92.00 502.00 135.00 602.00 1.86 1.84 5.02 -17.24 1.67 27.20 1.53
Car 0.00 0 -1.55 660.00 478.00 705.00 513.00 1.74 2.19 4.52 -7.60 1.34 66.42 -1.66
Car 0.00 3 -0.36 1071.00 478.00 1214.00 531.00 1.89 1.92 5.06 12.38 1.36 49.31 -0.12
Car 0.00 0 -1.97 1072.00 475.00 1278.00 571.00 1.51 1.84 4.59 6.11 0.89 22.59 -1.71
Car 0.00 0 -1.88 1013.00 466.00 1159.00 552.00 1.70 1.78 4.85 5.72 0.84 28.28 -1.68
Car 0.00 0 2.14 68.00 506.00 229.00 570.00 1.45 1.72 4.18 -17.66 1.74 32.87 1.64
Car 0.00 0 -1.75 918.00 478.00 999.00 530.00 1.53 1.73 4.67 4.15 1.06 40.01 -1.64
Car 0.00 0 1.92 231.00 495.00 331.00 548.00 1.73 1.80 4.56 -19.56 1.81 45.11 1.51
Car 0.00 0 -2.10 1333.00 419.00 1873.00 678.00 1.81 1.80 4.96 6.60 0.60 11.51 -1.57
Car 0.00 3 2.70 1178.00 457.00 1355.00 528.00 1.93 1.80 4.58 13.05 0.65 37.29 3.04
Car 0.00 0 -1.58 710.00 479.00 788.00 540.00 1.54 2.00 4.29 -2.19 1.07 35.18 -1.64
Car 0.00 0 -1.66 793.00 469.00 857.00 522.00 1.84 1.95 4.70 -0.12 0.94 46.83 -1.66
Car 0.00 3 2.48 1510.00 449.00 1706.00 515.00 1.77 1.83 4.75 23.10 0.37 37.14 3.03
