Car 0.00 3 1.18 1265.00 441.00 1362.00 494.00 2.00 1.87 4.84 19.52 -0.07 50.47 1.55
Car 0.00 3 0.96 1573.00 427.00 1735.00 492.00 1.93 1.95 4.64 26.26 -0.29 39.97 1.54
Car 0.00 0 -0.85 484.00 454.00 942.00 649.00 1.67 1.95 5.03 -0.95 0.71 13.36 -0.93
Car 0.00 0 1.21 1258.00 450.00 1343.00 502.00 1.69 1.48 3.83 16.55 0.23 43.93 1.57
Car 0.00 3 1.65 693.00 469.00 730.00 506.00 2.20 1.93 3.92 -6.98 1.05 76.31 1.56
Car 0.00 3 1.29 1132.00 456.00 1220.00 509.00 1.96 2.00 4.97 13.77 0.48 49.71 1.56
Car 0.00 3 1.25 1199.00 442.00 1294.00 497.00 2.00 2.00 5.07 16.53 0.01 49.61 1.57
Car 0.00 0 -1.67 1003.00 467.00 1068.00 521.00 1.58 1.60 3.48 6.40 0.72 38.69 -1.51
Car 0.00 3 -1.67 958.00 464.00 1013.00 509.00 1.88 1.92 4.80 6.99 0.73 55.67 -1.54
Car 0.00 0 2.00 180.00 500.00 415.00 615.00 1.63 1.83 4.70 -8.74 1.37 21.21 1.61
Car 0.00 3 1.73 664.00 470.00 720.00 512.00 2.00 1.97 5.18 -6.77 1.06 63.49 1.63
Car 0.00 0 -2.12 1282.00 478.00 2237.00 890.00 1.53 1.89 4.76 4.42 0.84 7.16 -1.56
Car 0.00 3 -1.68 969.00 463.00 1029.00 513.00 1.83 1.82 4.53 6.74 0.70 49.46 -1.54
Car 0.00 1 -2.04 1384.00 438.00 1580.00 531.00 1.67 1.72 4.18 12.89 0.28 24.95 -1.56
Car 0.00 2 1.95 371.00 488.00 627.00 621.00 1.54 1.76 4.70 -4.33 1.05 17.42 1.70
Car 0.00 3 -1.64 934.00 466.00 965.00 498.00 1.96 1.63 3.87 7.69 0.76 78.69 -1.54
Car 0.00 3 -2.16 1560.00 429.00 1809.00 532.00 1.82 1.82 4.58 16.99 0.21 25.14 -1.57
Car 0.00 3 1.93 367.00 469.00 531.00 566.00 1.96 1.92 4.79 -8.36 0.99 28.23 1.64
Car 0.00 2 -1.75 978.00 462.00 1062.00 520.00 1.86 1.99 4.93 6.64 0.72 43.62 -1.60
