Car 0.00 0 -1.59 671.00 482.00 722.00 523.00 1.59 1.97 4.42 -5.03 0.45 52.61 -1.69
Car 0.00 0 -0.58 1234.00 460.00 1747.00 643.00 1.62 2.20 4.14 6.82 0.55 13.14 -0.10
Car 0.00 3 -0.36 1122.00 475.00 1310.00 537.00 1.53 1.96 4.38 10.74 0.38 34.21 -0.06
Car 0.00 2 -0.14 881.00 475.00 1012.00 526.00 1.60 1.97 4.23 4.47 0.30 43.86 -0.04
Car 0.00 0 -1.05 502.00 480.00 637.00 544.00 1.68 1.82 4.33 -6.92 0.55 36.07 -1.24
Car 0.00 0 -0.55 1334.00 470.00 1627.00 564.00 1.43 1.99 3.95 11.26 0.40 21.63 -0.07
Car 0.00 2 -0.93 -257.00 474.00 89.00 600.00 1.75 1.90 4.98 -14.20 0.64 20.45 -1.54
Car 0.00 1 2.96 893.00 482.00 1062.00 540.00 1.54 1.96 4.55 4.63 0.55 36.75 3.08
Car 0.00 3 -0.21 832.00 477.00 926.00 515.00 1.78 1.80 4.33 3.12 0.21 63.30 -0.16
Car 0.00 3 -0.52 1161.00 459.00 1566.00 615.00 1.74 2.04 4.23 6.82 0.53 16.07 -0.12
Car 0.00 2 2.85 955.00 481.00 1177.00 556.00 1.56 1.99 4.64 5.73 0.59 29.37 3.04
Car 0.00 3 -0.68 1516.00 474.00 1910.00 594.00 1.40 2.03 3.80 11.72 0.52 16.74 -0.07
Car 0.00 3 -0.12 531.00 487.00 630.00 521.00 1.53 1.81 4.57 -11.57 0.58 62.21 -0.30
Car 0.00 3 -0.17 865.00 482.00 976.00 525.00 1.56 1.75 4.12 4.09 0.46 50.06 -0.09
Car 0.00 3 -1.03 -42.00 484.00 239.00 590.00 1.55 1.79 4.88 -11.78 0.67 21.26 -1.54
