Car 0.00 0 -1.70 775.00 478.00 853.00 530.00 1.59 1.97 4.42 -0.13 0.39 41.03 -1.70
Car 0.00 1 -0.37 1076.00 487.00 1304.00 567.00 1.62 2.20 4.14 7.91 0.74 27.11 -0.09
Car 0.00 1 -0.49 1300.00 488.00 1568.00 561.00 1.49 2.21 4.70 13.21 0.69 27.30 -0.04
Car 0.00 2 -0.12 902.00 481.00 1000.00 517.00 1.60 1.97 4.23 6.10 0.34 57.85 -0.02
Car 0.00 0 -0.39 1179.00 490.00 1346.00 543.00 1.43 1.99 3.95 12.49 0.69 35.59 -0.05
Car 0.00 2 2.98 910.00 488.00 1031.00 528.00 1.54 1.96 4.55 6.13 0.64 50.75 3.10
Car 0.00 3 -1.50 492.00 438.00 688.00 635.00 1.90 1.81 4.92 -2.44 0.43 14.78 -1.66
Car 0.00 3 -0.35 1050.00 484.00 1253.00 560.00 1.74 2.04 4.23 7.95 0.71 30.25 -0.10
Car 0.00 3 -0.45 1252.00 497.00 1444.00 558.00 1.40 2.03 3.80 12.86 0.85 30.81 -0.05
Car 0.00 3 -0.16 888.00 486.00 975.00 517.00 1.56 1.75 4.12 5.82 0.49 64.28 -0.07
