Car 0.00 0 2.12 -305.00 390.00 194.00 597.00 1.70 2.11 4.58 -8.26 0.48 13.07 1.55
Car 0.00 0 1.98 175.00 402.00 420.00 533.00 1.80 1.82 4.81 -7.66 0.43 20.35 1.62
Car 0.00 3 -0.32 1065.00 433.00 1329.00 519.00 1.50 1.89 4.58 8.02 0.74 25.01 -0.00
Car 0.00 3 2.39 1524.00 455.00 2389.00 722.00 1.53 1.96 4.28 7.92 0.96 8.89 3.12
Car 0.00 0 -0.54 806.00 415.00 935.00 469.00 1.85 1.81 4.43 3.11 0.17 46.93 -0.48
Car 0.00 1 2.62 1238.00 419.00 1735.00 586.00 1.63 1.94 4.53 7.75 0.69 14.31 3.12
Car 0.00 3 2.79 1109.00 429.00 1395.00 533.00 1.64 1.88 4.35 8.17 0.74 22.46 3.14
Car 0.00 1 1.87 359.00 409.00 517.00 501.00 1.87 2.00 5.19 -7.90 0.37 29.18 1.61
Car 0.00 2 3.22 574.00 418.00 634.00 442.00 1.53 1.90 3.81 -12.37 -0.54 85.73 3.08
Car 0.00 0 1.78 499.00 422.00 589.00 476.00 1.57 1.86 4.75 -7.73 0.34 40.62 1.59
