Car 0.00 3 2.64 1250.00 481.00 1631.00 611.00 1.59 1.74 4.26 8.12 0.99 16.79 3.09
Car 0.00 3 -0.22 1036.00 477.00 1195.00 536.00 1.82 1.89 4.78 9.47 1.18 41.34 0.01
Car 0.00 2 -0.55 1430.00 434.00 2091.00 668.00 1.86 2.04 4.42 8.21 0.68 11.42 0.07
Car 0.00 0 1.88 352.00 475.00 532.00 584.00 1.89 1.90 4.99 -7.37 1.09 24.58 1.59
Car 0.00 3 2.72 1169.00 481.00 1504.00 581.00 1.41 1.89 4.42 7.81 0.92 19.48 3.10
Car 0.00 2 -0.33 1163.00 456.00 1463.00 577.00 2.00 2.10 4.57 8.59 0.81 22.47 0.03
Car 0.00 0 2.04 -426.00 387.00 508.00 943.00 1.86 1.95 4.59 -3.26 0.70 6.57 1.58
Car 0.00 3 -0.56 1355.00 456.00 1852.00 623.00 1.69 1.88 4.45 8.58 0.75 14.13 -0.01
Car 0.00 2 2.18 -260.00 489.00 292.00 731.00 1.90 1.93 5.18 -7.62 1.16 12.63 1.63
Car 0.00 0 1.80 553.00 488.00 642.00 545.00 1.60 1.60 4.76 -6.89 1.37 38.08 1.62
Car 0.00 3 -3.44 1135.00 477.00 1392.00 565.00 1.65 1.83 4.58 8.76 1.01 25.41 -3.11
