Car 0.00 3 2.70 1188.00 467.00 1351.00 521.00 1.50 1.66 4.31 13.30 0.72 37.72 3.04
Car 0.00 0 -1.76 909.00 469.00 987.00 524.00 1.72 1.70 4.77 4.02 0.88 42.21 -1.67
Car 0.00 0 1.98 100.00 496.00 251.00 571.00 1.86 1.84 5.02 -18.00 1.69 34.93 1.50
Car 0.00 0 -1.59 648.00 476.00 688.00 507.00 1.74 2.19 4.52 -9.47 1.28 74.39 -1.72
Car 0.00 3 -0.33 1009.00 478.00 1129.00 523.00 1.89 1.92 5.06 11.16 1.41 57.84 -0.14
Car 0.00 0 -1.91 986.00 473.00 1123.00 541.00 1.51 1.84 4.59 5.51 0.89 30.94 -1.74
Car 0.00 0 2.09 -36.00 514.00 161.00 592.00 1.50 1.74 4.73 -17.52 1.85 29.04 1.55
Car 0.00 0 -1.84 944.00 468.00 1048.00 532.00 1.70 1.78 4.85 4.88 0.87 36.80 -1.70
Car 0.00 1 2.04 191.00 500.00 309.00 551.00 1.45 1.72 4.18 -18.58 1.76 40.56 1.61
Car 0.00 0 2.16 -327.00 453.00 37.00 628.00 2.77 2.38 5.90 -17.62 1.18 23.28 1.51
Car 0.00 0 -1.91 1125.00 445.00 1353.00 579.00 1.81 1.80 4.96 6.32 0.62 19.90 -1.60
Car 0.00 3 2.76 1074.00 461.00 1214.00 519.00 1.93 1.80 4.58 11.59 0.73 45.92 3.01
Car 0.00 0 -1.60 712.00 475.00 785.00 532.00 1.54 2.00 4.29 -2.40 0.98 37.59 -1.66
Car 0.00 0 -1.66 775.00 468.00 831.00 515.00 1.84 1.95 4.70 -1.07 0.92 53.59 -1.68
Car 0.00 2 2.56 1348.00 454.00 1501.00 507.00 1.77 1.83 4.75 21.77 0.37 45.71 3.01
