Car 0.00 2 -0.34 1269.00 449.00 1641.00 572.00 1.81 1.91 4.82 9.63 0.60 19.56 0.11
Car 0.00 3 -3.48 1238.00 478.00 1506.00 552.00 1.40 1.94 4.54 10.79 0.87 25.05 -3.07
Car 0.00 0 1.73 787.00 489.00 894.00 559.00 1.43 1.75 4.30 0.40 1.15 28.37 1.75
Car 0.00 0 1.79 660.00 439.00 805.00 556.00 2.57 2.12 6.67 -2.15 0.64 31.13 1.72
Car 0.00 3 -3.24 1144.00 474.00 1286.00 521.00 1.59 1.96 4.65 13.73 0.96 44.51 -2.94
Car 0.00 3 -0.56 1522.00 473.00 2184.00 655.00 1.52 1.73 4.53 9.24 0.80 11.64 0.11
Car 0.00 0 2.12 -138.00 376.00 649.00 805.00 1.99 2.01 5.79 -3.20 0.59 8.84 1.78
Car 0.00 3 -3.54 1331.00 463.00 1754.00 587.00 1.55 1.85 4.59 9.44 0.70 16.88 -3.03
Car 0.00 3 -3.33 1174.00 475.00 1365.00 540.00 1.66 1.76 4.54 11.66 0.97 33.25 -3.00
Car 0.00 3 -3.47 1221.00 473.00 1451.00 550.00 1.65 1.77 4.49 11.40 0.91 28.26 -3.09
Car 0.00 3 -3.47 1274.00 478.00 1571.00 569.00 1.52 1.83 4.41 10.46 0.92 22.28 -3.04
