Car 0.00 2 -2.50 -217.00 515.00 2.00 585.00 1.53 2.21 4.47 -26.38 2.24 35.52 -3.14
Car 0.00 3 2.54 1540.00 378.00 1832.00 475.00 1.67 2.24 4.64 18.36 -0.89 26.96 3.13
Car 0.00 2 -0.39 1100.00 410.00 1573.00 581.00 1.54 2.06 4.57 5.75 0.27 14.60 -0.01
Car 0.00 2 -3.34 1004.00 433.00 1271.00 543.00 1.61 1.95 4.26 5.49 0.31 22.58 -3.10
Car 0.00 2 2.72 1037.00 394.00 1449.00 564.00 1.90 2.29 4.84 5.68 0.11 17.52 3.03
Car 0.00 2 2.67 1127.00 395.00 1705.00 612.00 1.55 2.12 4.33 5.31 0.29 11.75 3.09
Car 0.00 1 2.30 1442.00 234.00 2788.00 789.00 2.00 2.17 4.69 6.04 0.14 6.34 3.06
Car 0.00 2 2.91 950.00 420.00 1212.00 535.00 1.90 2.19 4.70 5.05 0.15 25.37 3.11
Car 0.00 2 2.95 935.00 444.00 1109.00 518.00 1.61 2.02 4.17 5.14 0.29 33.34 3.10
Car 0.00 2 2.53 1274.00 390.00 1998.00 677.00 1.57 2.02 3.87 5.60 0.40 9.06 3.08
Car 0.00 1 -0.29 980.00 431.00 1181.00 520.00 1.82 2.09 4.34 6.20 0.13 30.91 -0.09
Car 0.00 3 0.26 367.00 473.00 534.00 544.00 1.88 2.00 4.68 -12.07 1.21 40.40 -0.03
Car 0.00 2 2.82 1037.00 425.00 1320.00 545.00 1.57 2.01 3.85 5.55 0.23 20.12 3.09
Car 0.00 3 2.95 915.00 429.00 1088.00 515.00 2.25 2.37 4.79 5.33 0.07 38.72 3.09
Car 0.00 2 -2.78 332.00 481.00 495.00 550.00 1.73 1.89 4.13 -12.36 1.34 37.62 -3.10
Car 0.00 2 1.14 1332.00 402.00 1525.00 494.00 1.90 2.07 5.27 14.37 -0.49 30.34 1.58
Car 0.00 2 1.06 1467.00 393.00 1747.00 497.00 1.60 2.17 5.10 14.47 -0.43 23.69 1.61
Car 0.00 2 0.67 -321.00 500.00 124.00 645.00 1.52 2.01 4.57 -12.47 1.35 17.11 0.04
Car 0.00 2 -2.48 -143.00 506.00 47.00 580.00 1.86 2.06 4.29 -26.67 2.21 38.29 -3.09
Car 0.00 1 2.95 916.00 437.00 1091.00 518.00 1.92 2.24 4.50 5.00 0.21 35.93 3.09
Car 0.00 2 3.61 -43.00 503.00 140.00 568.00 1.81 2.15 4.96 -27.40 2.29 44.28 3.05
