Car 0.00 1 0.98 1441.00 394.00 1815.00 547.00 2.00 2.16 5.47 12.22 0.04 19.73 1.53
Car 0.00 2 -1.82 1020.00 479.00 1163.00 563.00 1.47 1.78 4.13 5.20 0.97 25.13 -1.62
Car 0.00 1 -1.75 978.00 454.00 1100.00 545.00 2.00 2.03 4.95 5.11 0.70 30.90 -1.59
Car 0.00 0 -1.80 1065.00 455.00 1257.00 588.00 1.77 1.80 4.46 5.01 0.73 19.42 -1.55
Car 0.00 0 -1.96 1161.00 478.00 1492.00 642.00 1.44 1.74 4.22 5.15 0.85 13.60 -1.60
Car 0.00 2 -1.70 933.00 470.00 1008.00 524.00 1.69 1.93 4.51 4.90 0.91 43.31 -1.59
Car 0.00 0 1.91 57.00 451.00 538.00 765.00 1.74 1.75 4.55 -3.56 0.82 9.47 1.55
Car 0.00 0 -2.10 1344.00 476.00 2132.00 807.00 1.41 1.72 4.36 4.91 0.78 7.70 -1.54
Car 0.00 3 0.96 1534.00 393.00 1886.00 528.00 2.00 2.18 5.49 15.16 -0.11 22.05 1.56
Car 0.00 3 -1.72 953.00 476.00 1040.00 532.00 1.49 1.91 4.25 5.00 0.98 37.42 -1.59
Car 0.00 3 1.86 406.00 485.00 537.00 569.00 2.00 1.88 5.27 -9.39 1.44 33.59 1.59
Car 0.00 0 1.76 528.00 484.00 604.00 541.00 1.88 1.82 4.48 -9.36 1.49 45.32 1.55
