Car 0.00 3 1.12 1342.00 435.00 1469.00 500.00 2.00 1.87 4.84 19.43 -0.05 42.33 1.55
Car 0.00 0 -1.58 890.00 461.00 998.00 554.00 1.67 1.95 5.03 2.41 0.73 25.97 -1.49
Car 0.00 1 1.14 1350.00 441.00 1466.00 506.00 1.69 1.48 3.83 16.48 0.13 35.70 1.58
Car 0.00 3 1.66 676.00 478.00 719.00 521.00 2.20 1.93 3.92 -6.99 1.57 68.13 1.56
Car 0.00 3 -1.66 957.00 484.00 1003.00 518.00 1.59 1.83 4.69 7.85 1.56 64.47 -1.54
Car 0.00 3 1.24 1186.00 453.00 1301.00 518.00 1.96 2.00 4.97 13.69 0.52 41.47 1.56
Car 0.00 3 1.20 1266.00 438.00 1390.00 505.00 2.00 2.00 5.07 16.45 0.09 41.38 1.58
Car 0.00 3 1.65 690.00 471.00 733.00 516.00 2.44 2.06 4.39 -6.64 1.36 72.83 1.56
Car 0.00 0 1.00 1514.00 425.00 1681.00 501.00 1.92 1.80 4.44 21.52 -0.14 35.23 1.55
Car 0.00 0 -1.71 1043.00 472.00 1133.00 543.00 1.58 1.60 3.48 6.30 0.89 30.47 -1.51
Car 0.00 3 -1.69 977.00 466.00 1045.00 520.00 1.88 1.92 4.80 6.93 0.87 47.45 -1.54
Car 0.00 3 2.20 -309.00 527.00 194.00 739.00 1.63 1.83 4.70 -8.86 1.52 13.22 1.61
Car 0.00 3 1.75 637.00 478.00 704.00 528.00 2.00 1.97 5.18 -6.82 1.43 55.30 1.63
Car 0.00 2 -1.70 993.00 463.00 1069.00 524.00 1.83 1.82 4.53 6.66 0.78 41.24 -1.54
Car 0.00 0 2.82 -974.00 519.00 274.00 1005.00 1.54 1.76 4.70 -5.73 1.15 6.92 2.12
Car 0.00 3 -1.65 946.00 474.00 982.00 510.00 1.96 1.63 3.87 7.68 1.24 70.48 -1.54
Car 0.00 0 2.03 139.00 478.00 411.00 623.00 1.96 1.92 4.79 -8.49 1.16 19.86 1.63
Car 0.00 1 -1.78 1007.00 462.00 1117.00 536.00 1.86 1.99 4.93 6.55 0.80 35.40 -1.59
