Car 0.00 2 2.43 1458.00 429.00 2325.00 716.00 1.60 1.98 4.30 7.40 0.85 8.83 3.13
Car 0.00 0 1.94 124.00 422.00 360.00 535.00 1.52 1.76 4.75 -8.46 0.61 20.13 1.54
Car 0.00 0 1.74 490.00 420.00 573.00 472.00 1.70 2.11 4.58 -9.17 0.32 45.72 1.54
Car 0.00 3 2.62 1207.00 423.00 1707.00 605.00 1.74 2.02 4.59 7.47 0.82 14.41 3.10
Car 0.00 2 -0.27 989.00 412.00 1205.00 508.00 2.07 2.28 4.59 7.48 0.54 30.79 -0.03
Car 0.00 3 -0.43 1204.00 443.00 1330.00 495.00 1.83 1.94 4.16 19.02 1.22 50.13 -0.07
Car 0.00 0 1.85 310.00 418.00 458.00 510.00 1.73 1.81 4.39 -8.49 0.54 27.02 1.54
Car 0.00 2 -0.64 1305.00 368.00 1977.00 639.00 2.02 2.10 4.61 7.41 0.56 11.31 -0.06
Car 0.00 3 -0.54 1301.00 469.00 1481.00 538.00 2.00 2.06 4.90 19.85 2.12 41.60 -0.10
Car 0.00 1 1.83 403.00 422.00 516.00 486.00 1.54 1.77 4.61 -8.79 0.44 34.33 1.58
Car 0.00 3 2.92 949.00 425.00 1116.00 492.00 1.82 2.10 4.67 7.55 0.64 39.18 3.11
Car 0.00 3 2.96 912.00 434.00 1044.00 484.00 1.63 1.94 4.53 7.10 0.77 47.24 3.11
