Car 0.00 0 -0.53 1301.00 456.00 1884.00 648.00 1.58 1.75 4.42 7.07 0.73 11.91 0.00
Car 0.00 2 -2.70 322.00 481.00 457.00 528.00 1.66 2.03 4.37 -16.57 1.30 47.63 -3.04
Car 0.00 3 2.76 1125.00 463.00 1521.00 591.00 1.57 1.85 4.76 6.79 0.77 17.50 3.13
Car 0.00 1 -2.61 1047.00 475.00 1291.00 553.00 1.47 1.81 4.58 7.05 0.90 26.17 -2.35
Car 0.00 3 -0.92 -255.00 451.00 66.00 590.00 2.15 2.03 4.83 -16.11 0.83 22.32 -1.54
Car 0.00 0 -1.58 824.00 475.00 863.00 507.00 1.72 2.08 4.76 0.93 1.20 71.57 -1.57
Car 0.00 3 0.14 647.00 478.00 729.00 511.00 2.00 2.10 5.09 -9.02 1.58 81.81 0.03
Car 0.00 0 0.52 -225.00 445.00 233.00 609.00 2.00 1.98 4.93 -11.14 0.75 17.27 -0.05
Car 0.00 3 -2.13 1437.00 446.00 1663.00 539.00 1.69 1.85 4.41 14.55 0.44 25.53 -1.61
Car 0.00 0 1.71 585.00 454.00 709.00 578.00 1.89 1.63 2.96 -2.95 0.74 21.09 1.57
Car 0.00 3 1.10 1595.00 445.00 1832.00 529.00 1.46 1.91 4.54 17.28 0.33 24.73 1.71
