Car 0.00 1 2.02 -258.00 497.00 260.00 750.00 1.71 1.96 4.47 -6.78 1.12 11.01 1.46
Car 0.00 3 0.32 1215.00 480.00 1367.00 528.00 1.55 2.09 4.46 16.10 1.18 43.55 0.67
Car 0.00 2 -1.66 871.00 471.00 941.00 528.00 2.20 2.42 4.81 3.24 1.22 52.30 -1.60
Car 0.00 3 -2.11 850.00 486.00 1088.00 593.00 1.66 1.92 4.92 2.37 1.18 22.40 -2.00
Car 0.00 2 -1.59 698.00 484.00 779.00 560.00 1.69 1.79 4.17 -2.19 1.23 30.41 -1.66
Car 0.00 3 -1.57 815.00 479.00 874.00 537.00 1.92 1.96 4.46 0.63 1.35 44.97 -1.56
Car 0.00 0 -1.69 708.00 493.00 905.00 631.00 1.48 1.96 4.37 -0.42 1.08 16.16 -1.72
Car 0.00 2 1.75 394.00 507.00 522.00 584.00 1.54 1.91 4.98 -8.26 1.64 28.48 1.46
Car 0.00 1 1.92 -59.00 511.00 471.00 802.00 1.52 1.97 4.31 -4.06 1.10 9.13 1.50
Car 0.00 1 1.70 483.00 500.00 570.00 563.00 1.78 1.95 5.24 -9.23 1.84 38.98 1.46
