Car 0.00 3 -2.50 -392.00 429.00 83.00 566.00 1.91 2.28 5.54 -14.14 0.86 19.24 -3.14
Car 0.00 3 -0.76 1585.00 355.00 2593.00 650.00 1.68 2.01 4.57 8.25 0.39 8.41 0.02
Car 0.00 3 3.35 379.00 437.00 547.00 488.00 1.91 2.32 6.00 -12.63 0.95 49.63 3.10
Car 0.00 3 -2.76 211.00 431.00 427.00 505.00 2.11 2.28 5.66 -14.06 0.90 38.22 -3.11
Car 0.00 3 -0.91 1511.00 380.00 3031.00 810.00 1.50 2.12 4.70 6.23 0.56 5.74 -0.08
Car 0.00 3 -2.61 -70.00 436.00 230.00 530.00 1.91 2.23 5.26 -15.19 0.94 27.38 -3.11
Car 0.00 3 -2.66 34.00 434.00 304.00 523.00 2.00 2.27 5.33 -14.64 0.94 30.14 -3.11
Car 0.00 3 -2.73 165.00 432.00 385.00 510.00 2.09 2.24 5.25 -14.32 0.91 35.58 -3.11
Car 0.00 2 0.24 354.00 399.00 569.00 482.00 3.62 2.77 9.16 -14.83 0.11 58.10 -0.01
Car 0.00 3 -2.88 381.00 447.00 523.00 495.00 1.66 2.05 4.66 -12.28 1.21 46.55 -3.14
Car 0.00 3 3.39 315.00 452.00 465.00 499.00 1.54 1.96 4.64 -13.80 1.29 44.12 3.09
Car 0.00 3 -2.59 -108.00 439.00 222.00 540.00 1.83 2.23 5.16 -14.11 0.98 24.66 -3.11
Car 0.00 3 0.14 524.00 447.00 623.00 477.00 1.54 2.04 4.94 -11.35 1.28 67.48 -0.03
Car 0.00 3 -1.24 969.00 437.00 1084.00 484.00 1.48 2.20 5.04 8.06 0.72 42.08 -1.05
