Car 0.00 3 -3.48 1203.00 493.00 1350.00 552.00 1.88 1.81 4.40 15.54 1.80 43.42 -3.14
Car 0.00 2 -3.62 1363.00 506.00 1596.00 581.00 1.48 1.69 4.23 14.25 1.60 27.51 -3.14
Car 0.00 3 -3.52 1242.00 490.00 1422.00 556.00 1.80 1.86 4.62 15.11 1.57 37.65 -3.14
Car 0.00 0 1.67 669.00 488.00 744.00 547.00 1.57 1.71 4.04 -3.38 1.32 35.84 1.58
Car 0.00 3 -3.55 1280.00 506.00 1464.00 562.00 1.42 1.81 4.36 15.29 1.78 35.27 -3.14
Car 0.00 3 2.50 1490.00 511.00 1802.00 609.00 1.56 1.86 4.43 14.56 1.59 22.41 3.07
Car 0.00 3 2.60 1430.00 503.00 1693.00 597.00 1.70 1.80 4.17 14.56 1.56 24.97 3.13
Car 0.00 3 2.50 1558.00 513.00 1938.00 629.00 1.63 1.92 4.65 14.55 1.57 19.97 3.13
Car 0.00 3 -3.50 1221.00 502.00 1378.00 552.00 1.47 1.83 4.38 15.30 1.84 40.67 -3.14
Car 0.00 3 2.68 1300.00 489.00 1513.00 562.00 1.76 1.99 4.65 15.14 1.43 32.88 3.11
Car 0.00 1 -2.14 139.00 478.00 265.00 532.00 1.76 1.81 4.41 -21.94 1.21 43.95 -2.61
