Car 0.00 3 -2.51 -298.00 460.00 174.00 608.00 1.76 1.99 4.66 -11.22 0.77 16.07 -3.12
Car 0.00 3 -3.33 1032.00 473.00 1181.00 531.00 1.86 1.99 4.51 9.19 1.03 41.39 -3.11
Car 0.00 0 -2.45 -516.00 480.00 97.00 646.00 1.60 2.15 4.74 -10.74 0.91 13.29 -3.13
Car 0.00 3 2.66 1365.00 456.00 1575.00 535.00 2.71 2.30 6.24 22.66 0.88 44.30 3.13
Car 0.00 0 -2.61 -118.00 458.00 278.00 592.00 1.90 2.07 4.70 -11.05 0.79 18.82 -3.14
Car 0.00 3 0.33 335.00 478.00 513.00 535.00 1.56 2.05 4.38 -11.39 1.02 35.68 0.02
Car 0.00 3 -2.68 80.00 453.00 384.00 562.00 2.00 1.95 4.93 -11.37 0.70 24.20 -3.12
Car 0.00 3 -0.17 990.00 474.00 1087.00 520.00 2.00 1.98 3.95 9.36 1.19 55.52 -0.01
Car 0.00 3 0.39 174.00 458.00 488.00 556.00 2.00 2.30 5.87 -10.60 0.78 27.15 0.02
Car 0.00 3 2.54 1451.00 498.00 1637.00 553.00 1.61 2.14 4.57 22.06 1.70 38.66 3.06
