Car 0.00 1 1.10 1348.00 417.00 1591.00 528.00 2.00 2.16 5.47 13.15 0.09 26.15 1.57
Car 0.00 0 1.02 1508.00 426.00 1812.00 543.00 1.59 1.99 4.37 13.09 0.24 20.08 1.60
Car 0.00 1 -1.72 996.00 462.00 1092.00 536.00 2.00 2.03 4.95 6.41 0.84 37.51 -1.55
Car 0.00 1 -1.74 1053.00 464.00 1181.00 560.00 1.77 1.80 4.46 5.93 0.82 26.07 -1.51
Car 0.00 1 -1.85 1103.00 481.00 1290.00 584.00 1.44 1.74 4.22 5.85 0.94 20.33 -1.57
Car 0.00 3 -1.69 965.00 473.00 1028.00 520.00 1.69 1.93 4.51 6.72 1.04 49.97 -1.55
Car 0.00 0 1.70 598.00 474.00 727.00 581.00 1.74 1.75 4.55 -2.96 1.01 23.49 1.58
Car 0.00 0 -1.87 1177.00 477.00 1462.00 627.00 1.41 1.72 4.36 5.42 0.83 14.41 -1.51
Car 0.00 0 2.02 -271.00 461.00 504.00 906.00 1.62 1.75 4.27 -3.24 0.84 6.87 1.58
Car 0.00 2 1.82 530.00 488.00 630.00 556.00 2.00 1.88 5.27 -7.91 1.61 40.76 1.62
Car 0.00 3 1.73 616.00 485.00 678.00 534.00 1.88 1.82 4.48 -7.46 1.61 52.47 1.59
