Car 0.00 2 -0.34 1262.00 457.00 1632.00 581.00 1.81 1.91 4.82 9.53 0.73 19.61 0.11
Car 0.00 3 -3.48 1233.00 487.00 1501.00 561.00 1.40 1.94 4.54 10.69 1.06 25.06 -3.08
Car 0.00 0 1.76 720.00 497.00 852.00 581.00 1.43 1.75 4.30 -0.68 1.24 24.03 1.73
Car 0.00 0 1.80 650.00 447.00 796.00 564.00 2.57 2.12 6.67 -2.39 0.84 31.08 1.72
Car 0.00 3 -3.24 1136.00 482.00 1278.00 529.00 1.59 1.96 4.65 13.40 1.25 44.44 -2.94
Car 0.00 3 -0.56 1521.00 481.00 2185.00 665.00 1.52 1.73 4.53 9.19 0.88 11.58 0.11
Car 0.00 0 2.33 -1226.00 302.00 482.00 1147.00 1.99 2.01 5.79 -3.90 0.64 5.98 1.75
Car 0.00 3 -3.54 1325.00 472.00 1748.00 596.00 1.55 1.85 4.59 9.36 0.82 16.86 -3.03
Car 0.00 3 -3.33 1167.00 483.00 1358.00 548.00 1.66 1.76 4.54 11.50 1.19 33.30 -3.00
Car 0.00 3 -3.47 1211.00 482.00 1441.00 558.00 1.65 1.77 4.49 11.18 1.10 28.27 -3.09
Car 0.00 3 -3.47 1267.00 486.00 1563.00 577.00 1.52 1.83 4.41 10.34 1.05 22.29 -3.04
