Car 0.00 0 2.03 197.00 502.00 329.00 560.00 1.64 2.10 4.16 -17.60 1.86 39.36 1.61
Car 0.00 0 1.91 401.00 498.00 489.00 539.00 1.70 2.25 5.06 -17.38 2.16 57.35 1.61
Car 0.00 0 1.98 281.00 490.00 401.00 549.00 2.00 2.19 5.05 -17.52 1.74 45.52 1.61
Car 0.00 0 2.04 90.00 500.00 251.00 577.00 1.83 1.98 4.36 -17.22 1.73 33.13 1.56
Car 0.00 1 -1.68 965.00 472.00 1084.00 572.00 1.77 1.81 4.11 3.80 0.96 24.65 -1.53
Car 0.00 1 -1.82 1011.00 451.00 1229.00 602.00 1.92 2.01 4.54 4.14 0.77 18.53 -1.60
Car 0.00 1 1.94 355.00 495.00 449.00 544.00 1.86 2.08 4.71 -17.37 1.97 51.54 1.61
Car 0.00 0 -2.15 1291.00 417.00 2499.00 1003.00 1.72 1.89 4.59 4.05 0.75 6.05 -1.56
Car 0.00 2 -1.71 941.00 482.00 1044.00 558.00 1.71 1.85 4.53 3.97 1.16 30.65 -1.58
Car 0.00 0 2.11 -83.00 507.00 135.00 593.00 1.61 1.95 4.55 -17.35 1.68 27.47 1.54
