Car 0.00 3 0.09 675.00 596.00 803.00 646.00 1.68 2.09 4.37 -2.67 4.55 44.72 0.03
Car 0.00 3 -3.29 1050.00 599.00 1296.00 687.00 1.54 2.03 4.17 6.61 2.81 23.88 -3.02
Car 0.00 1 0.10 609.00 601.00 781.00 658.00 1.52 2.00 4.56 -3.29 3.81 35.08 0.01
Car 0.00 3 -3.36 1032.00 600.00 1251.00 677.00 1.52 1.84 4.11 6.71 3.05 26.48 -3.11
Car 0.00 3 -3.25 953.00 599.00 1102.00 649.00 1.53 1.89 4.52 6.71 4.24 40.69 -3.08
Car 0.00 0 0.34 223.00 604.00 668.00 749.00 1.59 2.10 4.72 -4.34 2.17 15.40 0.07
Car 0.00 2 -3.25 970.00 601.00 1136.00 652.00 1.49 1.90 4.71 7.07 4.05 38.20 -3.07
Car 0.00 3 0.11 623.00 598.00 785.00 656.00 1.66 1.82 4.58 -3.26 3.99 37.49 0.03
Car 0.00 2 -0.53 1539.00 590.00 1861.00 684.00 1.62 2.12 4.31 16.11 2.63 23.31 0.07
Car 0.00 3 -0.49 1509.00 595.00 1788.00 679.00 1.62 2.08 4.22 16.86 2.94 25.87 0.09
Car 0.00 0 -3.45 1128.00 598.00 1618.00 762.00 1.63 2.19 4.47 5.92 2.01 14.07 -3.05
Car 0.00 3 -3.43 1096.00 598.00 1423.00 709.00 1.55 1.95 4.21 6.52 2.38 19.03 -3.10
Car 0.00 3 -0.27 1218.00 596.00 1359.00 641.00 1.62 2.15 4.47 17.52 4.70 47.20 0.08
Car 0.00 2 0.64 -230.00 612.00 355.00 801.00 1.50 1.79 4.31 -6.70 1.87 11.53 0.11
Car 0.00 3 -3.44 1116.00 604.00 1491.00 737.00 1.60 1.95 4.17 6.26 2.30 16.72 -3.08
Car 0.00 3 -0.47 1398.00 587.00 1635.00 662.00 1.73 2.15 4.49 16.92 3.21 30.80 0.03
Car 0.00 3 -0.36 1273.00 590.00 1448.00 649.00 1.77 2.40 4.46 17.06 4.01 39.93 0.05
Car 0.00 3 -3.31 1009.00 598.00 1223.00 663.00 1.52 1.89 4.82 7.25 3.38 31.05 -3.08
Car 0.00 3 -0.48 1433.00 592.00 1683.00 669.00 1.66 2.02 4.33 16.54 3.09 28.43 0.05
Car 0.00 0 -3.30 1008.00 601.00 1223.00 671.00 1.50 1.97 4.47 6.69 3.24 28.74 -3.07
