Car 0.00 3 -0.42 1377.00 428.00 1577.00 492.00 1.49 1.89 3.83 15.98 -0.79 30.78 0.06
Car 0.00 3 -3.27 922.00 434.00 1045.00 471.00 1.33 1.91 4.35 6.24 -1.48 47.67 -3.14
Car 0.00 3 -0.29 1184.00 423.00 1314.00 470.00 1.70 1.85 4.22 16.20 -1.70 47.59 0.04
Car 0.00 3 -3.48 1066.00 419.00 1505.00 584.00 1.75 2.04 4.30 5.26 0.06 14.71 -3.14
Car 0.00 3 -0.60 1564.00 434.00 1905.00 528.00 1.48 1.95 4.27 15.35 -0.21 21.36 0.02
Car 0.00 0 -3.66 1183.00 411.00 2028.00 682.00 1.72 2.23 4.75 5.41 0.30 9.31 -3.13
Car 0.00 3 -0.34 1163.00 422.00 1273.00 462.00 1.52 1.75 3.71 15.77 -1.96 49.84 -0.03
Car 0.00 2 -3.55 1135.00 391.00 1680.00 590.00 1.70 1.92 4.19 5.36 -0.05 11.95 -3.13
Car 0.00 1 -0.11 968.00 420.00 1198.00 499.00 1.68 2.04 4.84 5.89 -0.75 28.52 0.10
Car 0.00 3 -3.28 981.00 432.00 1229.00 510.00 1.49 2.02 4.71 5.83 -0.46 26.10 -3.06
Car 0.00 0 1.53 607.00 417.00 660.00 463.00 1.65 1.83 4.36 -6.98 -1.98 48.03 1.39
Car 0.00 2 -3.39 1014.00 434.00 1312.00 529.00 1.50 1.96 4.56 5.82 -0.21 21.73 -3.13
Car 0.00 3 -3.56 1421.00 429.00 1658.00 500.00 1.50 2.02 4.11 16.13 -0.65 28.44 -3.05
Car 0.00 3 -0.25 1218.00 423.00 1351.00 470.00 1.49 1.85 3.84 15.74 -1.53 42.73 0.10
