Car 0.00 0 -1.59 723.00 488.00 774.00 528.00 1.59 1.97 4.42 -2.84 0.66 52.47 -1.65
Car 0.00 0 3.44 -507.00 474.00 75.00 677.00 1.77 1.92 4.17 -10.10 0.74 12.85 2.78
Car 0.00 3 -0.08 566.00 480.00 681.00 529.00 1.82 1.84 4.31 -7.55 0.51 49.49 -0.23
Car 0.00 1 -0.32 1178.00 479.00 1500.00 590.00 1.60 1.97 4.23 8.03 0.65 19.81 0.07
Car 0.00 0 -0.83 172.00 476.00 604.00 669.00 1.68 1.82 4.33 -4.25 0.71 13.36 -1.14
Car 0.00 0 -3.63 1295.00 489.00 1872.00 660.00 1.54 1.96 4.55 7.44 0.78 12.70 -3.10
Car 0.00 3 -0.27 1020.00 477.00 1174.00 537.00 1.78 1.80 4.33 8.68 0.46 39.33 -0.06
Car 0.00 3 -0.52 1484.00 480.00 1819.00 577.00 1.53 1.75 4.44 14.03 0.61 21.48 0.06
Car 0.00 3 -0.58 1576.00 490.00 1959.00 586.00 1.32 1.85 4.24 14.08 0.66 18.95 0.06
Car 0.00 1 -0.05 547.00 488.00 699.00 540.00 1.53 1.81 4.57 -6.06 0.69 39.61 -0.20
Car 0.00 3 -0.30 1111.00 485.00 1341.00 567.00 1.56 1.75 4.12 8.28 0.69 25.88 0.01
