Car 0.00 3 0.45 47.00 483.00 316.00 567.00 1.65 1.87 4.70 -13.54 1.13 26.51 -0.02
Car 0.00 3 0.34 235.00 477.00 418.00 546.00 1.79 1.93 4.29 -13.77 1.13 34.71 -0.04
Car 0.00 3 0.45 130.00 473.00 356.00 554.00 1.74 1.98 4.29 -13.41 0.99 28.98 0.01
Car 0.00 3 0.54 -176.00 487.00 147.00 601.00 1.71 1.87 4.07 -13.85 1.18 20.83 -0.05
Car 0.00 0 1.64 733.00 454.00 779.00 504.00 2.78 2.24 5.98 -4.11 0.54 74.19 1.59
Car 0.00 3 0.17 499.00 478.00 595.00 514.00 1.72 1.86 4.42 -14.00 1.31 62.96 -0.04
Car 0.00 2 0.62 -389.00 491.00 45.00 620.00 1.68 1.88 4.76 -14.46 1.20 18.37 -0.05
Car 0.00 2 0.52 -48.00 477.00 257.00 585.00 1.86 1.96 4.58 -13.43 1.10 23.50 0.00
Car 0.00 3 0.34 291.00 473.00 474.00 539.00 1.95 2.17 5.06 -14.12 1.13 40.03 -0.00
Car 0.00 3 0.43 175.00 480.00 371.00 552.00 1.70 1.89 4.10 -13.91 1.13 31.65 0.01
