Car 0.00 3 0.30 426.00 449.00 515.00 482.00 1.94 2.18 4.65 -21.38 -0.26 75.32 0.02
Car 0.00 1 -1.82 1187.00 475.00 1266.00 515.00 1.43 1.76 4.51 15.12 0.92 47.56 -1.52
Car 0.00 3 2.58 1479.00 469.00 1601.00 505.00 1.77 2.13 5.09 36.78 0.89 64.67 3.10
Car 0.00 3 2.93 969.00 465.00 1066.00 500.00 1.84 2.08 4.96 10.48 0.69 68.97 3.08
Car 0.00 0 2.93 1007.00 463.00 1139.00 511.00 1.96 1.99 5.10 10.28 0.70 52.51 3.13
Car 0.00 3 0.17 605.00 460.00 719.00 497.00 1.59 2.25 4.72 -7.28 0.37 55.72 0.04
Car 0.00 3 2.67 1361.00 465.00 1448.00 498.00 2.00 1.90 4.54 36.20 0.74 78.52 3.10
Car 0.00 3 -0.20 1001.00 464.00 1118.00 509.00 1.92 1.87 4.76 10.24 0.70 55.29 -0.01
Car 0.00 3 2.97 982.00 468.00 1081.00 500.00 1.59 1.98 4.67 10.40 0.70 63.79 3.13
Car 0.00 3 2.95 1001.00 466.00 1111.00 506.00 1.75 1.89 4.74 10.62 0.73 58.15 3.13
