Car 0.00 0 -1.87 1082.00 457.00 1259.00 565.00 1.72 1.70 4.77 6.07 0.69 22.71 -1.61
Car 0.00 0 -1.52 686.00 472.00 741.00 514.00 1.74 2.19 4.52 -4.99 1.02 55.87 -1.61
Car 0.00 3 -0.43 1185.00 476.00 1376.00 544.00 1.89 1.92 5.06 13.76 1.19 38.12 -0.08
Car 0.00 2 -1.69 777.00 477.00 837.00 512.00 1.49 2.16 4.39 -0.94 1.08 56.31 -1.71
Car 0.00 0 -2.20 1331.00 472.00 1884.00 686.00 1.51 1.84 4.59 6.67 0.82 11.48 -1.67
Car 0.00 0 -2.01 1181.00 457.00 1477.00 607.00 1.70 1.78 4.85 6.58 0.75 17.09 -1.64
Car 0.00 0 2.32 -236.00 514.00 45.00 610.00 1.45 1.72 4.18 -16.58 1.60 22.84 1.69
Car 0.00 0 -1.81 1022.00 472.00 1147.00 546.00 1.53 1.73 4.67 5.83 0.86 28.91 -1.61
Car 0.00 0 2.02 103.00 499.00 250.00 568.00 1.73 1.80 4.56 -18.05 1.72 35.04 1.54
Car 0.00 3 2.55 1408.00 444.00 1677.00 545.00 1.93 1.80 4.58 14.81 0.49 26.05 3.07
Car 0.00 0 -1.55 719.00 474.00 801.00 537.00 1.54 2.00 4.29 -1.73 0.91 33.29 -1.60
Car 0.00 0 -1.69 826.00 464.00 912.00 532.00 1.84 1.95 4.70 1.19 0.81 37.15 -1.66
