Car 0.00 2 -0.34 1270.00 449.00 1641.00 572.00 1.81 1.91 4.82 9.63 0.60 19.56 0.11
Car 0.00 3 -3.48 1237.00 478.00 1505.00 551.00 1.40 1.94 4.54 10.77 0.86 25.07 -3.07
Car 0.00 0 1.71 808.00 487.00 900.00 549.00 1.43 1.75 4.30 0.76 1.16 31.68 1.73
Car 0.00 0 1.79 660.00 439.00 805.00 556.00 2.57 2.12 6.67 -2.15 0.64 31.16 1.72
Car 0.00 3 -3.24 1144.00 474.00 1286.00 521.00 1.59 1.96 4.65 13.73 0.96 44.52 -2.94
Car 0.00 3 -0.55 1520.00 472.00 2178.00 654.00 1.52 1.73 4.53 9.24 0.79 11.68 0.11
Car 0.00 0 2.08 22.00 391.00 684.00 760.00 1.99 2.01 5.79 -3.01 0.60 9.79 1.78
Car 0.00 3 -3.54 1332.00 463.00 1756.00 587.00 1.55 1.85 4.59 9.46 0.70 16.88 -3.03
Car 0.00 3 -3.33 1174.00 475.00 1365.00 540.00 1.66 1.76 4.54 11.66 0.97 33.25 -3.00
Car 0.00 3 -3.47 1222.00 473.00 1453.00 550.00 1.65 1.77 4.49 11.44 0.91 28.28 -3.09
Car 0.00 3 -3.47 1274.00 479.00 1571.00 570.00 1.52 1.83 4.41 10.47 0.93 22.30 -3.03
