Car 0.00 0 -1.61 657.00 480.00 712.00 522.00 1.59 1.97 4.42 -5.33 0.37 50.84 -1.72
Car 0.00 0 -0.52 1148.00 466.00 1559.00 615.00 1.62 2.20 4.14 6.56 0.55 15.79 -0.12
Car 0.00 3 -0.34 1078.00 476.00 1249.00 533.00 1.53 1.96 4.38 10.09 0.37 36.96 -0.08
Car 0.00 0 -0.70 1511.00 464.00 1999.00 598.00 1.49 2.21 4.70 11.85 0.46 16.22 -0.07
Car 0.00 2 -0.13 855.00 474.00 978.00 521.00 1.60 1.97 4.23 3.64 0.22 46.48 -0.05
Car 0.00 1 -1.07 501.00 478.00 626.00 537.00 1.68 1.82 4.33 -7.59 0.45 38.47 -1.26
Car 0.00 0 -0.51 1257.00 472.00 1510.00 555.00 1.43 1.99 3.95 10.84 0.40 24.38 -0.09
Car 0.00 3 -0.99 -158.00 470.00 134.00 582.00 1.75 1.90 4.98 -14.60 0.54 22.75 -1.56
Car 0.00 1 2.96 866.00 481.00 1023.00 535.00 1.54 1.96 4.55 3.93 0.50 39.36 3.06
Car 0.00 0 -0.85 -12817.00 -838.00 189.00 5612.00 1.90 1.81 4.92 -3.33 0.54 2.92 -1.70
Car 0.00 3 -0.21 809.00 476.00 899.00 512.00 1.78 1.80 4.33 1.94 0.13 65.89 -0.18
Car 0.00 3 -0.47 1093.00 464.00 1431.00 596.00 1.74 2.04 4.23 6.50 0.52 18.76 -0.13
Car 0.00 2 2.86 923.00 481.00 1125.00 549.00 1.56 1.99 4.64 5.20 0.57 32.00 3.02
Car 0.00 3 -0.61 1401.00 478.00 1724.00 579.00 1.40 2.03 3.80 11.39 0.53 19.52 -0.09
Car 0.00 3 -0.17 840.00 481.00 945.00 521.00 1.56 1.75 4.12 3.15 0.39 52.69 -0.11
