Car 0.00 2 -1.70 975.00 470.00 1078.00 551.00 1.73 1.81 4.41 4.66 0.94 29.78 -1.54
Car 0.00 2 -1.78 1002.00 464.00 1150.00 571.00 1.80 1.81 4.37 4.63 0.88 23.89 -1.59
Car 0.00 1 -1.77 1039.00 472.00 1237.00 605.00 1.59 1.75 4.70 4.24 0.90 17.82 -1.53
Car 0.00 3 -1.67 931.00 479.00 985.00 523.00 1.56 1.66 3.68 5.03 1.20 48.33 -1.57
Car 0.00 0 -1.52 704.00 480.00 783.00 542.00 1.67 2.05 4.69 -2.39 1.20 37.29 -1.58
Car 0.00 0 -1.54 774.00 479.00 810.00 510.00 1.84 2.05 4.58 -2.12 1.53 78.39 -1.57
Car 0.00 3 -1.64 914.00 468.00 970.00 519.00 2.04 2.00 5.00 4.97 1.03 54.50 -1.55
Car 0.00 0 -1.91 1116.00 450.00 1497.00 681.00 1.73 1.87 4.38 4.23 0.79 11.92 -1.57
Car 0.00 0 2.20 -266.00 519.00 113.00 669.00 1.62 1.85 4.40 -11.86 1.54 16.90 1.59
Car 0.00 1 2.16 -160.00 471.00 149.00 634.00 2.87 2.15 6.15 -16.69 1.55 25.70 1.58
Car 0.00 1 -2.23 1346.00 325.00 3173.00 1219.00 1.79 1.84 4.53 3.89 0.68 4.86 -1.56
