Car 0.00 3 0.41 162.00 459.00 300.00 507.00 1.94 2.18 4.65 -24.41 0.54 51.47 -0.03
Car 0.00 3 2.59 1393.00 464.00 1503.00 500.00 1.88 2.15 4.79 32.85 0.66 66.31 3.05
Car 0.00 0 -2.05 1387.00 482.00 1590.00 559.00 1.43 1.76 4.51 13.33 0.97 25.55 -1.57
Car 0.00 1 0.52 -27.00 457.00 156.00 516.00 1.84 1.91 4.72 -24.55 0.53 40.47 -0.03
Car 0.00 0 -1.60 821.00 465.00 900.00 533.00 1.76 2.02 4.79 0.88 0.79 34.89 -1.58
Car 0.00 3 2.87 958.00 471.00 1103.00 521.00 1.84 2.08 4.96 7.59 0.97 46.92 3.03
Car 0.00 3 2.60 1325.00 475.00 1462.00 520.00 1.71 2.05 4.53 22.26 1.06 49.29 3.02
Car 0.00 0 2.81 1051.00 462.00 1286.00 546.00 1.96 1.99 5.10 8.19 0.81 30.28 3.08
Car 0.00 0 0.96 1500.00 469.00 1756.00 569.00 1.84 1.94 4.85 16.09 0.93 25.53 1.52
Car 0.00 2 0.43 70.00 455.00 232.00 504.00 1.75 2.08 4.79 -24.78 0.35 46.07 -0.06
Car 0.00 0 0.27 355.00 464.00 562.00 527.00 1.59 2.25 4.72 -9.48 0.66 32.60 -0.01
Car 0.00 3 -0.31 1048.00 465.00 1246.00 540.00 1.92 1.87 4.76 8.45 0.84 33.27 -0.06
Car 0.00 0 1.06 1287.00 481.00 1400.00 532.00 1.55 1.82 3.66 16.60 1.14 40.41 1.45
Car 0.00 3 2.89 992.00 479.00 1146.00 528.00 1.59 1.98 4.67 8.01 1.09 41.59 3.08
Car 0.00 3 2.85 1026.00 472.00 1208.00 535.00 1.75 1.89 4.74 8.27 0.96 35.95 3.08
Car 0.00 3 2.95 932.00 475.00 1043.00 510.00 1.52 2.00 4.61 7.12 0.99 55.76 3.08
