Car 0.00 0 -1.80 271.00 524.00 337.00 564.00 1.72 1.82 4.61 -24.55 3.44 58.73 -2.20
Car 0.00 0 1.95 318.00 482.00 474.00 570.00 2.24 2.12 5.89 -12.19 1.53 35.98 1.62
Car 0.00 0 -3.50 1413.00 430.00 1726.00 545.00 1.86 2.05 4.50 13.69 0.35 23.36 -2.97
Car 0.00 0 -1.77 237.00 502.00 296.00 543.00 2.00 1.82 4.64 -28.84 2.72 64.48 -2.19
Car 0.00 0 -3.70 1599.00 418.00 2106.00 570.00 1.55 1.71 4.44 12.15 0.30 15.11 -3.02
Car 0.00 0 -3.64 1519.00 432.00 1889.00 569.00 1.73 1.67 3.98 12.48 0.44 18.05 -3.04
Car 0.00 0 -3.40 1218.00 463.00 1383.00 524.00 1.70 1.84 4.50 14.95 0.74 39.72 -3.04
Car 0.00 0 -0.28 1173.00 471.00 1300.00 520.00 1.76 1.88 4.40 16.36 1.02 50.16 0.03
Car 0.00 0 -0.47 1526.00 452.00 1684.00 505.00 1.76 1.90 4.58 29.10 0.32 46.96 0.08
Car 0.00 0 -3.48 1418.00 430.00 1727.00 533.00 1.83 2.11 4.96 15.19 0.26 25.83 -2.95
Car 0.00 0 -1.78 224.00 523.00 279.00 559.00 1.84 1.81 4.51 -31.62 3.87 68.80 -2.21
