Car 0.00 0 -2.27 1392.00 442.00 3225.00 1213.00 1.55 1.77 4.38 4.06 0.77 4.79 -1.57
Car 0.00 0 -1.94 1182.00 476.00 1571.00 708.00 1.56 1.66 3.62 4.30 0.87 10.44 -1.55
Car 0.00 0 1.96 326.00 493.00 440.00 550.00 1.91 2.17 5.05 -16.24 1.83 46.22 1.62
Car 0.00 0 -1.50 772.00 478.00 816.00 515.00 2.08 2.14 4.70 -1.85 1.52 73.09 -1.52
Car 0.00 1 -1.73 972.00 475.00 1086.00 555.00 1.62 1.82 4.46 4.48 0.98 28.39 -1.57
Car 0.00 2 -1.77 1017.00 482.00 1164.00 576.00 1.46 1.67 4.34 4.57 0.98 22.32 -1.57
Car 0.00 1 -1.73 939.00 485.00 1016.00 533.00 1.44 1.75 4.46 4.84 1.23 40.73 -1.61
Car 0.00 2 -1.71 923.00 483.00 980.00 521.00 1.49 1.79 4.00 5.12 1.30 51.89 -1.61
Car 0.00 0 1.83 456.00 460.00 588.00 551.00 2.46 2.27 6.24 -9.03 1.02 37.79 1.59
Car 0.00 0 -1.81 1044.00 480.00 1289.00 621.00 1.50 1.96 4.38 4.12 0.91 15.97 -1.55
