Car 0.00 2 -0.34 1270.00 449.00 1642.00 572.00 1.81 1.91 4.82 9.64 0.60 19.56 0.11
Car 0.00 3 -3.48 1242.00 483.00 1511.00 556.00 1.40 1.94 4.54 10.89 0.96 25.08 -3.07
Car 0.00 0 1.62 874.00 486.00 931.00 530.00 1.43 1.75 4.30 2.69 1.28 43.59 1.69
Car 0.00 2 1.79 663.00 439.00 806.00 555.00 2.57 2.12 6.67 -2.12 0.63 31.32 1.72
Car 0.00 3 -3.24 1145.00 475.00 1287.00 522.00 1.59 1.96 4.65 13.77 0.99 44.54 -2.94
Car 0.00 3 -0.55 1512.00 473.00 2160.00 651.00 1.52 1.73 4.53 9.23 0.80 11.82 0.11
Car 0.00 0 1.99 288.00 415.00 756.00 693.00 1.99 2.01 5.79 -2.43 0.63 12.00 1.79
Car 0.00 3 -3.54 1330.00 463.00 1753.00 587.00 1.55 1.85 4.59 9.43 0.70 16.88 -3.03
Car 0.00 3 -3.33 1174.00 475.00 1366.00 540.00 1.66 1.76 4.54 11.68 0.98 33.25 -3.00
Car 0.00 3 -3.47 1223.00 474.00 1453.00 550.00 1.65 1.77 4.49 11.48 0.92 28.34 -3.09
Car 0.00 3 -3.47 1269.00 480.00 1565.00 570.00 1.52 1.83 4.41 10.39 0.94 22.33 -3.03
