Car 0.00 3 -0.29 977.00 404.00 1390.00 570.00 1.84 1.91 4.34 4.60 0.55 15.14 0.01
Car 0.00 3 -2.69 16.00 415.00 412.00 539.00 1.64 1.96 4.75 -8.01 0.52 17.96 -3.11
Car 0.00 0 -0.84 1377.00 444.00 3632.00 1105.00 1.53 1.83 4.45 4.48 0.79 3.92 0.01
Car 0.00 3 -0.18 921.00 435.00 1152.00 513.00 1.52 1.97 4.37 5.05 0.71 25.96 0.02
Car 0.00 3 2.92 891.00 434.00 1119.00 504.00 1.51 1.92 4.81 4.89 0.68 28.71 3.09
Car 0.00 3 2.73 970.00 396.00 1714.00 667.00 1.84 1.97 4.79 3.95 0.64 9.60 3.12
Car 0.00 1 0.67 -659.00 396.00 213.00 654.00 1.74 2.02 5.10 -7.41 0.60 9.69 0.02
Car 0.00 0 -0.12 818.00 420.00 943.00 471.00 2.29 2.00 5.43 4.19 0.34 57.19 -0.05
Car 0.00 0 -1.32 479.00 379.00 803.00 612.00 1.83 2.08 4.06 -1.16 0.45 12.09 -1.42
Car 0.00 3 3.74 -407.00 387.00 182.00 593.00 1.82 1.82 4.37 -8.48 0.47 12.21 3.13
Car 0.00 3 -0.28 974.00 401.00 1321.00 539.00 1.83 1.90 4.35 4.97 0.43 17.86 -0.01
Car 0.00 0 -0.60 1036.00 306.00 2327.00 777.00 2.13 2.11 5.57 4.37 0.48 6.86 -0.03
