Car 0.00 2 2.97 951.00 486.00 1127.00 539.00 1.33 1.91 4.35 5.91 0.55 33.97 3.14
Car 0.00 3 -0.40 1314.00 477.00 1505.00 545.00 1.70 1.85 4.22 15.84 0.50 33.95 0.03
Car 0.00 3 -1.40 182.00 472.00 350.00 569.00 1.47 1.84 4.76 -9.24 0.43 21.65 -1.81
Car 0.00 3 -0.44 1278.00 476.00 1435.00 532.00 1.52 1.75 3.71 15.40 0.34 36.21 -0.03
Car 0.00 1 -0.27 1076.00 464.00 1558.00 626.00 1.68 2.04 4.84 5.62 0.56 14.80 0.09
Car 0.00 3 -3.35 1011.00 479.00 1286.00 578.00 1.59 1.93 4.29 5.66 0.60 22.02 -3.10
Car 0.00 2 -3.49 1123.00 483.00 1706.00 657.00 1.49 2.02 4.71 5.57 0.68 12.38 -3.07
Car 0.00 3 2.91 943.00 482.00 1098.00 540.00 1.60 1.79 4.09 5.83 0.54 36.43 3.07
Car 0.00 0 1.60 505.00 467.00 580.00 532.00 1.65 1.83 4.36 -7.35 0.18 34.29 1.38
Car 0.00 0 -3.74 1281.00 483.00 2240.00 765.00 1.50 1.96 4.56 5.58 0.73 8.00 -3.13
Car 0.00 3 -0.39 1385.00 479.00 1597.00 549.00 1.49 1.85 3.84 15.40 0.49 29.08 0.09
