Car 0.00 3 -0.36 1073.00 399.00 1607.00 608.00 1.84 1.91 4.34 5.15 0.59 12.26 0.04
Car 0.00 3 -2.63 -73.00 418.00 395.00 564.00 1.64 1.96 4.75 -7.46 0.61 15.38 -3.08
Car 0.00 3 -0.24 981.00 436.00 1248.00 524.00 1.52 1.97 4.37 5.88 0.75 23.04 0.01
Car 0.00 3 2.90 943.00 445.00 1200.00 523.00 1.51 1.92 4.81 5.74 0.93 25.82 3.11
Car 0.00 2 -3.70 1099.00 393.00 2258.00 802.00 1.84 1.97 4.79 4.31 0.74 6.75 -3.14
Car 0.00 1 0.84 -1203.00 386.00 68.00 760.00 1.74 2.02 5.10 -7.12 0.64 7.06 0.05
Car 0.00 1 -0.11 860.00 421.00 991.00 476.00 2.29 2.00 5.43 5.92 0.45 54.32 -0.00
Car 0.00 0 -1.61 782.00 411.00 908.00 521.00 1.83 2.08 4.06 0.98 0.49 23.02 -1.56
Car 0.00 3 -2.43 -689.00 377.00 84.00 642.00 1.82 1.82 4.37 -8.10 0.51 9.70 -3.12
Car 0.00 3 -0.34 1059.00 405.00 1487.00 572.00 1.83 1.90 4.35 5.60 0.57 14.97 0.02
Car 0.00 0 -0.86 1272.00 204.00 4102.00 1151.00 2.13 2.11 5.57 4.71 0.55 3.96 0.01
Car 0.00 3 -0.46 1153.00 395.00 1866.00 661.00 1.78 2.61 4.09 5.26 0.62 9.88 0.03
