Car 0.00 2 -0.48 1139.00 388.00 1903.00 680.00 1.84 1.91 4.34 4.95 0.62 9.04 0.02
Car 0.00 3 -2.53 -374.00 427.00 265.00 620.00 1.64 1.96 4.75 -7.71 0.74 11.91 -3.10
Car 0.00 3 -0.26 985.00 438.00 1298.00 542.00 1.52 1.97 4.37 5.45 0.79 19.83 0.01
Car 0.00 3 2.86 942.00 446.00 1239.00 536.00 1.51 1.92 4.81 5.31 0.92 22.49 3.10
Car 0.00 2 2.26 1278.00 313.00 3996.00 1238.00 1.84 1.97 4.79 4.16 0.69 3.54 3.13
Car 0.00 3 -3.01 605.00 441.00 712.00 478.00 1.80 2.23 5.12 -6.41 1.08 63.77 -3.11
Car 0.00 0 -0.12 837.00 424.00 977.00 483.00 2.29 2.00 5.43 4.83 0.63 51.07 -0.02
Car 0.00 0 -2.13 616.00 427.00 796.00 518.00 1.83 2.08 4.06 -1.84 0.71 27.61 -2.19
Car 0.00 3 -0.42 1102.00 398.00 1668.00 614.00 1.83 1.90 4.35 5.34 0.59 11.74 0.01
Car 0.00 3 -0.64 1267.00 389.00 2464.00 813.00 1.78 2.61 4.09 5.08 0.71 6.69 0.01
