Car 0.00 0 -1.31 361.00 469.00 631.00 649.00 1.66 1.82 4.13 -3.42 0.88 13.78 -1.56
Car 0.00 3 -1.58 788.00 455.00 952.00 611.00 1.86 1.96 4.59 0.57 0.81 17.43 -1.55
Car 0.00 3 0.74 708.00 481.00 864.00 543.00 1.90 2.11 4.95 -1.38 1.36 41.15 0.70
Car 0.00 3 2.62 1442.00 441.00 1615.00 495.00 1.81 2.19 4.87 24.83 -0.04 44.47 3.13
Car 0.00 0 -1.59 710.00 472.00 1045.00 713.00 1.47 2.06 4.81 0.34 0.81 10.18 -1.56
Car 0.00 0 -1.47 595.00 470.00 740.00 586.00 1.88 2.15 4.80 -2.79 1.01 23.07 -1.59
Car 0.00 3 -3.52 1399.00 444.00 1519.00 486.00 1.87 1.98 4.53 29.34 -0.22 58.24 -3.05
Car 0.00 0 -0.08 1104.00 456.00 1288.00 519.00 1.67 2.21 4.85 10.45 0.52 35.87 0.20
Car 0.00 0 -1.74 1366.00 435.00 1863.00 763.00 1.75 2.15 4.67 5.32 0.74 9.27 -1.22
Car 0.00 0 1.68 145.00 504.00 282.00 590.00 1.76 2.28 4.92 -13.92 1.67 28.76 1.23
Car 0.00 0 2.96 270.00 510.00 393.00 549.00 1.56 2.37 4.55 -21.31 2.53 53.96 2.58
