Car 0.00 3 0.38 212.00 484.00 425.00 552.00 1.65 1.87 4.70 -13.00 1.21 32.25 -0.01
Car 0.00 3 0.29 342.00 479.00 495.00 538.00 1.79 1.93 4.29 -13.12 1.22 40.45 -0.02
Car 0.00 3 0.38 270.00 476.00 452.00 543.00 1.74 1.98 4.29 -12.83 1.07 34.72 0.03
Car 0.00 3 0.43 72.00 487.00 310.00 574.00 1.71 1.87 4.07 -13.39 1.25 26.58 -0.04
Car 0.00 3 0.49 -60.00 490.00 247.00 585.00 1.68 1.88 4.76 -13.99 1.26 24.13 -0.04
Car 0.00 3 0.43 152.00 479.00 386.00 564.00 1.86 1.96 4.58 -12.93 1.17 29.25 0.01
Car 0.00 3 0.30 380.00 476.00 537.00 533.00 1.95 2.17 5.06 -13.39 1.24 45.78 0.01
Car 0.00 2 0.61 -143.00 482.00 188.00 601.00 1.88 1.91 4.41 -13.52 1.17 21.25 0.05
Car 0.00 0 1.81 338.00 465.00 619.00 642.00 1.71 1.97 4.90 -3.82 0.84 14.72 1.56
Car 0.00 3 0.37 300.00 481.00 461.00 542.00 1.70 1.89 4.10 -13.27 1.22 37.39 0.03
