Car 0.00 2 -0.41 1311.00 450.00 1776.00 603.00 1.81 1.91 4.82 8.99 0.68 16.10 0.10
Car 0.00 3 -3.54 1267.00 489.00 1586.00 576.00 1.40 1.94 4.54 10.17 1.04 21.52 -3.10
Car 0.00 0 1.97 302.00 498.00 690.00 701.00 1.43 1.75 4.30 -2.67 0.98 11.26 1.73
Car 0.00 0 1.81 580.00 440.00 756.00 578.00 2.57 2.12 6.67 -3.17 0.77 26.78 1.69
Car 0.00 3 -3.26 1131.00 481.00 1288.00 533.00 1.59 1.96 4.65 12.34 1.17 40.63 -2.97
Car 0.00 3 -3.65 1418.00 470.00 1984.00 632.00 1.55 1.85 4.59 8.99 0.80 13.25 -3.05
Car 0.00 3 -3.37 1170.00 482.00 1385.00 555.00 1.66 1.76 4.54 10.65 1.13 29.86 -3.02
Car 0.00 3 -0.14 1127.00 480.00 1278.00 528.00 1.61 2.02 4.81 12.97 1.16 43.51 0.15
Car 0.00 2 1.77 719.00 490.00 791.00 537.00 1.73 1.94 4.60 -2.71 1.66 48.67 1.71
Car 0.00 3 -3.52 1243.00 480.00 1515.00 570.00 1.65 1.77 4.49 10.61 1.04 24.29 -3.11
Car 0.00 3 -3.54 1304.00 480.00 1664.00 590.00 1.52 1.83 4.41 9.70 0.93 18.79 -3.06
