Car 0.00 3 1.16 1280.00 443.00 1383.00 498.00 2.00 1.87 4.84 19.47 0.05 48.57 1.55
Car 0.00 0 -1.31 771.00 456.00 1008.00 598.00 1.67 1.95 5.03 1.07 0.70 17.38 -1.25
Car 0.00 0 1.20 1276.00 450.00 1367.00 505.00 1.69 1.48 3.83 16.53 0.26 42.00 1.57
Car 0.00 3 1.65 688.00 474.00 727.00 512.00 2.20 1.93 3.92 -7.03 1.36 74.37 1.56
Car 0.00 3 -1.65 945.00 474.00 986.00 504.00 1.59 1.83 4.69 7.81 1.05 70.78 -1.54
Car 0.00 2 1.28 1142.00 458.00 1235.00 513.00 1.96 2.00 4.97 13.72 0.60 47.77 1.56
Car 0.00 3 1.24 1212.00 445.00 1312.00 502.00 2.00 2.00 5.07 16.48 0.14 47.67 1.57
Car 0.00 3 1.64 701.00 467.00 739.00 507.00 2.44 2.06 4.39 -6.69 1.08 79.08 1.56
Car 0.00 3 1.06 1416.00 439.00 1545.00 502.00 1.92 1.80 4.44 21.57 0.05 41.54 1.54
Car 0.00 0 -1.68 1010.00 473.00 1080.00 531.00 1.58 1.60 3.48 6.35 0.92 36.75 -1.51
Car 0.00 3 -1.67 961.00 467.00 1019.00 514.00 1.88 1.92 4.80 6.94 0.88 53.73 -1.54
Car 0.00 3 2.03 105.00 507.00 377.00 636.00 1.63 1.83 4.70 -8.78 1.45 19.33 1.61
Car 0.00 3 1.74 657.00 476.00 716.00 519.00 2.00 1.97 5.18 -6.82 1.33 61.55 1.63
Car 0.00 0 -2.26 1390.00 454.00 3185.00 1152.00 1.53 1.89 4.76 4.37 0.78 5.22 -1.56
Car 0.00 3 -1.68 973.00 466.00 1036.00 518.00 1.83 1.82 4.53 6.69 0.81 47.52 -1.54
Car 0.00 1 -2.07 1424.00 439.00 1648.00 542.00 1.67 1.72 4.18 12.84 0.37 23.01 -1.56
Car 0.00 0 2.26 168.00 492.00 580.00 663.00 1.54 1.76 4.70 -4.85 1.08 14.30 1.93
Car 0.00 3 -1.64 936.00 469.00 968.00 503.00 1.96 1.63 3.87 7.64 0.97 76.75 -1.54
Car 0.00 3 1.95 325.00 473.00 508.00 579.00 1.96 1.92 4.79 -8.41 1.09 26.20 1.64
Car 0.00 2 -1.75 983.00 464.00 1072.00 525.00 1.86 1.99 4.93 6.59 0.80 41.68 -1.60
