Car 0.00 2 -3.78 1446.00 458.00 2057.00 653.00 1.71 1.97 4.55 9.34 1.09 12.54 -3.14
Car 0.00 0 3.46 238.00 435.00 439.00 495.00 1.45 1.79 4.59 -11.64 0.70 33.01 3.12
Car 0.00 1 -0.46 1261.00 459.00 1615.00 573.00 1.47 1.84 4.05 9.09 1.06 17.87 0.01
Car 0.00 3 0.55 -249.00 453.00 195.00 574.00 1.51 1.93 4.78 -10.96 0.99 17.29 -0.02
Car 0.00 0 3.77 -468.00 398.00 78.00 570.00 1.82 2.04 4.79 -11.37 0.52 14.92 3.12
Car 0.00 3 -3.53 1176.00 471.00 1462.00 564.00 1.41 1.88 4.03 8.89 1.31 21.36 -3.14
Car 0.00 3 3.40 345.00 430.00 497.00 485.00 1.67 1.89 4.36 -11.84 0.64 41.07 3.12
Car 0.00 0 2.31 1583.00 470.00 2401.00 711.00 1.60 2.12 4.50 9.05 1.09 9.78 3.06
Car 0.00 3 -3.68 1342.00 478.00 1783.00 612.00 1.42 1.92 4.12 9.17 1.23 15.19 -3.14
Car 0.00 0 -0.40 1137.00 460.00 1417.00 548.00 1.52 1.84 4.58 9.21 1.22 23.96 -0.03
Car 0.00 3 3.62 -83.00 441.00 275.00 546.00 1.52 2.05 4.53 -10.83 0.85 20.07 3.12
Car 0.00 3 0.34 297.00 449.00 481.00 507.00 1.51 2.05 4.49 -11.11 1.11 35.53 0.03
Car 0.00 3 3.53 78.00 424.00 350.00 538.00 2.14 2.22 4.45 -11.41 0.85 25.46 3.11
Car 0.00 3 3.57 -29.00 454.00 281.00 551.00 1.61 1.92 4.52 -11.74 1.13 22.67 3.09
