Car 0.00 0 1.67 673.00 475.00 768.00 542.00 1.41 1.76 4.28 -2.40 0.85 29.41 1.59
Car 0.00 0 2.13 437.00 480.00 686.00 586.00 1.49 1.75 4.68 -4.18 0.95 20.67 1.93
Car 0.00 0 1.88 274.00 477.00 451.00 582.00 1.78 1.83 4.52 -8.68 1.04 23.87 1.53
Car 0.00 0 0.37 -263.00 502.00 355.00 702.00 1.54 1.76 4.62 -7.09 1.15 11.88 -0.16
Car 0.00 0 -1.96 1172.00 441.00 1646.00 720.00 1.70 1.79 4.33 4.25 0.70 10.02 -1.55
Car 0.00 2 -1.67 943.00 457.00 992.00 498.00 2.00 2.03 4.95 7.22 0.38 64.55 -1.55
Car 0.00 1 -1.66 983.00 471.00 1050.00 517.00 1.41 1.72 4.36 6.17 0.75 41.10 -1.52
Car 0.00 3 -2.00 1309.00 440.00 1479.00 520.00 1.64 1.77 4.48 12.78 0.22 28.55 -1.58
Car 0.00 0 -1.69 1021.00 458.00 1125.00 543.00 1.76 1.78 4.42 5.55 0.65 28.71 -1.50
Car 0.00 2 1.63 725.00 468.00 785.00 519.00 1.62 1.75 4.27 -2.40 0.77 42.95 1.57
