Car 0.00 2 -3.67 1481.00 474.00 1798.00 558.00 1.37 1.77 4.38 14.14 0.77 21.99 -3.10
Car 0.00 3 2.64 1322.00 473.00 1556.00 540.00 1.52 1.88 4.64 14.47 0.84 29.76 3.09
Car 0.00 0 1.81 418.00 432.00 675.00 622.00 1.90 1.91 4.50 -3.10 0.57 14.86 1.60
Car 0.00 3 -3.41 1124.00 464.00 1234.00 508.00 1.88 1.81 4.40 15.64 0.71 55.76 -3.14
Car 0.00 1 2.59 1418.00 425.00 1770.00 555.00 2.41 2.15 5.59 14.89 0.37 24.55 3.13
Car 0.00 3 -3.49 1206.00 470.00 1359.00 518.00 1.48 1.69 4.23 14.44 0.75 39.85 -3.14
Car 0.00 3 -3.44 1145.00 459.00 1275.00 506.00 1.80 1.86 4.62 15.26 0.49 49.97 -3.14
Car 0.00 3 2.67 1274.00 472.00 1462.00 530.00 1.56 1.86 4.43 15.03 0.84 34.90 3.07
Car 0.00 3 2.70 1292.00 473.00 1507.00 540.00 1.63 1.92 4.65 14.70 0.91 32.31 3.13
Car 0.00 3 2.78 1179.00 457.00 1328.00 508.00 1.76 1.99 4.65 15.36 0.44 45.22 3.11
Car 0.00 2 -3.77 1580.00 470.00 1959.00 577.00 1.57 1.85 4.59 14.78 0.81 19.83 -3.13
