Car 0.00 0 1.73 593.00 469.00 671.00 530.00 1.92 1.86 4.67 -6.54 0.96 42.61 1.58
Car 0.00 3 2.55 1388.00 461.00 1931.00 645.00 1.71 1.76 4.43 8.40 0.81 12.91 3.12
Car 0.00 3 -3.62 1272.00 478.00 1731.00 608.00 1.42 1.83 4.64 8.13 0.85 15.41 -3.13
Car 0.00 3 -3.48 1127.00 462.00 1422.00 563.00 1.79 2.01 4.95 8.54 0.79 24.21 -3.14
Car 0.00 0 2.05 -72.00 395.00 366.00 646.00 2.35 2.04 5.62 -7.49 0.50 14.72 1.58
Car 0.00 2 -0.51 1211.00 446.00 1606.00 588.00 1.90 1.87 4.90 8.36 0.67 18.24 -0.08
Car 0.00 2 2.44 1515.00 486.00 2266.00 703.00 1.56 1.78 4.70 8.53 0.95 10.35 3.13
Car 0.00 3 -2.12 1590.00 481.00 1732.00 530.00 1.52 1.83 4.69 28.09 1.15 42.39 -1.53
Car 0.00 3 -2.07 1499.00 474.00 1649.00 534.00 1.90 2.06 5.32 25.33 1.10 42.73 -1.54
Car 0.00 3 2.82 1101.00 462.00 1351.00 551.00 1.76 1.90 4.72 8.46 0.77 26.81 3.13
Car 0.00 3 -3.36 1057.00 460.00 1165.00 505.00 2.41 2.15 5.59 16.02 0.72 70.90 -3.14
