Car 0.00 0 2.36 1347.00 413.00 2173.00 719.00 1.56 1.93 4.24 6.00 0.54 8.33 2.98
Car 0.00 2 3.69 -155.00 509.00 32.00 565.00 1.53 2.21 4.47 -29.01 2.17 41.05 3.07
Car 0.00 1 0.67 -488.00 497.00 28.00 664.00 1.63 2.05 4.37 -12.47 1.26 15.04 -0.02
Car 0.00 3 2.64 1301.00 435.00 1503.00 503.00 1.67 2.24 4.64 16.27 -0.01 35.60 3.07
Car 0.00 2 -0.28 941.00 459.00 1228.00 562.00 1.54 2.06 4.57 4.51 0.70 22.40 -0.08
Car 0.00 2 2.99 887.00 467.00 1078.00 544.00 1.61 1.95 4.26 3.70 0.84 30.34 3.11
Car 0.00 2 2.79 904.00 445.00 1177.00 555.00 1.90 2.29 4.84 4.25 0.58 25.31 2.96
Car 0.00 2 2.81 947.00 455.00 1266.00 575.00 1.55 2.12 4.33 4.26 0.67 19.53 3.02
Car 0.00 2 -0.57 1125.00 391.00 1865.00 647.00 1.84 2.21 5.61 5.87 0.39 11.46 -0.10
Car 0.00 1 2.63 1065.00 410.00 1562.00 623.00 2.00 2.17 4.69 5.37 0.48 14.19 2.99
Car 0.00 2 0.90 1517.00 418.00 1833.00 549.00 1.81 1.93 4.24 13.45 0.22 20.25 1.49
Car 0.00 2 2.95 848.00 455.00 1043.00 538.00 1.90 2.19 4.70 3.07 0.70 33.10 3.04
Car 0.00 2 0.49 -297.00 468.00 159.00 630.00 1.91 2.06 4.80 -12.46 1.05 17.76 -0.12
Car 0.00 2 2.97 838.00 471.00 977.00 527.00 1.61 2.02 4.17 2.61 0.94 41.05 3.03
Car 0.00 2 2.74 1015.00 460.00 1357.00 600.00 1.57 2.02 3.87 4.73 0.76 16.86 3.01
Car 0.00 2 -0.65 1536.00 405.00 1810.00 506.00 1.75 2.00 4.05 16.69 -0.27 24.85 -0.06
Car 0.00 1 -0.26 874.00 462.00 1031.00 529.00 1.82 2.09 4.34 3.84 0.78 38.70 -0.16
Car 0.00 3 0.22 352.00 483.00 494.00 541.00 1.88 2.00 4.68 -15.05 1.55 46.91 -0.09
Car 0.00 2 2.88 908.00 463.00 1103.00 544.00 1.57 2.01 3.85 3.93 0.73 27.89 3.02
Car 0.00 3 2.97 824.00 458.00 965.00 526.00 2.25 2.37 4.79 2.46 0.80 46.44 3.02
Car 0.00 2 3.45 326.00 489.00 464.00 545.00 1.73 1.89 4.13 -15.15 1.63 44.12 3.12
Car 0.00 2 1.21 1155.00 446.00 1287.00 515.00 1.90 2.07 5.27 12.04 0.35 38.66 1.51
