Car 0.00 0 1.83 372.00 425.00 516.00 506.00 1.70 2.11 4.58 -7.93 0.64 29.70 1.57
Car 0.00 3 -0.52 1255.00 402.00 1776.00 612.00 2.07 2.28 4.59 8.07 0.75 14.37 -0.01
Car 0.00 3 -0.58 1447.00 468.00 1649.00 544.00 1.83 1.94 4.16 20.07 1.77 33.41 -0.04
Car 0.00 3 -0.19 971.00 444.00 1123.00 495.00 1.50 1.89 4.58 8.50 1.02 41.52 0.01
Car 0.00 3 2.68 1212.00 433.00 1603.00 587.00 1.81 1.96 4.25 8.18 0.93 16.94 3.13
Car 0.00 0 2.19 -492.00 395.00 114.00 652.00 1.73 1.81 4.39 -7.94 0.64 10.97 1.57
Car 0.00 3 2.82 1075.00 453.00 1322.00 538.00 1.53 1.96 4.28 8.19 1.14 25.40 3.13
Car 0.00 2 -0.42 1163.00 431.00 1522.00 572.00 1.96 2.14 4.66 8.58 0.97 19.84 -0.01
Car 0.00 0 2.02 70.00 433.00 349.00 559.00 1.54 1.77 4.61 -8.11 0.78 18.30 1.60
Car 0.00 3 2.78 1104.00 426.00 1409.00 540.00 1.82 2.10 4.67 8.35 0.80 22.75 3.13
Car 0.00 3 2.88 1017.00 441.00 1226.00 516.00 1.63 1.94 4.53 8.09 0.98 30.82 3.13
Car 0.00 2 1.78 538.00 432.00 625.00 488.00 1.87 2.00 5.19 -7.37 0.80 45.89 1.62
Car 0.00 0 1.73 596.00 442.00 654.00 479.00 1.57 1.86 4.75 -7.29 1.03 57.33 1.60
