Car 0.00 3 3.03 877.00 545.00 982.00 578.00 1.33 1.91 4.35 4.93 3.05 55.48 3.12
Car 0.00 3 2.91 956.00 534.00 1225.00 641.00 1.75 2.04 4.30 4.77 1.67 22.50 3.12
Car 0.00 3 -0.47 1340.00 553.00 1566.00 623.00 1.48 1.95 4.27 14.69 2.21 29.41 -0.01
Car 0.00 0 2.84 1003.00 530.00 1406.00 672.00 1.72 2.23 4.75 5.08 1.43 17.11 3.12
Car 0.00 3 -0.53 1406.00 552.00 1633.00 632.00 1.57 1.84 3.80 14.84 2.10 26.87 -0.03
Car 0.00 1 -0.56 1452.00 541.00 1737.00 642.00 1.79 2.06 4.23 14.92 1.88 24.46 -0.01
Car 0.00 3 2.88 990.00 530.00 1292.00 649.00 1.70 1.92 4.19 4.96 1.48 19.76 3.12
Car 0.00 2 -0.07 907.00 536.00 1083.00 599.00 1.68 2.04 4.84 5.05 2.16 36.34 0.07
Car 0.00 3 -3.24 916.00 548.00 1101.00 609.00 1.49 2.02 4.71 5.05 2.30 33.90 -3.09
Car 0.00 1 1.51 603.00 534.00 652.00 573.00 1.65 1.83 4.36 -8.33 2.69 55.54 1.36
Car 0.00 3 2.95 935.00 546.00 1147.00 616.00 1.50 1.96 4.56 5.16 2.06 29.53 3.13
Car 0.00 3 -3.47 1264.00 549.00 1435.00 605.00 1.50 2.02 4.11 15.29 2.44 36.52 -3.07
