Car 0.00 3 -0.28 974.00 400.00 1387.00 567.00 1.84 1.91 4.34 4.56 0.51 15.13 0.01
Car 0.00 3 -2.69 21.00 415.00 412.00 538.00 1.64 1.96 4.75 -8.06 0.52 18.17 -3.11
Car 0.00 0 -0.83 1373.00 440.00 3585.00 1090.00 1.53 1.83 4.45 4.50 0.79 3.99 0.02
Car 0.00 3 -0.17 920.00 433.00 1150.00 511.00 1.52 1.97 4.37 5.03 0.67 26.04 0.02
Car 0.00 3 2.92 889.00 432.00 1118.00 502.00 1.51 1.92 4.81 4.86 0.64 28.70 3.09
Car 0.00 3 2.73 968.00 392.00 1710.00 664.00 1.84 1.97 4.79 3.94 0.62 9.62 3.12
Car 0.00 1 0.67 -646.00 394.00 218.00 650.00 1.74 2.02 5.10 -7.39 0.57 9.75 0.02
Car 0.00 0 -0.12 818.00 419.00 943.00 471.00 2.29 2.00 5.43 4.20 0.31 57.18 -0.05
Car 0.00 3 3.73 -400.00 383.00 186.00 588.00 1.82 1.82 4.37 -8.46 0.43 12.26 3.13
Car 0.00 3 -0.28 974.00 401.00 1321.00 539.00 1.83 1.90 4.35 4.97 0.43 17.85 -0.01
Car 0.00 0 -0.60 1042.00 304.00 2327.00 772.00 2.13 2.11 5.57 4.42 0.47 6.90 -0.03
