Car 0.00 3 2.18 -414.00 491.00 199.00 700.00 1.36 2.03 4.29 -7.46 0.89 10.72 1.57
Car 0.00 3 1.91 283.00 447.00 502.00 569.00 2.00 2.06 5.71 -8.00 0.66 23.80 1.58
Car 0.00 3 -0.28 1068.00 484.00 1272.00 548.00 1.44 1.80 4.42 8.27 1.10 30.42 -0.02
Car 0.00 1 -0.47 1412.00 487.00 1594.00 551.00 1.86 1.89 4.56 20.84 1.48 38.74 0.03
Car 0.00 1 -0.41 1320.00 486.00 1465.00 536.00 1.76 1.80 4.54 20.90 1.50 46.40 0.02
Car 0.00 0 -0.46 1462.00 500.00 1650.00 555.00 1.44 1.76 4.29 20.80 1.62 35.85 0.06
Car 0.00 2 1.68 670.00 473.00 749.00 534.00 1.65 1.83 4.65 -3.40 0.95 37.16 1.58
Car 0.00 3 -3.29 1002.00 485.00 1140.00 531.00 1.41 1.72 4.25 8.03 1.23 41.42 -3.10
Car 0.00 3 -3.28 965.00 478.00 1072.00 516.00 1.66 1.91 4.61 8.83 1.23 57.89 -3.13
Car 0.00 1 -0.27 1092.00 467.00 1339.00 554.00 1.78 1.82 4.85 8.47 0.87 27.60 0.03
