Car 0.00 3 1.78 366.00 499.00 470.00 561.00 1.56 1.76 4.89 -11.27 1.61 34.88 1.47
Car 0.00 0 -1.35 435.00 473.00 657.00 625.00 1.66 1.82 4.13 -3.38 0.91 15.86 -1.56
Car 0.00 0 3.16 119.00 519.00 247.00 560.00 1.54 2.04 4.60 -26.44 2.83 51.60 2.69
Car 0.00 3 -1.58 788.00 456.00 952.00 612.00 1.86 1.96 4.59 0.57 0.82 17.43 -1.55
Car 0.00 3 2.62 1442.00 443.00 1614.00 497.00 1.81 2.19 4.87 24.83 0.01 44.47 3.13
Car 0.00 0 -1.59 710.00 472.00 1045.00 713.00 1.47 2.06 4.81 0.34 0.81 10.18 -1.56
Car 0.00 0 -1.47 595.00 470.00 741.00 586.00 1.88 2.15 4.80 -2.78 1.01 23.07 -1.59
Car 0.00 3 -3.52 1399.00 444.00 1519.00 487.00 1.87 1.98 4.53 29.34 -0.19 58.25 -3.05
Car 0.00 0 -0.03 1044.00 460.00 1218.00 522.00 1.72 2.12 4.82 8.89 0.65 36.92 0.20
Car 0.00 0 -1.75 1367.00 445.00 1871.00 773.00 1.75 2.15 4.67 5.34 0.80 9.26 -1.23
