Car 0.00 2 3.47 241.00 470.00 470.00 546.00 1.51 1.88 4.13 -9.90 0.78 26.58 3.12
Car 0.00 1 3.36 444.00 462.00 614.00 522.00 1.76 2.00 4.77 -9.10 0.68 38.58 3.13
Car 0.00 2 3.42 378.00 463.00 557.00 530.00 1.78 1.89 4.50 -10.05 0.74 35.30 3.14
Car 0.00 3 3.53 118.00 454.00 404.00 553.00 1.76 2.00 4.53 -10.66 0.62 23.90 3.11
Car 0.00 2 -2.64 32.00 453.00 362.00 567.00 1.77 2.07 4.50 -10.47 0.64 21.06 -3.10
Car 0.00 2 -2.90 510.00 462.00 648.00 515.00 1.90 2.06 4.71 -9.23 0.67 47.01 -3.10
Car 0.00 2 3.72 -287.00 455.00 193.00 605.00 1.68 1.87 4.54 -10.52 0.70 15.37 3.11
Car 0.00 1 2.52 1540.00 460.00 1804.00 564.00 2.75 2.21 5.92 23.49 1.15 34.96 3.11
Car 0.00 2 -2.43 -503.00 459.00 88.00 639.00 1.65 1.86 4.51 -10.32 0.75 12.76 -3.11
Car 0.00 1 -3.32 1038.00 476.00 1163.00 525.00 1.84 2.08 4.49 10.66 1.17 49.01 -3.11
Car 0.00 2 3.43 301.00 471.00 520.00 540.00 1.53 1.93 4.54 -9.72 0.82 29.55 3.11
Car 0.00 2 -2.59 -106.00 458.00 280.00 588.00 1.76 1.93 4.52 -10.72 0.74 18.40 -3.12
Car 0.00 0 -0.46 1409.00 497.00 1587.00 551.00 1.72 2.02 5.00 23.08 1.84 43.20 0.03
Car 0.00 1 2.80 1158.00 488.00 1386.00 556.00 1.51 1.97 4.78 10.63 1.23 30.17 3.14
