Car 0.00 0 -1.63 685.00 482.00 738.00 523.00 1.59 1.97 4.42 -4.49 0.45 53.84 -1.71
Car 0.00 0 -0.68 1363.00 445.00 2057.00 687.00 1.62 2.20 4.14 7.03 0.52 10.31 -0.09
Car 0.00 3 -0.39 1174.00 470.00 1383.00 540.00 1.53 1.96 4.38 11.34 0.31 31.28 -0.04
Car 0.00 2 -0.14 910.00 474.00 1050.00 528.00 1.60 1.97 4.23 5.26 0.30 41.06 -0.02
Car 0.00 0 -1.04 501.00 480.00 648.00 550.00 1.68 1.82 4.33 -6.30 0.59 33.49 -1.23
Car 0.00 0 -0.61 1435.00 462.00 1787.00 573.00 1.43 1.99 3.95 11.62 0.36 18.71 -0.05
Car 0.00 2 -0.86 -402.00 477.00 26.00 624.00 1.75 1.90 4.98 -13.85 0.72 17.98 -1.52
Car 0.00 1 2.95 923.00 480.00 1108.00 544.00 1.54 1.96 4.55 5.28 0.53 33.97 3.10
Car 0.00 3 -0.21 857.00 475.00 955.00 516.00 1.78 1.80 4.33 4.26 0.19 60.54 -0.14
Car 0.00 3 -0.59 1255.00 447.00 1768.00 642.00 1.74 2.04 4.23 7.09 0.50 13.21 -0.10
Car 0.00 2 2.83 993.00 477.00 1241.00 562.00 1.56 1.99 4.64 6.22 0.56 26.56 3.06
Car 0.00 3 -0.42 1228.00 462.00 1456.00 543.00 1.66 2.00 4.38 12.01 0.24 29.15 -0.03
Car 0.00 3 -0.11 544.00 487.00 647.00 523.00 1.53 1.81 4.57 -10.44 0.61 59.69 -0.28
Car 0.00 3 -0.18 892.00 480.00 1011.00 526.00 1.56 1.75 4.12 5.00 0.43 47.24 -0.07
Car 0.00 3 -0.97 -148.00 487.00 195.00 611.00 1.55 1.79 4.88 -11.41 0.74 18.74 -1.52
