Car 0.00 3 2.79 1140.00 473.00 1355.00 552.00 1.73 2.10 4.44 10.09 0.99 30.27 3.11
Car 0.00 3 2.66 1296.00 488.00 1643.00 594.00 1.44 2.12 4.30 9.89 1.06 19.55 3.13
Car 0.00 3 2.49 1465.00 455.00 2075.00 660.00 1.96 2.15 5.09 10.15 0.90 13.80 3.12
Car 0.00 2 -3.86 1551.00 426.00 2411.00 687.00 1.91 2.50 5.23 9.74 0.68 11.04 -3.14
Car 0.00 0 1.67 701.00 453.00 780.00 517.00 2.18 2.33 5.55 -3.12 0.53 46.67 1.60
Car 0.00 3 -3.56 1272.00 467.00 1595.00 587.00 1.90 2.13 4.63 10.59 0.97 22.16 -3.12
Car 0.00 3 -3.64 1373.00 455.00 1887.00 625.00 1.96 2.44 5.20 10.45 0.86 16.73 -3.08
Car 0.00 3 -3.52 1197.00 475.00 1474.00 565.00 1.60 2.15 4.61 10.04 0.96 25.01 -3.14
Car 0.00 3 -0.25 1092.00 460.00 1290.00 536.00 1.98 2.40 4.94 10.31 0.78 35.80 0.03
Car 0.00 3 -0.37 1172.00 478.00 1417.00 557.00 1.55 2.04 4.59 10.24 1.01 27.66 -0.02
