Car 0.00 3 3.04 891.00 475.00 984.00 504.00 1.33 1.91 4.35 5.95 -0.10 62.50 3.13
Car 0.00 3 2.96 945.00 463.00 1148.00 545.00 1.75 2.04 4.30 5.29 0.26 29.50 3.13
Car 0.00 0 2.91 973.00 460.00 1253.00 561.00 1.72 2.23 4.75 5.52 0.33 24.10 3.14
Car 0.00 3 -0.44 1310.00 482.00 1486.00 547.00 1.57 1.84 3.80 15.43 0.59 33.73 -0.01
Car 0.00 1 -0.45 1338.00 472.00 1553.00 551.00 1.79 2.06 4.23 15.47 0.47 31.31 0.01
Car 0.00 1 -0.60 1475.00 483.00 1788.00 574.00 1.53 2.12 4.55 15.36 0.66 24.05 -0.03
Car 0.00 2 -0.05 914.00 463.00 1061.00 517.00 1.68 2.04 4.84 5.79 -0.08 43.34 0.09
Car 0.00 3 -3.21 920.00 472.00 1073.00 522.00 1.49 2.02 4.71 5.76 0.16 40.91 -3.07
Car 0.00 3 -3.30 935.00 471.00 1105.00 528.00 1.50 1.96 4.56 5.80 0.21 36.54 -3.14
Car 0.00 2 -3.72 1591.00 480.00 1742.00 525.00 1.51 1.96 4.21 31.43 0.40 46.89 -3.13
