Car 0.00 3 1.16 1294.00 442.00 1401.00 500.00 2.00 1.87 4.84 19.51 0.07 47.20 1.55
Car 0.00 0 -1.48 825.00 457.00 988.00 586.00 1.67 1.95 5.03 1.37 0.71 19.17 -1.41
Car 0.00 0 1.19 1292.00 449.00 1387.00 505.00 1.69 1.48 3.83 16.56 0.25 40.61 1.57
Car 0.00 2 1.65 687.00 474.00 727.00 514.00 2.20 1.93 3.92 -6.95 1.39 73.02 1.56
Car 0.00 3 -1.66 949.00 476.00 990.00 506.00 1.59 1.83 4.69 7.88 1.16 69.40 -1.54
Car 0.00 3 1.27 1152.00 458.00 1249.00 515.00 1.96 2.00 4.97 13.76 0.62 46.39 1.56
Car 0.00 3 1.23 1224.00 445.00 1329.00 503.00 2.00 2.00 5.07 16.52 0.17 46.29 1.57
Car 0.00 3 1.64 700.00 468.00 739.00 510.00 2.44 2.06 4.39 -6.60 1.17 77.73 1.56
Car 0.00 2 1.05 1436.00 438.00 1572.00 503.00 1.92 1.80 4.44 21.60 0.05 40.15 1.54
Car 0.00 0 -1.69 1018.00 474.00 1091.00 534.00 1.58 1.60 3.48 6.38 0.94 35.38 -1.51
Car 0.00 3 -1.68 965.00 469.00 1025.00 517.00 1.88 1.92 4.80 6.99 0.94 52.35 -1.54
Car 0.00 3 2.06 49.00 510.00 350.00 651.00 1.63 1.83 4.70 -8.78 1.47 18.09 1.61
Car 0.00 3 1.74 655.00 477.00 715.00 522.00 2.00 1.97 5.18 -6.76 1.40 60.20 1.63
Car 0.00 0 -2.41 1509.00 401.00 5383.00 1748.00 1.53 1.89 4.76 4.35 0.74 3.85 -1.56
Car 0.00 3 -1.69 978.00 466.00 1044.00 520.00 1.83 1.82 4.53 6.73 0.84 46.15 -1.54
Car 0.00 0 -2.09 1459.00 442.00 1706.00 553.00 1.67 1.72 4.18 12.84 0.46 21.63 -1.56
Car 0.00 0 2.36 42.00 496.00 543.00 697.00 1.54 1.76 4.70 -5.03 1.10 12.65 1.98
Car 0.00 3 -1.64 939.00 469.00 972.00 503.00 1.96 1.63 3.87 7.71 0.95 75.38 -1.54
Car 0.00 3 1.97 294.00 475.00 492.00 587.00 1.96 1.92 4.79 -8.40 1.12 24.80 1.64
Car 0.00 2 -1.76 989.00 464.00 1081.00 527.00 1.86 1.99 4.93 6.62 0.81 40.31 -1.59
