Car 0.00 0 -1.31 348.00 469.00 626.00 654.00 1.66 1.82 4.13 -3.41 0.87 13.44 -1.56
Car 0.00 3 -1.58 788.00 456.00 952.00 611.00 1.86 1.96 4.59 0.57 0.81 17.45 -1.55
Car 0.00 3 0.94 662.00 484.00 798.00 544.00 1.90 2.11 4.95 -3.37 1.49 43.02 0.86
Car 0.00 3 2.62 1442.00 441.00 1614.00 495.00 1.81 2.19 4.87 24.83 -0.04 44.47 3.13
Car 0.00 0 -1.59 710.00 472.00 1045.00 713.00 1.47 2.06 4.81 0.34 0.81 10.18 -1.56
Car 0.00 0 -1.47 594.00 470.00 740.00 586.00 1.88 2.15 4.80 -2.80 1.01 23.07 -1.59
Car 0.00 3 -3.52 1399.00 444.00 1519.00 486.00 1.87 1.98 4.53 29.34 -0.22 58.25 -3.05
Car 0.00 0 0.19 995.00 464.00 1178.00 525.00 1.67 2.21 4.85 7.54 0.74 36.31 0.39
Car 0.00 0 -1.74 1366.00 435.00 1863.00 763.00 1.75 2.15 4.67 5.32 0.74 9.27 -1.22
Car 0.00 0 1.33 153.00 505.00 304.00 583.00 1.76 2.28 4.92 -15.06 1.77 31.41 0.88
Car 0.00 3 2.94 372.00 508.00 488.00 546.00 1.56 2.37 4.55 -17.76 2.53 56.12 2.63
