Car 0.00 3 -3.61 1317.00 476.00 1734.00 622.00 1.86 1.99 4.51 9.30 1.03 16.99 -3.11
Car 0.00 3 0.37 398.00 495.00 536.00 551.00 1.55 1.58 3.50 -10.35 1.52 36.17 0.09
Car 0.00 3 3.63 -91.00 478.00 290.00 603.00 1.82 1.91 4.78 -11.15 1.05 19.49 3.11
Car 0.00 3 -0.30 1115.00 465.00 1299.00 548.00 2.00 1.98 3.95 9.38 0.89 31.10 -0.01
Car 0.00 3 0.43 271.00 485.00 479.00 561.00 1.81 2.11 4.34 -11.07 1.28 30.93 0.09
Car 0.00 3 2.81 1137.00 495.00 1367.00 572.00 1.65 1.93 4.52 9.53 1.40 28.31 3.13
Car 0.00 3 0.22 436.00 475.00 601.00 543.00 2.18 2.60 4.85 -10.14 1.28 41.61 -0.02
Car 0.00 3 0.60 -220.00 484.00 196.00 618.00 1.67 1.77 4.38 -11.04 1.04 16.71 0.02
Car 0.00 3 0.68 -456.00 492.00 109.00 647.00 1.58 2.15 4.62 -10.97 1.05 14.04 0.02
Car 0.00 3 0.40 341.00 488.00 507.00 553.00 1.68 1.81 3.82 -10.74 1.33 33.56 0.09
Car 0.00 3 0.20 419.00 475.00 581.00 548.00 2.17 2.06 4.55 -10.05 1.27 38.83 -0.05
Car 0.00 3 0.49 71.00 469.00 414.00 586.00 2.00 2.15 5.17 -10.36 1.01 22.52 0.06
